[RESULT]
회차,상 승,상 승,상 승,상 승,하 강,하 강,하 강,하 강,     
회차,Torque (L),Kurtosis (L),Torque (R),Kurtosis (R),Torque (L),Kurtosis (L),Torque (R),Kurtosis (R),결 과
2,0.968,2.637,0.897,2.359,-0.033,2.021,-0.101,3.487,OK

[TQ_DATA]
No,L-UP,R-UP,L-DN,R-DN
1,0.361328125,0.341796875,0.029296875,0.068359375
2,0.322265625,0.2734375,-0.107421875,-0.009765625
3,0.380859375,0.458984375,-0.05859375,0.2734375
4,0.419921875,0.400390625,-0.01953125,0.068359375
5,0.283203125,0.595703125,-0.15625,0.01953125
6,0.41015625,0.380859375,-0.078125,-0.2734375
7,0.1171875,0.380859375,0.01953125,-0.048828125
8,0.380859375,0.56640625,0.15625,-0.01953125
9,0.37109375,0.37109375,-0.01953125,-0.263671875
10,0.234375,0.3515625,-0.078125,-0.05859375
11,0.390625,0.576171875,0.146484375,-0.009765625
12,0.390625,0.400390625,0,-0.263671875
13,0.458984375,0.37109375,-0.01953125,-0.048828125
14,0.4296875,0.244140625,-0.107421875,-0.0390625
15,0.3515625,0.3515625,-0.01953125,0.146484375
16,0.556640625,0.400390625,-0.068359375,-0.146484375
17,0.33203125,0.224609375,0.01953125,0
18,0.400390625,0.322265625,0.029296875,0.078125
19,0.5859375,0.341796875,0.009765625,-0.068359375
20,0.361328125,0.400390625,-0.068359375,-0.078125
21,0.3515625,0.33203125,0.0390625,-0.068359375
22,0.302734375,0.33203125,0.029296875,-0.0390625
23,0.41015625,0.400390625,0.068359375,-0.029296875
24,0.380859375,0.390625,0,-0.087890625
25,0.234375,0.390625,-0.068359375,0
26,0.29296875,0.478515625,0.078125,-0.048828125
27,0.361328125,0.400390625,0.01953125,-0.126953125
28,0.419921875,0.380859375,-0.0390625,-0.087890625
29,0.33203125,0.3125,-0.029296875,-0.0390625
30,0.322265625,0.33203125,0.009765625,-0.01953125
31,0.439453125,0.4296875,-0.01953125,-0.0390625
32,0.37109375,0.3515625,0.0390625,-0.0390625
33,0.37109375,0.322265625,-0.029296875,-0.01953125
34,0.41015625,0.37109375,0.01953125,-0.048828125
35,0.419921875,0.341796875,-0.01953125,0.068359375
36,0.46875,0.33203125,0.1953125,-0.068359375
37,0.37109375,0.361328125,-0.01953125,-0.048828125
38,0.37109375,0.3515625,-0.087890625,0.078125
39,0.458984375,0.361328125,0.126953125,0.01953125
40,0.3515625,0.48828125,0.01953125,-0.029296875
41,0.37109375,0.3125,-0.078125,-0.166015625
42,0.205078125,0.400390625,0.048828125,0
43,0.390625,0.44921875,0.078125,-0.078125
44,0.37109375,0.390625,-0.01953125,-0.1171875
45,0.185546875,0.37109375,0.009765625,-0.01953125
46,0.302734375,0.390625,0.087890625,-0.244140625
47,0.44921875,0.41015625,0.048828125,-0.126953125
48,0.46875,0.3515625,-0.0390625,0.009765625
49,0.361328125,0.205078125,-0.17578125,-0.205078125
50,0.37109375,0.390625,-0.01953125,0.107421875
51,0.52734375,0.380859375,-0.01953125,-0.146484375
52,0.400390625,0.283203125,-0.224609375,-0.205078125
53,0.3515625,0.390625,0.048828125,0.1171875
54,0.478515625,0.380859375,0.01953125,-0.0390625
55,0.361328125,0.44921875,-0.322265625,-0.0390625
56,0.400390625,0.37109375,0.0390625,-0.17578125
57,0.322265625,0.283203125,0.01953125,0.01953125
58,0.41015625,0.41015625,0.166015625,-0.185546875
59,0.244140625,0.341796875,-0.01953125,-0.15625
60,0.37109375,0.29296875,0.126953125,0.009765625
61,0.380859375,0.44921875,0.15625,0.107421875
62,0.46875,0.263671875,-0.01953125,-0.13671875
63,0.37109375,0.439453125,-0.224609375,0.009765625
64,0.41015625,0.33203125,-0.15625,0.048828125
65,0.654296875,0.400390625,0.01953125,-0.0390625
66,0.380859375,0.44921875,-0.15625,-0.068359375
67,0.37109375,0.341796875,-0.13671875,0.087890625
68,0.224609375,0.400390625,-0.048828125,0.09765625
69,0.341796875,0.576171875,0.244140625,-0.029296875
70,0.37109375,0.400390625,-0.107421875,-0.1171875
71,0.322265625,0.380859375,-0.0390625,-0.068359375
72,0.3515625,0.556640625,0.224609375,-0.048828125
73,0.361328125,0.3515625,0.05859375,0.029296875
74,0.302734375,0.33203125,0.009765625,-0.048828125
75,0.341796875,0.244140625,0.205078125,-0.0390625
76,0.341796875,0.3515625,0.0390625,0.029296875
77,0.46875,0.3515625,0.01953125,-0.029296875
78,0.341796875,0.185546875,-0.17578125,-0.009765625
79,0.380859375,0.380859375,-0.029296875,-0.009765625
80,0.498046875,0.361328125,-0.009765625,-0.048828125
81,0.400390625,0.17578125,-0.166015625,-0.0390625
82,0.37109375,0.41015625,-0.078125,-0.009765625
83,0.2734375,0.390625,0.01953125,-0.0390625
84,0.5078125,0.556640625,0.17578125,0.009765625
85,0.400390625,0.37109375,0.009765625,-0.107421875
86,0.25390625,0.41015625,0,-0.009765625
87,0.361328125,0.478515625,0.029296875,0.068359375
88,0.302734375,0.3515625,-0.009765625,-0.0390625
89,0.224609375,0.4296875,0.048828125,0
90,0.361328125,0.283203125,0.126953125,-0.0390625
91,0.41015625,0.361328125,0,0
92,0.4296875,0.4296875,-0.0390625,0
93,0.400390625,0.25390625,-0.01953125,-0.09765625
94,0.439453125,0.361328125,-0.068359375,0.009765625
95,0.439453125,0.283203125,0,0.029296875
96,0.390625,0.3125,0.009765625,-0.029296875
97,0.341796875,0.29296875,-0.05859375,-0.126953125
98,0.380859375,0.29296875,0.009765625,-0.078125
99,0.361328125,0.419921875,-0.05859375,-0.048828125
100,0.41015625,0.380859375,-0.05859375,-0.029296875
101,0.41015625,0.3515625,-0.0390625,-0.05859375
102,0.283203125,0.37109375,-0.009765625,0.009765625
103,0.107421875,0.341796875,0,-0.01953125
104,0.41015625,0.390625,0.01953125,-0.0390625
105,0.3125,0.3125,0,0
106,0.224609375,0.439453125,0.009765625,-0.0390625
107,0.341796875,0.4296875,-0.048828125,-0.009765625
108,0.44921875,0.458984375,0.048828125,-0.0390625
109,0.1953125,0.341796875,0.087890625,-0.068359375
110,0.37109375,0.29296875,-0.1171875,0.09765625
111,0.3515625,0.41015625,0.029296875,-0.009765625
112,0.517578125,0.361328125,0.048828125,-0.0390625
113,0.3125,0.341796875,-0.0390625,-0.0390625
114,0.390625,0.3125,0.029296875,-0.029296875
115,0.537109375,0.078125,0.087890625,0
116,0.478515625,0.302734375,0.078125,0.048828125
117,0.361328125,0.419921875,0,0.01953125
118,0.2734375,0.224609375,-0.09765625,0
119,0.361328125,0.44921875,-0.068359375,-0.107421875
120,0.37109375,0.33203125,-0.009765625,-0.087890625
121,0.2734375,0.29296875,-0.126953125,-0.01953125
122,0.400390625,0.41015625,0,-0.2734375
123,0.458984375,0.361328125,0.009765625,-0.078125
124,0.263671875,0.498046875,0.09765625,-0.029296875
125,0.458984375,0.33203125,-0.029296875,-0.05859375
126,0.498046875,0.322265625,-0.01953125,0.078125
127,0.478515625,0.380859375,0.009765625,-0.01953125
128,0.29296875,0.400390625,-0.068359375,-0.05859375
129,0.4296875,0.37109375,-0.048828125,0
130,0.46875,0.380859375,0.048828125,0.009765625
131,0.390625,0.361328125,-0.01953125,0.01953125
132,0.33203125,0.361328125,0.0390625,0.0390625
133,0.3515625,0.283203125,-0.05859375,-0.05859375
134,0.283203125,0.390625,0.029296875,-0.05859375
135,0.3515625,0.341796875,0.029296875,-0.078125
136,0.33203125,0.37109375,-0.009765625,0.0390625
137,0.400390625,0.37109375,-0.009765625,-0.0390625
138,0.498046875,0.33203125,-0.05859375,-0.078125
139,0.380859375,0.3125,-0.029296875,0.068359375
140,0.380859375,0.302734375,0,-0.009765625
141,0.48828125,0.33203125,-0.009765625,-0.05859375
142,0.3125,0.37109375,-0.0390625,-0.01953125
143,0.33203125,0.361328125,0.05859375,0.0390625
144,0.498046875,0.29296875,-0.048828125,0.009765625
145,0.380859375,0.439453125,-0.009765625,0
146,0.361328125,0.400390625,-0.009765625,-0.05859375
147,0.263671875,0.37109375,-0.009765625,-0.126953125
148,0.419921875,0.400390625,-0.01953125,-0.048828125
149,0.3125,0.361328125,-0.01953125,-0.09765625
150,0.37109375,0.37109375,-0.048828125,-0.029296875
151,0.341796875,0.37109375,0,-0.029296875
152,0.46875,0.361328125,-0.01953125,-0.05859375
153,0.517578125,0.3515625,-0.0390625,0
154,0.37109375,0.361328125,-0.068359375,0
155,0.478515625,0.439453125,-0.01953125,-0.048828125
156,0.458984375,0.302734375,-0.01953125,-0.0390625
157,0.37109375,0.341796875,0.009765625,-0.048828125
158,0.244140625,0.3515625,-0.0390625,0.009765625
159,0.37109375,0.3515625,-0.0390625,-0.0390625
160,0.4296875,0.361328125,0,-0.1953125
161,0.341796875,0.390625,0.029296875,-0.009765625
162,0.29296875,0.341796875,0.01953125,-0.01953125
163,0.390625,0.33203125,-0.029296875,-0.234375
164,0.361328125,0.41015625,-0.009765625,-0.0390625
165,0.361328125,0.341796875,0.01953125,0.146484375
166,0.41015625,0.33203125,-0.029296875,0.15625
167,0.419921875,0.361328125,-0.05859375,-0.0390625
168,0.3515625,0.322265625,-0.029296875,-0.029296875
169,0.341796875,0.37109375,-0.01953125,0.146484375
170,0.439453125,0.341796875,-0.029296875,-0.048828125
171,0.380859375,0.29296875,0.01953125,-0.224609375
172,0.390625,0.3515625,-0.05859375,0.126953125
173,0.3515625,0.361328125,0,0.029296875
174,0.400390625,0.3515625,0.166015625,-0.25390625
175,0.390625,0.37109375,-0.009765625,-0.126953125
176,0.41015625,0.361328125,0,-0.0390625
177,0.46875,0.37109375,0.087890625,-0.205078125
178,0.458984375,0.341796875,0,-0.205078125
179,0.322265625,0.380859375,-0.087890625,0
180,0.3515625,0.390625,0.205078125,0.146484375
181,0.458984375,0.3125,-0.029296875,-0.01953125
182,0.33203125,0.33203125,-0.05859375,0.009765625
183,0.380859375,0.37109375,-0.205078125,0.087890625
184,0.46875,0.390625,0.0390625,-0.0390625
185,0.361328125,0.478515625,-0.15625,-0.0390625
186,0.33203125,0.400390625,-0.09765625,-0.15625
187,0.283203125,0.390625,-0.107421875,0.029296875
188,0.3515625,0.458984375,0.17578125,0.029296875
189,0.33203125,0.302734375,-0.048828125,-0.166015625
190,0.205078125,0.361328125,0,-0.05859375
191,0.341796875,0.244140625,0.107421875,-0.05859375
192,0.37109375,0.33203125,-0.009765625,-0.17578125
193,0.546875,0.400390625,-0.01953125,-0.048828125
194,0.41015625,0.3125,-0.126953125,-0.029296875
195,0.3515625,0.3125,-0.009765625,0.05859375
196,0.595703125,0.419921875,-0.009765625,0
197,0.37109375,0.234375,-0.146484375,0.009765625
198,0.41015625,0.361328125,0.009765625,0.05859375
199,0.48828125,0.3515625,-0.05859375,-0.078125
200,0.341796875,0.419921875,-0.078125,-0.09765625
201,0.390625,0.361328125,-0.009765625,-0.048828125
202,0.283203125,0.302734375,0.009765625,-0.0390625
203,0.3125,0.439453125,0.068359375,0.05859375
204,0.33203125,0.37109375,0.01953125,-0.029296875
205,0.25390625,0.439453125,0.009765625,0.009765625
206,0.400390625,0.478515625,0.029296875,-0.0390625
207,0.3125,0.400390625,0,0.029296875
208,0.3515625,0.41015625,-0.029296875,-0.078125
209,0.37109375,0.33203125,0,0.029296875
210,0.3515625,0.37109375,-0.0390625,-0.01953125
211,0.322265625,0.37109375,0.01953125,-0.029296875
212,0.390625,0.29296875,-0.078125,-0.009765625
213,0.419921875,0.341796875,-0.01953125,-0.15625
214,0.3515625,0.283203125,0.048828125,-0.009765625
215,0.41015625,0.41015625,-0.029296875,-0.0390625
216,0.478515625,0.3515625,0.009765625,-0.048828125
217,0.380859375,0.234375,0.048828125,-0.048828125
218,0.380859375,0.25390625,-0.048828125,-0.009765625
219,0.390625,0.41015625,0.01953125,-0.029296875
220,0.380859375,0.546875,0.048828125,-0.048828125
221,0.341796875,0.37109375,-0.01953125,-0.13671875
222,0.41015625,0.400390625,0.01953125,-0.01953125
223,0.361328125,0.48828125,-0.029296875,-0.087890625
224,0.33203125,0.361328125,-0.009765625,-0.13671875
225,0.3125,0.37109375,0.01953125,0.0390625
226,0.3125,0.498046875,0.068359375,-0.0390625
227,0.4296875,0.419921875,0.01953125,-0.078125
228,0.48828125,0.3515625,-0.146484375,0.009765625
229,0.380859375,0.25390625,-0.107421875,-0.107421875
230,0.37109375,0.4296875,-0.009765625,0.05859375
231,0.458984375,0.361328125,-0.146484375,-0.05859375
232,0.37109375,0.224609375,-0.05859375,-0.048828125
233,0.3515625,0.37109375,-0.009765625,0.09765625
234,0.5078125,0.52734375,-0.029296875,-0.078125
235,0.33203125,0.380859375,-0.087890625,-0.2734375
236,0.361328125,0.302734375,0.05859375,-0.15625
237,0.224609375,0.5078125,0.1171875,0.009765625
238,0.400390625,0.4296875,0.126953125,-0.234375
239,0.33203125,0.390625,0.068359375,-0.166015625
240,0.2734375,0.1953125,-0.0390625,0.05859375
241,0.44921875,0.419921875,0.166015625,-0.01953125
242,0.419921875,0.3125,-0.01953125,-0.09765625
243,0.400390625,0.29296875,-0.029296875,-0.029296875
244,0.419921875,0.380859375,-0.107421875,-0.09765625
245,0.390625,0.390625,-0.029296875,0.09765625
246,0.419921875,0.185546875,-0.068359375,-0.05859375
247,0.380859375,0.37109375,-0.107421875,-0.029296875
248,0.29296875,0.380859375,0.01953125,0.15625
249,0.419921875,0.517578125,0.009765625,-0.048828125
250,0.37109375,0.33203125,-0.09765625,-0.224609375
251,0.263671875,0.41015625,-0.05859375,-0.1171875
252,0.341796875,0.458984375,0.087890625,0.009765625
253,0.400390625,0.3125,0.0390625,-0.185546875
254,0.205078125,0.3125,-0.009765625,-0.087890625
255,0.3515625,0.234375,0.13671875,-0.0390625
256,0.361328125,0.380859375,0.048828125,0.029296875
257,0.478515625,0.361328125,0.01953125,-0.087890625
258,0.439453125,0.224609375,-0.1171875,-0.0390625
259,0.37109375,0.37109375,0.087890625,0.13671875
260,0.517578125,0.3125,-0.01953125,0
261,0.2734375,0.21484375,-0.087890625,0.009765625
262,0.390625,0.361328125,0.0390625,0.107421875
263,0.244140625,0.400390625,-0.048828125,-0.009765625
264,0.390625,0.439453125,0.01953125,-0.01953125
265,0.41015625,0.380859375,0.029296875,-0.126953125
266,0.302734375,0.322265625,-0.0390625,-0.078125
267,0.37109375,0.41015625,0.01953125,-0.029296875
268,0.341796875,0.341796875,-0.009765625,-0.126953125
269,0.244140625,0.41015625,-0.029296875,0
270,0.380859375,0.3515625,0.078125,-0.029296875
271,0.341796875,0.361328125,-0.087890625,-0.029296875
272,0.46875,0.33203125,0,0.01953125
273,0.4296875,0.341796875,-0.009765625,-0.029296875
274,0.41015625,0.341796875,-0.029296875,-0.009765625
275,0.458984375,0.341796875,-0.009765625,-0.087890625
276,0.390625,0.361328125,-0.0390625,-0.09765625
277,0.37109375,0.400390625,0.029296875,0.01953125
278,0.361328125,0.33203125,0.05859375,-0.048828125
279,0.380859375,0.380859375,-0.029296875,-0.107421875
280,0.322265625,0.439453125,0,-0.0390625
281,0.3515625,0.283203125,-0.009765625,-0.068359375
282,0.361328125,0.322265625,0.029296875,-0.0390625
283,0.37109375,0.33203125,-0.009765625,-0.029296875
284,0.361328125,0.439453125,-0.078125,-0.078125
285,0.341796875,0.322265625,-0.05859375,0.068359375
286,0.3125,0.41015625,0.009765625,-0.068359375
287,0.37109375,0.41015625,-0.224609375,-0.05859375
288,0.46875,0.341796875,0,0.078125
289,0.3515625,0.33203125,-0.0390625,-0.078125
290,0.341796875,0.244140625,-0.05859375,0.05859375
291,0.380859375,0.37109375,-0.048828125,-0.107421875
292,0.419921875,0.322265625,0,-0.01953125
293,0.341796875,0.21484375,-0.0390625,0.087890625
294,0.400390625,0.341796875,0.009765625,-0.126953125
295,0.458984375,0.361328125,-0.01953125,-0.0390625
296,0.439453125,0.29296875,0.029296875,0.01953125
297,0.400390625,0.390625,-0.0390625,-0.146484375
298,0.3125,0.41015625,0.107421875,-0.048828125
299,0.380859375,0.498046875,0.01953125,0.1171875
300,0.517578125,0.341796875,0.009765625,0.01953125
301,0.3125,0.302734375,-0.087890625,0.01953125
302,0.380859375,0.4296875,0.01953125,0.185546875
303,0.263671875,0.25390625,-0.029296875,0.0390625
304,0.244140625,0.380859375,0.078125,0.01953125
305,0.361328125,0.3125,0.01953125,-0.15625
306,0.244140625,0.3125,0.009765625,-0.029296875
307,0.4296875,0.3515625,0.13671875,-0.009765625
308,0.283203125,0.3125,-0.048828125,-0.17578125
309,0.29296875,0.3515625,0.009765625,-0.009765625
310,0.390625,0.380859375,0.048828125,-0.048828125
311,0.37109375,0.3125,-0.048828125,-0.009765625
312,0.29296875,0.41015625,-0.029296875,-0.009765625
313,0.390625,0.234375,0.01953125,-0.068359375
314,0.3515625,0.4296875,0.01953125,0
315,0.37109375,0.341796875,-0.009765625,0
316,0.4296875,0.3515625,-0.048828125,-0.048828125
317,0.33203125,0.263671875,0.1171875,-0.01953125
318,0.390625,0.380859375,0.01953125,-0.09765625
319,0.361328125,0.3125,-0.1171875,0.01953125
320,0.390625,0.390625,0.048828125,-0.0390625
321,0.361328125,0.341796875,0,-0.048828125
322,0.37109375,0.21484375,-0.107421875,-0.0390625
323,0.3515625,0.380859375,-0.087890625,0.05859375
324,0.41015625,0.37109375,-0.009765625,-0.05859375
325,0.29296875,0.5078125,-0.1171875,-0.029296875
326,0.44921875,0.380859375,0,0.009765625
327,0.302734375,0.3515625,-0.009765625,-0.068359375
328,0.33203125,0.46875,0.029296875,-0.048828125
329,0.390625,0.33203125,-0.029296875,-0.01953125
330,0.419921875,0.3125,0.0390625,-0.009765625
331,0.380859375,0.439453125,0.126953125,0.048828125
332,0.390625,0.3515625,0.029296875,-0.0390625
333,0.419921875,0.283203125,-0.146484375,-0.0390625
334,0.37109375,0.244140625,0.01953125,-0.0390625
335,0.3515625,0.234375,-0.0390625,-0.05859375
336,0.390625,0.263671875,-0.146484375,-0.029296875
337,0.380859375,0.283203125,-0.029296875,-0.09765625
338,0.25390625,0.400390625,-0.068359375,-0.048828125
339,0.419921875,0.46875,0.1953125,-0.048828125
340,0.400390625,0.380859375,-0.0390625,-0.009765625
341,0.302734375,0.341796875,0.01953125,0.01953125
342,0.400390625,0.478515625,0.205078125,-0.05859375
343,0.361328125,0.380859375,0.029296875,-0.048828125
344,0.25390625,0.390625,-0.1171875,0.01953125
345,0.25390625,0.283203125,0.13671875,0.009765625
346,0.322265625,0.4296875,0.029296875,0.107421875
347,0.4296875,0.37109375,0,0.029296875
348,0.322265625,0.224609375,-0.166015625,-0.029296875
349,0.302734375,0.3125,0.087890625,0.05859375
350,0.419921875,0.5078125,-0.146484375,-0.068359375
351,0.302734375,0.244140625,-0.205078125,0.009765625
352,0.390625,0.419921875,0.048828125,0.1171875
353,0.3515625,0.517578125,0.21484375,-0.029296875
354,0.322265625,0.44921875,0.107421875,0.01953125
355,0.37109375,0.341796875,0.009765625,-0.1171875
356,0.322265625,0.498046875,0.13671875,0.029296875
357,0.4296875,0.4296875,0.107421875,-0.0390625
358,0.380859375,0.341796875,-0.009765625,-0.263671875
359,0.361328125,0.3125,-0.283203125,-0.166015625
360,0.41015625,0.341796875,0.15625,0.126953125
361,0.341796875,0.322265625,-0.01953125,0.107421875
362,0.3515625,0.224609375,-0.205078125,-0.078125
363,0.37109375,0.41015625,-0.068359375,0.107421875
364,0.37109375,0.380859375,0.029296875,0.048828125
365,0.3515625,0.546875,-0.185546875,-0.009765625
366,0.41015625,0.37109375,-0.029296875,-0.3515625
367,0.224609375,0.400390625,-0.009765625,0.009765625
368,0.41015625,0.60546875,0.126953125,-0.05859375
369,0.390625,0.341796875,-0.05859375,-0.25390625
370,0.224609375,0.380859375,-0.0390625,-0.05859375
371,0.400390625,0.60546875,0.126953125,-0.01953125
372,0.361328125,0.33203125,-0.01953125,-0.322265625
373,0.5078125,0.37109375,-0.009765625,-0.078125
374,0.380859375,0.224609375,-0.087890625,-0.048828125
375,0.400390625,0.33203125,0.068359375,0.078125
376,0.546875,0.4296875,0,-0.029296875
377,0.361328125,0.224609375,-0.107421875,-0.0390625
378,0.3515625,0.33203125,0.01953125,0.13671875
379,0.5859375,0.37109375,0.05859375,-0.01953125
380,0.3125,0.44921875,-0.1171875,-0.029296875
381,0.458984375,0.3125,0.01953125,-0.05859375
382,0.3125,0.3125,-0.01953125,-0.05859375
383,0.361328125,0.41015625,0.05859375,-0.048828125
384,0.41015625,0.37109375,-0.048828125,-0.078125
385,0.33203125,0.390625,0,-0.087890625
386,0.390625,0.48828125,-0.009765625,-0.009765625
387,0.3125,0.37109375,-0.048828125,-0.078125
388,0.37109375,0.37109375,-0.009765625,-0.078125
389,0.3515625,0.41015625,-0.05859375,-0.05859375
390,0.25390625,0.33203125,0,-0.048828125
391,0.3125,0.3515625,0.009765625,-0.009765625
392,0.390625,0.361328125,-0.048828125,0.0390625
393,0.60546875,0.33203125,-0.029296875,-0.078125
394,0.400390625,0.302734375,0.009765625,-0.048828125
395,0.361328125,0.33203125,-0.029296875,-0.01953125
396,0.458984375,0.37109375,-0.0390625,-0.126953125
397,0.380859375,0.283203125,-0.01953125,0
398,0.3515625,0.361328125,0.009765625,-0.048828125
399,0.5078125,0.33203125,-0.009765625,0.0390625
400,0.4296875,0.46875,-0.009765625,-0.068359375
401,0.341796875,0.341796875,0.01953125,-0.05859375
402,0.3125,0.361328125,0.048828125,0.0390625
403,0.361328125,0.498046875,0.107421875,-0.0390625
404,0.380859375,0.361328125,0.029296875,-0.05859375
405,0.2734375,0.380859375,0.0390625,-0.05859375
406,0.41015625,0.48828125,0.05859375,-0.107421875
407,0.3515625,0.361328125,-0.01953125,0
408,0.478515625,0.37109375,-0.048828125,0.029296875
409,0.341796875,0.21484375,-0.05859375,-0.205078125
410,0.419921875,0.380859375,-0.009765625,0.048828125
411,0.400390625,0.302734375,-0.029296875,-0.068359375
412,0.322265625,0.234375,-0.048828125,-0.205078125
413,0.4296875,0.361328125,0.0390625,0.048828125
414,0.478515625,0.341796875,0.0390625,-0.078125
415,0.341796875,0.478515625,-0.1171875,-0.078125
416,0.400390625,0.361328125,0.01953125,-0.15625
417,0.380859375,0.322265625,0.146484375,-0.068359375
418,0.400390625,0.478515625,0.166015625,-0.09765625
419,0.439453125,0.33203125,-0.068359375,-0.09765625
420,0.234375,0.458984375,0.01953125,0.029296875
421,0.419921875,0.44921875,0.05859375,0.15625
422,0.44921875,0.33203125,-0.048828125,-0.048828125
423,0.41015625,0.361328125,-0.244140625,0.05859375
424,0.439453125,0.361328125,-0.17578125,0.15625
425,0.419921875,0.4296875,-0.01953125,0.029296875
426,0.400390625,0.419921875,-0.1953125,-0.05859375
427,0.361328125,0.263671875,-0.166015625,0.009765625
428,0.224609375,0.380859375,0.0390625,-0.029296875
429,0.4296875,0.595703125,0.146484375,-0.078125
430,0.341796875,0.361328125,-0.146484375,-0.087890625
431,0.17578125,0.3515625,-0.009765625,-0.05859375
432,0.41015625,0.5859375,0.15625,-0.048828125
433,0.41015625,0.37109375,0.09765625,-0.126953125
434,0.29296875,0.361328125,-0.05859375,-0.078125
435,0.390625,0.166015625,0.185546875,-0.009765625
436,0.37109375,0.322265625,0.05859375,0.029296875
437,0.537109375,0.37109375,0,-0.107421875
438,0.341796875,0.224609375,-0.234375,0.0390625
439,0.4296875,0.361328125,-0.078125,0.009765625
440,0.556640625,0.41015625,-0.05859375,-0.029296875
441,0.390625,0.205078125,-0.263671875,-0.01953125
442,0.380859375,0.41015625,-0.01953125,0.0390625
443,0.302734375,0.3515625,0.009765625,-0.087890625
444,0.37109375,0.5859375,0.05859375,-0.029296875
445,0.37109375,0.283203125,-0.087890625,-0.048828125
446,0.33203125,0.29296875,-0.009765625,0
447,0.341796875,0.44921875,0.078125,-0.05859375
448,0.390625,0.361328125,-0.01953125,-0.029296875
449,0.283203125,0.3515625,0.048828125,-0.09765625
450,0.380859375,0.2734375,0.087890625,-0.05859375
451,0.3515625,0.37109375,0.048828125,-0.048828125
452,0.4296875,0.380859375,-0.029296875,-0.029296875
453,0.37109375,0.263671875,-0.05859375,-0.029296875
454,0.4296875,0.361328125,0.029296875,-0.029296875
455,0.33203125,0.390625,-0.029296875,-0.068359375
456,0.458984375,0.37109375,-0.009765625,-0.01953125
457,0.458984375,0.3515625,-0.029296875,-0.048828125
458,0.41015625,0.46875,0.078125,-0.0390625
459,0.41015625,0.380859375,-0.029296875,0.0390625
460,0.41015625,0.390625,0.0390625,0
461,0.390625,0.419921875,0.068359375,-0.029296875
462,0.322265625,0.322265625,-0.05859375,-0.048828125
463,0.361328125,0.380859375,0.01953125,-0.01953125
464,0.361328125,0.341796875,-0.244140625,-0.01953125
465,0.37109375,0.400390625,0.01953125,0
466,0.361328125,0.3515625,0.01953125,-0.009765625
467,0.37109375,0.302734375,-0.1171875,-0.09765625
468,0.400390625,0.41015625,0.009765625,0.068359375
469,0.400390625,0.341796875,-0.009765625,-0.009765625
470,0.380859375,0.3125,-0.068359375,0.01953125
471,0.341796875,0.41015625,0,-0.13671875
472,0.419921875,0.361328125,-0.048828125,-0.05859375
473,0.400390625,0.41015625,0.15625,0.0390625
474,0.419921875,0.322265625,0.05859375,-0.15625
475,0.390625,0.068359375,0.126953125,0.009765625
476,0.390625,0.322265625,0.21484375,0.05859375
477,0.400390625,0.37109375,0.029296875,-0.166015625
478,0.33203125,0.166015625,-0.126953125,-0.087890625
479,0.3125,0.380859375,-0.0390625,0.1953125
480,0.37109375,0.3515625,0,0.048828125
481,0.322265625,0.283203125,-0.087890625,0
482,0.400390625,0.390625,-0.01953125,0.009765625
483,0.458984375,0.33203125,-0.048828125,0
484,0.33203125,0.458984375,0.107421875,-0.01953125
485,0.48828125,0.400390625,-0.0390625,0.09765625
486,0.419921875,0.302734375,0.01953125,-0.05859375
487,0.46875,0.302734375,0.087890625,0
488,0.3515625,0.37109375,-0.01953125,-0.029296875
489,0.595703125,0.361328125,0.068359375,0
490,0.4296875,0.322265625,0.029296875,-0.0390625
491,0.390625,0.3125,-0.048828125,-0.087890625
492,0.3515625,0.400390625,0.01953125,-0.05859375
493,0.390625,0.419921875,-0.029296875,-0.009765625
494,0.380859375,0.3125,0.01953125,-0.17578125
495,0.33203125,0.3515625,-0.009765625,-0.029296875
496,0.3125,0.361328125,-0.068359375,0.01953125
497,0.4296875,0.361328125,-0.01953125,-0.087890625
498,0.56640625,0.341796875,0.01953125,-0.087890625
499,0.439453125,0.3515625,-0.009765625,-0.048828125
500,0.46875,0.400390625,-0.009765625,0.009765625
501,0.5078125,0.3125,-0.05859375,-0.0390625
502,0.400390625,0.390625,-0.05859375,-0.05859375
503,0.283203125,0.390625,-0.029296875,0.0390625
504,0.341796875,0.3125,0,0.0390625
505,0.400390625,0.390625,-0.009765625,-0.01953125
506,0.2734375,0.390625,0,-0.0390625
507,0.29296875,0.37109375,-0.029296875,-0.048828125
508,0.48828125,0.458984375,0.0390625,-0.0390625
509,0.341796875,0.390625,-0.05859375,-0.05859375
510,0.283203125,0.361328125,0,0
511,0.419921875,0.400390625,0.01953125,0.029296875
512,0.380859375,0.3125,-0.05859375,-0.1171875
513,0.46875,0.322265625,0.029296875,-0.009765625
514,0.3515625,0.29296875,0.01953125,0.0390625
515,0.4296875,0.380859375,0.048828125,0
516,0.44921875,0.37109375,0.01953125,-0.078125
517,0.3125,0.341796875,-0.01953125,0.107421875
518,0.205078125,0.3515625,-0.0390625,0
519,0.46875,0.46875,0.087890625,-0.078125
520,0.341796875,0.439453125,-0.0390625,-0.1171875
521,0.2734375,0.37109375,0.009765625,-0.029296875
522,0.302734375,0.419921875,0.029296875,-0.009765625
523,0.390625,0.341796875,-0.048828125,-0.087890625
524,0.224609375,0.361328125,0.029296875,-0.01953125
525,0.41015625,0.25390625,0.048828125,0.234375
526,0.3515625,0.41015625,-0.05859375,0.068359375
527,0.517578125,0.322265625,-0.01953125,0.029296875
528,0.37109375,0.25390625,-0.17578125,0.1953125
529,0.400390625,0.380859375,-0.009765625,0.107421875
530,0.5078125,0.380859375,-0.048828125,-0.048828125
531,0.3515625,0.2734375,-0.185546875,-0.21484375
532,0.458984375,0.41015625,0.009765625,0.078125
533,0.3125,0.283203125,0.01953125,-0.13671875
534,0.37109375,0.3125,0.166015625,-0.263671875
535,0.380859375,0.37109375,-0.009765625,-0.17578125
536,0.3125,0.33203125,-0.029296875,-0.009765625
537,0.341796875,0.458984375,0.15625,-0.283203125
538,0.546875,0.283203125,-0.05859375,-0.166015625
539,0.361328125,0.33203125,-0.1171875,-0.0390625
540,0.380859375,0.3125,0.1953125,0.1171875
541,0.556640625,0.380859375,-0.01953125,0.126953125
542,0.3515625,0.322265625,-0.05859375,0.05859375
543,0.46875,0.33203125,-0.13671875,0.15625
544,0.48828125,0.33203125,-0.01953125,0.09765625
545,0.517578125,0.33203125,-0.126953125,-0.0390625
546,0.361328125,0.33203125,-0.126953125,-0.1171875
547,0.17578125,0.302734375,0.0390625,0.0390625
548,0.41015625,0.41015625,0.078125,0.0390625
549,0.380859375,0.341796875,0.05859375,-0.234375
550,0.1953125,0.419921875,0,-0.0390625
551,0.400390625,0.4296875,0.068359375,-0.048828125
552,0.3515625,0.322265625,-0.029296875,-0.126953125
553,0.537109375,0.37109375,-0.029296875,-0.05859375
554,0.3515625,0.2734375,-0.068359375,-0.029296875
555,0.33203125,0.419921875,0.09765625,0.078125
556,0.46875,0.380859375,0.068359375,-0.0390625
557,0.400390625,0.25390625,-0.09765625,-0.13671875
558,0.41015625,0.380859375,0.009765625,0.107421875
559,0.439453125,0.380859375,0,-0.068359375
560,0.3515625,0.390625,-0.15625,-0.01953125
561,0.341796875,0.380859375,0.009765625,-0.05859375
562,0.263671875,0.3515625,-0.009765625,-0.01953125
563,0.37109375,0.458984375,-0.009765625,-0.029296875
564,0.46875,0.400390625,0,-0.087890625
565,0.33203125,0.419921875,-0.0390625,-0.0390625
566,0.3515625,0.37109375,0.029296875,-0.09765625
567,0.33203125,0.322265625,0.029296875,-0.01953125
568,0.361328125,0.44921875,0.1171875,-0.01953125
569,0.263671875,0.37109375,0.01953125,0
570,0.3125,0.361328125,0,-0.087890625
571,0.419921875,0.458984375,-0.048828125,0.01953125
572,0.3515625,0.33203125,-0.01953125,-0.0390625
573,0.380859375,0.33203125,0.05859375,-0.078125
574,0.400390625,0.29296875,0.009765625,-0.029296875
575,0.41015625,0.322265625,0.029296875,-0.029296875
576,0.48828125,0.29296875,0.048828125,-0.05859375
577,0.33203125,0.361328125,0.17578125,-0.078125
578,0.3515625,0.322265625,0.009765625,-0.107421875
579,0.478515625,0.44921875,-0.01953125,-0.0390625
580,0.37109375,0.44921875,-0.0390625,-0.078125
581,0.3125,0.390625,0.029296875,-0.048828125
582,0.13671875,0.380859375,0.009765625,-0.009765625
583,0.341796875,0.419921875,0.029296875,-0.09765625
584,0.302734375,0.341796875,-0.029296875,-0.05859375
585,0.166015625,0.322265625,-0.05859375,-0.0390625
586,0.3125,0.517578125,-0.01953125,-0.107421875
587,0.361328125,0.41015625,0,-0.087890625
588,0.546875,0.419921875,-0.25390625,-0.009765625
589,0.41015625,0.25390625,0.15625,-0.01953125
590,0.400390625,0.400390625,-0.05859375,0
591,0.5078125,0.341796875,-0.146484375,-0.068359375
592,0.33203125,0.283203125,-0.009765625,-0.01953125
593,0.37109375,0.390625,0.048828125,-0.05859375
594,0.64453125,0.498046875,0,-0.05859375
595,0.341796875,0.380859375,0.068359375,-0.13671875
596,0.390625,0.390625,0.05859375,-0.1171875
597,0.224609375,0.60546875,0.244140625,-0.13671875
598,0.46875,0.3515625,0.0390625,-0.15625
599,0.361328125,0.37109375,-0.01953125,-0.126953125
600,0.166015625,0.126953125,0.009765625,0
601,0.390625,0.390625,-0.009765625,0.078125
602,0.5078125,0.322265625,-0.048828125,-0.078125
603,0.4296875,0.087890625,-0.087890625,-0.01953125
604,0.4296875,0.37109375,-0.087890625,0.05859375
605,0.400390625,0.341796875,-0.1171875,0.078125
606,0.458984375,0.166015625,0,-0.0390625
607,0.37109375,0.322265625,0.048828125,0.146484375
608,0.263671875,0.400390625,0,0.029296875
609,0.439453125,0.390625,0.087890625,-0.048828125
610,0.341796875,0.3125,0,-0.185546875
611,0.2734375,0.4296875,0,-0.13671875
612,0.390625,0.478515625,0.146484375,-0.0390625
613,0.37109375,0.361328125,0.087890625,-0.1953125
614,0.13671875,0.341796875,0.0390625,-0.029296875
615,0.3125,0.234375,0.087890625,-0.0390625
616,0.419921875,0.37109375,-0.048828125,0.1953125
617,0.5078125,0.390625,0,-0.126953125
618,0.37109375,0.224609375,-0.09765625,-0.009765625
619,0.361328125,0.3515625,0,0.078125
620,0.44921875,0.3515625,-0.029296875,-0.01953125
621,0.322265625,0.185546875,-0.15625,-0.009765625
622,0.41015625,0.380859375,0.009765625,0.13671875
623,0.1953125,0.33203125,-0.009765625,0.05859375
624,0.3515625,0.400390625,0.01953125,-0.01953125
625,0.439453125,0.41015625,0,-0.09765625
626,0.244140625,0.234375,-0.0390625,-0.048828125
627,0.400390625,0.4296875,0.009765625,-0.009765625
628,0.46875,0.4296875,-0.029296875,-0.078125
629,0.1953125,0.283203125,-0.009765625,0.0390625
630,0.41015625,0.263671875,0.087890625,-0.068359375
631,0.46875,0.37109375,-0.068359375,-0.068359375
632,0.458984375,0.3515625,-0.05859375,0.009765625
633,0.390625,0.322265625,0.05859375,-0.029296875
634,0.478515625,0.361328125,0,-0.01953125
635,0.46875,0.3515625,-0.009765625,-0.0390625
636,0.439453125,0.302734375,-0.009765625,-0.087890625
637,0.322265625,0.341796875,0.048828125,-0.009765625
638,0.4296875,0.341796875,0.009765625,-0.029296875
639,0.400390625,0.341796875,-0.029296875,-0.146484375
640,0.263671875,0.419921875,0.009765625,-0.009765625
641,0.390625,0.33203125,0.01953125,0.0390625
642,0.361328125,0.341796875,-0.0390625,-0.146484375
643,0.419921875,0.37109375,-0.048828125,-0.048828125
644,0.380859375,0.400390625,0.1171875,-0.1171875
645,0.33203125,0.3125,-0.05859375,0.166015625
646,0.380859375,0.400390625,0,-0.0390625
647,0.33203125,0.341796875,0,0
648,0.390625,0.33203125,0.009765625,0.13671875
649,0.4296875,0.3515625,-0.0390625,-0.068359375
650,0.3125,0.302734375,-0.009765625,0.0390625
651,0.439453125,0.400390625,-0.009765625,-0.087890625
652,0.33203125,0.3515625,-0.048828125,-0.068359375
653,0.390625,0.380859375,0.05859375,0.1171875
654,0.458984375,0.37109375,0,-0.107421875
655,0.322265625,0.341796875,0.01953125,-0.068359375
656,0.3125,0.25390625,0.09765625,0.009765625
657,0.224609375,0.37109375,-0.01953125,-0.21484375
658,0.33203125,0.380859375,0.029296875,-0.0390625
659,0.33203125,0.41015625,-0.17578125,0.01953125
660,0.29296875,0.322265625,0.0390625,-0.0390625
661,0.302734375,0.322265625,0.029296875,0.05859375
662,0.37109375,0.419921875,-0.126953125,0.048828125
663,0.33203125,0.341796875,-0.048828125,0.029296875
664,0.3515625,0.46875,0.01953125,0.01953125
665,0.4296875,0.263671875,-0.185546875,-0.048828125
666,0.419921875,0.3125,-0.05859375,-0.01953125
667,0.37109375,0.302734375,0.048828125,0.0390625
668,0.37109375,0.302734375,-0.0390625,-0.126953125
669,0.263671875,0.400390625,0.029296875,0
670,0.380859375,0.29296875,0.068359375,-0.048828125
671,0.37109375,0.302734375,0,-0.029296875
672,0.37109375,0.46875,-0.0390625,-0.009765625
673,0.361328125,0.361328125,0.1171875,-0.05859375
674,0.341796875,0.390625,0.01953125,0
675,0.3125,0.41015625,0.01953125,-0.0390625
676,0.322265625,0.458984375,0.185546875,-0.107421875
677,0.390625,0.361328125,0.009765625,0
678,0.400390625,0.361328125,-0.009765625,0
679,0.361328125,0.2734375,-0.05859375,0.009765625
680,0.361328125,0.419921875,0,0
681,0.439453125,0.283203125,0.009765625,-0.048828125
682,0.37109375,0.3125,-0.087890625,-0.009765625
683,0.41015625,0.361328125,0,0
684,0.390625,0.341796875,-0.0390625,-0.01953125
685,0.380859375,0.517578125,-0.029296875,-0.01953125
686,0.37109375,0.37109375,-0.0390625,-0.048828125
687,0.263671875,0.37109375,0.009765625,0
688,0.419921875,0.46875,0.068359375,-0.078125
689,0.3515625,0.361328125,0.0390625,-0.009765625
690,0.3125,0.244140625,-0.05859375,-0.048828125
691,0.380859375,0.48828125,0.05859375,-0.029296875
692,0.419921875,0.380859375,-0.048828125,-0.029296875
693,0.390625,0.1171875,0,0
694,0.400390625,0.224609375,0,-0.029296875
695,0.48828125,0.390625,0.0390625,-0.068359375
696,0.390625,0.2734375,0,-0.09765625
697,0.341796875,0.244140625,-0.009765625,0.009765625
698,0.29296875,0.3515625,0.029296875,-0.05859375
699,0.361328125,0.498046875,0.01953125,-0.01953125
700,0.341796875,0.302734375,-0.029296875,-0.048828125
701,0.302734375,0.439453125,0.01953125,-0.078125
702,0.37109375,0.56640625,-0.068359375,-0.048828125
703,0.33203125,0.3515625,-0.048828125,-0.09765625
704,0.439453125,0.263671875,-0.029296875,-0.009765625
705,0.33203125,0.25390625,-0.087890625,-0.048828125
706,0.400390625,0.44921875,-0.01953125,0.146484375
707,0.44921875,0.37109375,-0.01953125,0
708,0.361328125,0.234375,-0.166015625,-0.01953125
709,0.3515625,0.3125,-0.009765625,0.166015625
710,0.48828125,0.458984375,-0.029296875,-0.09765625
711,0.322265625,0.234375,-0.1171875,-0.009765625
712,0.361328125,0.380859375,-0.01953125,0.146484375
713,0.234375,0.478515625,0.224609375,-0.078125
714,0.341796875,0.419921875,0.09765625,-0.029296875
715,0.380859375,0.341796875,-0.009765625,-0.21484375
716,0.283203125,0.5078125,0.078125,-0.09765625
717,0.3515625,0.380859375,0.17578125,-0.078125
718,0.380859375,0.322265625,-0.029296875,-0.234375
719,0.263671875,0.458984375,-0.302734375,0.0390625
720,0.48828125,0.3515625,0.1171875,-0.09765625
721,0.341796875,0.322265625,0,0.078125
722,0.4296875,0.244140625,-0.29296875,-0.01953125
723,0.380859375,0.3515625,-0.048828125,0
724,0.33203125,0.390625,0.009765625,0.029296875
725,0.361328125,0.556640625,-0.263671875,-0.01953125
726,0.44921875,0.390625,-0.087890625,-0.107421875
727,0.17578125,0.361328125,-0.078125,0
728,0.380859375,0.546875,0.15625,0.01953125
729,0.37109375,0.29296875,0.009765625,-0.17578125
730,0.21484375,0.41015625,0.078125,-0.13671875
731,0.341796875,0.60546875,0.107421875,-0.048828125
732,0.3515625,0.33203125,0.107421875,-0.185546875
733,0.517578125,0.361328125,0.048828125,-0.087890625
734,0.37109375,0.1953125,-0.09765625,-0.0390625
735,0.341796875,0.361328125,-0.009765625,0.1171875
736,0.576171875,0.380859375,-0.009765625,0.029296875
737,0.361328125,0.21484375,-0.146484375,-0.087890625
738,0.341796875,0.390625,-0.009765625,0.087890625
739,0.56640625,0.37109375,-0.0390625,-0.01953125
740,0.37109375,0.400390625,-0.048828125,-0.0390625
741,0.419921875,0.3125,-0.009765625,-0.078125
742,0.361328125,0.361328125,-0.048828125,0
743,0.4296875,0.400390625,0.01953125,-0.029296875
744,0.400390625,0.37109375,-0.009765625,-0.05859375
745,0.234375,0.37109375,-0.029296875,-0.01953125
746,0.4296875,0.41015625,-0.009765625,-0.0390625
747,0.283203125,0.361328125,0.01953125,-0.048828125
748,0.33203125,0.400390625,0,-0.029296875
749,0.3515625,0.302734375,0.0390625,-0.0390625
750,0.33203125,0.33203125,0.01953125,-0.048828125
751,0.37109375,0.380859375,0.0390625,0.009765625
752,0.322265625,0.361328125,-0.01953125,-0.0390625
753,0.2734375,0.361328125,0.009765625,-0.048828125
754,0.37109375,0.361328125,0.01953125,-0.0390625
755,0.37109375,0.322265625,0,-0.1171875
756,0.46875,0.322265625,-0.05859375,0.029296875
757,0.400390625,0.2734375,-0.0390625,-0.068359375
758,0.361328125,0.361328125,-0.01953125,-0.087890625
759,0.380859375,0.3125,0,-0.009765625
760,0.3515625,0.478515625,-0.01953125,-0.0390625
761,0.380859375,0.341796875,-0.01953125,0
762,0.322265625,0.419921875,0.01953125,0.01953125
763,0.361328125,0.498046875,-0.15625,0
764,0.37109375,0.41015625,0,0.09765625
765,0.33203125,0.4296875,0,0.0390625
766,0.3515625,0.44921875,-0.185546875,-0.17578125
767,0.400390625,0.361328125,-0.078125,0.05859375
768,0.44921875,0.322265625,-0.009765625,0.0390625
769,0.37109375,0.263671875,-0.068359375,-0.09765625
770,0.3515625,0.380859375,-0.009765625,-0.09765625
771,0.478515625,0.361328125,-0.068359375,-0.15625
772,0.322265625,0.21484375,-0.048828125,-0.244140625
773,0.302734375,0.390625,0.009765625,-0.1171875
774,0.439453125,0.361328125,0.09765625,-0.078125
775,0.3515625,0.439453125,0.068359375,-0.078125
776,0.3515625,0.37109375,-0.029296875,-0.029296875
777,0.322265625,0.380859375,0.17578125,-0.048828125
778,0.361328125,0.400390625,0.078125,-0.0390625
779,0.361328125,0.341796875,-0.05859375,-0.048828125
780,0.302734375,0.25390625,0.107421875,0.01953125
781,0.390625,0.44921875,0.09765625,0.13671875
782,0.537109375,0.361328125,0,-0.009765625
783,0.41015625,0.17578125,-0.185546875,0.009765625
784,0.439453125,0.224609375,-0.078125,0.1171875
785,0.4296875,0.380859375,0.01953125,0.01953125
786,0.419921875,0.48828125,-0.21484375,0
787,0.390625,0.3125,-0.087890625,0.009765625
788,0.15625,0.37109375,0.029296875,-0.01953125
789,0.390625,0.52734375,0.17578125,-0.0390625
790,0.3125,0.341796875,-0.146484375,-0.205078125
791,0.205078125,0.380859375,0.048828125,-0.029296875
792,0.400390625,0.546875,0.1953125,-0.048828125
793,0.390625,0.400390625,0.078125,-0.166015625
794,0.21484375,0.400390625,-0.029296875,-0.048828125
795,0.341796875,0.166015625,0.1953125,-0.146484375
796,0.37109375,0.390625,-0.009765625,0.146484375
797,0.458984375,0.380859375,-0.068359375,-0.01953125
798,0.361328125,0.205078125,-0.1171875,-0.078125
799,0.380859375,0.380859375,-0.009765625,0.05859375
800,0.537109375,0.302734375,0.01953125,-0.078125
801,0.361328125,0.09765625,-0.107421875,0.01953125
802,0.341796875,0.380859375,-0.01953125,0.068359375
803,0.2734375,0.33203125,-0.048828125,-0.107421875
804,0.37109375,0.52734375,0.05859375,-0.009765625
805,0.478515625,0.283203125,-0.029296875,-0.068359375
806,0.283203125,0.341796875,-0.01953125,0.009765625
807,0.4296875,0.517578125,0.09765625,-0.009765625
808,0.380859375,0.3515625,0.009765625,-0.0390625
809,0.25390625,0.302734375,-0.13671875,0.029296875
810,0.3515625,0.302734375,0.009765625,-0.009765625
811,0.41015625,0.361328125,-0.078125,-0.17578125
812,0.419921875,0.244140625,-0.1171875,-0.048828125
813,0.390625,0.283203125,-0.0390625,-0.029296875
814,0.390625,0.341796875,0.0390625,-0.048828125
815,0.41015625,0.52734375,-0.078125,-0.068359375
816,0.341796875,0.2734375,-0.048828125,-0.048828125
817,0.302734375,0.400390625,0.078125,-0.029296875
818,0.361328125,0.498046875,0.25390625,-0.029296875
819,0.37109375,0.380859375,0.029296875,-0.068359375
820,0.21484375,0.390625,0.029296875,0
821,0.29296875,0.458984375,0.224609375,-0.05859375
822,0.3125,0.361328125,0.01953125,-0.0390625
823,0.458984375,0.37109375,0.0390625,-0.0390625
824,0.44921875,0.244140625,-0.224609375,-0.048828125
825,0.29296875,0.341796875,0.009765625,0.01953125
826,0.419921875,0.41015625,0,-0.0390625
827,0.37109375,0.25390625,-0.05859375,-0.0390625
828,0.400390625,0.390625,-0.009765625,0.05859375
829,0.390625,0.390625,0.185546875,0.01953125
830,0.33203125,0.419921875,-0.224609375,-0.029296875
831,0.390625,0.4296875,-0.0390625,-0.13671875
832,0.37109375,0.390625,0.1953125,0.0390625
833,0.29296875,0.419921875,0.09765625,-0.068359375
834,0.37109375,0.37109375,0.0390625,-0.234375
835,0.3515625,0.13671875,0.126953125,-0.068359375
836,0.341796875,0.3125,0.13671875,0.09765625
837,0.419921875,0.390625,-0.05859375,-0.1171875
838,0.37109375,0.185546875,-0.107421875,-0.05859375
839,0.380859375,0.283203125,-0.09765625,0.126953125
840,0.341796875,0.29296875,-0.009765625,0.087890625
841,0.341796875,0.263671875,-0.05859375,-0.029296875
842,0.400390625,0.400390625,-0.068359375,0.17578125
843,0.283203125,0.322265625,-0.0390625,0.01953125
844,0.33203125,0.37109375,-0.05859375,-0.01953125
845,0.37109375,0.400390625,-0.09765625,0.048828125
846,0.33203125,0.283203125,-0.087890625,0
847,0.400390625,0.361328125,0.0390625,-0.0390625
848,0.3515625,0.29296875,0.05859375,0.13671875
849,0.390625,0.37109375,-0.009765625,-0.048828125
850,0.33203125,0.4296875,0.05859375,-0.048828125
851,0.361328125,0.361328125,-0.048828125,-0.1171875
852,0.3125,0.439453125,0.05859375,-0.048828125
853,0.3515625,0.46875,-0.01953125,-0.0390625
854,0.3125,0.341796875,0.048828125,-0.1171875
855,0.302734375,0.361328125,0.009765625,-0.01953125
856,0.3515625,0.4296875,-0.009765625,-0.0390625
857,0.341796875,0.361328125,0.01953125,-0.087890625
858,0.478515625,0.3515625,-0.0390625,-0.0390625
859,0.322265625,0.341796875,0,0
860,0.390625,0.4296875,0.009765625,0.048828125
861,0.48828125,0.302734375,-0.009765625,-0.029296875
862,0.4296875,0.302734375,-0.029296875,-0.048828125
863,0.41015625,0.419921875,0,0.01953125
864,0.52734375,0.3515625,-0.01953125,0
865,0.41015625,0.498046875,-0.048828125,-0.0390625
866,0.44921875,0.41015625,-0.078125,-0.078125
867,0.361328125,0.3515625,-0.0390625,0.009765625
868,0.37109375,0.46875,0.029296875,-0.078125
869,0.283203125,0.322265625,-0.01953125,-0.029296875
870,0.2734375,0.302734375,0.01953125,-0.01953125
871,0.361328125,0.3515625,0.029296875,0.068359375
872,0.556640625,0.33203125,-0.05859375,-0.078125
873,0.46875,0.29296875,0,-0.0390625
874,0.41015625,0.3125,0.009765625,-0.048828125
875,0.56640625,0.341796875,-0.009765625,-0.009765625
876,0.48828125,0.302734375,-0.146484375,-0.087890625
877,0.3515625,0.234375,0.0390625,0.009765625
878,0.234375,0.322265625,0.05859375,0.009765625
879,0.439453125,0.419921875,0.234375,-0.13671875
880,0.361328125,0.390625,-0.009765625,-0.048828125
881,0.25390625,0.3515625,0,-0.01953125
882,0.29296875,0.48828125,0.17578125,-0.009765625
883,0.322265625,0.322265625,0,0
884,0.15625,0.44921875,-0.029296875,-0.078125
885,0.361328125,0.205078125,0.146484375,0.224609375
886,0.302734375,0.390625,-0.009765625,0.048828125
887,0.546875,0.3515625,-0.029296875,0.009765625
888,0.400390625,0.244140625,-0.244140625,0.17578125
889,0.3515625,0.380859375,-0.009765625,-0.009765625
890,0.44921875,0.380859375,-0.0390625,-0.048828125
891,0.41015625,0.224609375,-0.21484375,-0.244140625
892,0.341796875,0.4296875,-0.009765625,0.029296875
893,0.2734375,0.400390625,0,-0.09765625
894,0.302734375,0.498046875,0.1953125,-0.2734375
895,0.3515625,0.361328125,0.0390625,-0.13671875
896,0.33203125,0.322265625,-0.01953125,-0.0390625
897,0.419921875,0.458984375,0.1953125,-0.21484375
898,0.595703125,0.322265625,-0.01953125,-0.107421875
899,0.283203125,0.361328125,-0.087890625,0
900,0.380859375,0.322265625,0.0390625,0.205078125
901,0.46875,0.341796875,-0.01953125,0.048828125
902,0.46875,0.380859375,-0.107421875,-0.029296875
903,0.439453125,0.3125,-0.185546875,0.244140625
904,0.537109375,0.361328125,0,0.029296875
905,0.41015625,0.60546875,-0.146484375,-0.01953125
906,0.4296875,0.37109375,-0.1171875,-0.146484375
907,0.224609375,0.341796875,-0.01953125,0.029296875
908,0.37109375,0.478515625,0.15625,0.01953125
909,0.37109375,0.33203125,0.146484375,-0.17578125
910,0.224609375,0.400390625,-0.029296875,-0.068359375
911,0.48828125,0.48828125,0.13671875,-0.09765625
912,0.41015625,0.390625,0.15625,-0.1953125
913,0.498046875,0.390625,0,-0.0390625
914,0.390625,0.419921875,-0.107421875,-0.107421875
915,0.341796875,0.390625,-0.078125,0.01953125
916,0.478515625,0.37109375,0,-0.05859375
917,0.3515625,0.29296875,-0.166015625,-0.068359375
918,0.390625,0.400390625,-0.087890625,0.029296875
919,0.46875,0.302734375,0,-0.029296875
920,0.341796875,0.322265625,-0.068359375,-0.029296875
921,0.380859375,0.361328125,-0.009765625,-0.0390625
922,0.25390625,0.341796875,-0.078125,-0.048828125
923,0.3515625,0.419921875,0.09765625,-0.029296875
924,0.37109375,0.41015625,-0.029296875,-0.0390625
925,0.3515625,0.33203125,0.01953125,-0.009765625
926,0.361328125,0.390625,0.087890625,-0.048828125
927,0.341796875,0.3125,0.029296875,-0.01953125
928,0.380859375,0.3125,-0.087890625,0.048828125
929,0.380859375,0.361328125,0.068359375,-0.048828125
930,0.302734375,0.380859375,-0.0390625,-0.048828125
931,0.37109375,0.33203125,-0.048828125,-0.01953125
932,0.341796875,0.361328125,0.01953125,-0.0390625
933,0.44921875,0.322265625,-0.0390625,-0.01953125
934,0.3515625,0.33203125,0.048828125,-0.048828125
935,0.400390625,0.3125,0.01953125,0.009765625
936,0.5078125,0.302734375,0,-0.01953125
937,0.390625,0.4296875,-0.029296875,-0.0390625
938,0.341796875,0.322265625,0,0.01953125
939,0.390625,0.400390625,-0.01953125,-0.078125
940,0.400390625,0.419921875,0.1171875,-0.068359375
941,0.33203125,0.33203125,0.048828125,-0.01953125
942,0.3515625,0.400390625,0.029296875,-0.0390625
943,0.33203125,0.419921875,-0.1953125,-0.048828125
944,0.37109375,0.390625,0.01953125,-0.009765625
945,0.33203125,0.37109375,0,0
946,0.380859375,0.3515625,-0.17578125,0.009765625
947,0.41015625,0.37109375,-0.009765625,0.048828125
948,0.44921875,0.380859375,-0.078125,0.01953125
949,0.380859375,0.3515625,0.09765625,-0.01953125
950,0.380859375,0.3515625,-0.0390625,-0.05859375
951,0.41015625,0.3125,-0.234375,-0.05859375
952,0.3125,0.3515625,0.068359375,-0.0390625
953,0.400390625,0.33203125,0.048828125,-0.17578125
954,0.439453125,0.439453125,0.166015625,-0.087890625
955,0.33203125,0.478515625,0.0390625,-0.2734375
956,0.3515625,0.400390625,0.01953125,0.0390625
957,0.263671875,0.498046875,0.224609375,-0.107421875
958,0.37109375,0.41015625,-0.009765625,-0.146484375
959,0.33203125,0.3515625,-0.068359375,0.01953125
960,0.25390625,0.146484375,0.048828125,0.01953125
961,0.419921875,0.517578125,-0.05859375,0.224609375
962,0.37109375,0.341796875,-0.068359375,0
963,0.400390625,0.15625,-0.126953125,-0.068359375
964,0.3515625,0.380859375,-0.009765625,0.17578125
965,0.41015625,0.439453125,-0.05859375,-0.009765625
966,0.380859375,0.146484375,-0.126953125,-0.068359375
967,0.380859375,0.3515625,-0.009765625,0.25390625
968,0.283203125,0.400390625,-0.009765625,-0.05859375
969,0.478515625,0.48828125,0.15625,-0.05859375
970,0.3515625,0.322265625,-0.13671875,-0.126953125
971,0.21484375,0.380859375,-0.0390625,-0.0390625
972,0.33203125,0.439453125,0.15625,-0.01953125
973,0.302734375,0.361328125,0.0390625,-0.146484375
974,0.25390625,0.37109375,0.009765625,-0.078125
975,0.322265625,0.185546875,0.13671875,-0.087890625
976,0.361328125,0.3125,-0.009765625,0.1171875
977,0.537109375,0.390625,0,-0.029296875
978,0.400390625,0.205078125,-0.09765625,-0.05859375
979,0.33203125,0.37109375,-0.0390625,0.107421875
980,0.52734375,0.29296875,0.01953125,0.01953125
981,0.390625,0.205078125,-0.1171875,-0.029296875
982,0.263671875,0.322265625,0.01953125,0.13671875
983,0.205078125,0.361328125,0.029296875,0.009765625
984,0.361328125,0.46875,0.05859375,-0.029296875
985,0.25390625,0.33203125,-0.009765625,-0.205078125
986,0.25390625,0.3125,-0.087890625,-0.048828125
987,0.37109375,0.439453125,0.029296875,-0.029296875
988,0.3125,0.390625,-0.048828125,-0.0390625
989,0.263671875,0.341796875,-0.05859375,0
990,0.390625,0.322265625,0.029296875,0.126953125
991,0.458984375,0.33203125,-0.0390625,-0.009765625
992,0.48828125,0.419921875,0,-0.01953125
993,0.4296875,0.3515625,0.009765625,0.068359375
994,0.341796875,0.361328125,0.0390625,0.01953125
995,0.5078125,0.400390625,0,-0.009765625
996,0.419921875,0.341796875,0.09765625,-0.13671875
997,0.205078125,0.380859375,0,-0.029296875
998,0.302734375,0.4296875,0.01953125,-0.068359375
999,0.390625,0.37109375,-0.048828125,-0.126953125
1000,0.244140625,0.390625,0.029296875,-0.048828125
1001,0.41015625,0.4296875,-0.0390625,-0.01953125
1002,0.419921875,0.3515625,-0.048828125,-0.205078125
1003,0.5078125,0.390625,0.01953125,-0.01953125
1004,0.3515625,0.1953125,-0.283203125,0.048828125
1005,0.322265625,0.41015625,0.01953125,0.087890625
1006,0.46875,0.361328125,-0.0390625,-0.029296875
1007,0.283203125,0.3125,-0.146484375,-0.01953125
1008,0.390625,0.380859375,-0.01953125,0.126953125
1009,0.595703125,0.283203125,-0.048828125,0
1010,0.3125,0.439453125,-0.205078125,-0.185546875
1011,0.41015625,0.341796875,-0.05859375,-0.1171875
1012,0.341796875,0.322265625,-0.01953125,-0.048828125
1013,0.37109375,0.400390625,0.205078125,0.0390625
1014,0.361328125,0.341796875,0.01953125,-0.15625
1015,0.322265625,0.390625,0,-0.029296875
1016,0.302734375,0.44921875,0.205078125,-0.009765625
1017,0.390625,0.41015625,0.078125,-0.09765625
1018,0.4296875,0.37109375,0.107421875,-0.0390625
1019,0.380859375,0.341796875,-0.15625,0
1020,0.234375,0.33203125,0.0390625,0.078125
1021,0.37109375,0.400390625,0.087890625,-0.05859375
1022,0.33203125,0.380859375,-0.17578125,-0.087890625
1023,0.322265625,0.341796875,-0.068359375,0.048828125
1024,0.33203125,0.15625,0,-0.01953125
1025,0.458984375,0.341796875,-0.17578125,-0.068359375
1026,0.419921875,0.33203125,-0.01953125,-0.068359375
1027,0.390625,-0.0390625,-0.078125,-0.0390625
1028,0.41015625,0.283203125,-0.01953125,-0.0390625
1029,0.37109375,0.400390625,-0.029296875,-0.029296875
1030,0.439453125,0.41015625,0,-0.05859375
1031,0.322265625,0.361328125,0.107421875,-0.09765625
1032,0.380859375,0.400390625,-0.05859375,-0.048828125
1033,0.44921875,0.41015625,0.05859375,-0.09765625
1034,0.3515625,0.37109375,0.029296875,-0.087890625
1035,0.380859375,0.37109375,-0.068359375,-0.009765625
1036,0.37109375,0.498046875,0.05859375,0.009765625
1037,0.37109375,0.37109375,-0.029296875,-0.087890625
1038,0.46875,0.29296875,0,-0.029296875
1039,0.380859375,0.205078125,-0.146484375,-0.029296875
1040,0.341796875,0.439453125,0.029296875,0.048828125
1041,0.52734375,0.3515625,-0.05859375,0.01953125
1042,0.361328125,0.283203125,-0.087890625,-0.029296875
1043,0.3515625,0.380859375,-0.009765625,0.01953125
1044,0.419921875,0.400390625,-0.048828125,-0.05859375
1045,0.3515625,0.52734375,-0.087890625,-0.01953125
1046,0.390625,0.361328125,-0.078125,-0.009765625
1047,0.29296875,0.439453125,-0.0390625,-0.01953125
1048,0.439453125,0.48828125,0.09765625,-0.009765625
1049,0.3515625,0.322265625,-0.009765625,-0.05859375
1050,0.25390625,0.224609375,-0.01953125,0.01953125
1051,0.33203125,0.5078125,0.1171875,-0.048828125
1052,0.439453125,0.29296875,0.05859375,-0.078125
1053,0.341796875,0.263671875,0.126953125,0
1054,0.400390625,0.263671875,-0.05859375,-0.068359375
1055,0.400390625,0.341796875,0.0390625,-0.029296875
1056,0.46875,0.2734375,0.078125,-0.05859375
1057,0.41015625,0.341796875,-0.05859375,-0.05859375
1058,0.244140625,0.400390625,0.029296875,-0.068359375
1059,0.37109375,0.41015625,-0.009765625,-0.029296875
1060,0.44921875,0.380859375,-0.05859375,-0.107421875
1061,0.17578125,0.419921875,-0.01953125,-0.048828125
1062,0.341796875,0.5078125,-0.048828125,-0.146484375
1063,0.3515625,0.380859375,-0.009765625,-0.107421875
1064,0.234375,0.3515625,-0.09765625,-0.029296875
1065,0.439453125,0.263671875,0.107421875,-0.029296875
1066,0.37109375,0.48828125,-0.01953125,0.0390625
1067,0.576171875,0.25390625,-0.0390625,-0.029296875
1068,0.41015625,0.234375,-0.0390625,-0.048828125
1069,0.37109375,0.390625,-0.009765625,0.048828125
1070,0.5859375,0.517578125,-0.0390625,-0.068359375
1071,0.400390625,0.283203125,-0.029296875,-0.009765625
1072,0.361328125,0.37109375,0.009765625,0.087890625
1073,0.29296875,0.458984375,0.185546875,-0.078125
1074,0.33203125,0.44921875,0.029296875,0
1075,0.390625,0.37109375,0.029296875,-0.146484375
1076,0.234375,0.419921875,0.185546875,-0.01953125
1077,0.390625,0.41015625,0.078125,-0.029296875
1078,0.302734375,0.3125,0.01953125,-0.126953125
1079,0.224609375,0.361328125,-0.1953125,-0.0390625
1080,0.41015625,0.341796875,0.009765625,-0.15625
1081,0.3125,0.361328125,0.029296875,0.078125
1082,0.41015625,0.341796875,-0.205078125,-0.029296875
1083,0.4296875,0.322265625,-0.087890625,-0.048828125
1084,0.380859375,0.3515625,-0.05859375,0.078125
1085,0.458984375,0.498046875,-0.283203125,-0.078125
1086,0.390625,0.341796875,-0.01953125,-0.15625
1087,0.33203125,0.341796875,0.01953125,0.087890625
1088,0.37109375,0.46875,0.05859375,0.009765625
1089,0.380859375,0.37109375,0.048828125,-0.107421875
1090,0.3125,0.37109375,-0.01953125,-0.107421875
1091,0.322265625,0.517578125,0.1171875,-0.01953125
1092,0.400390625,0.37109375,0.01953125,-0.068359375
1093,0.4296875,0.380859375,0.01953125,-0.09765625
1094,0.400390625,0.17578125,-0.107421875,0.048828125
1095,0.380859375,0.41015625,-0.01953125,0.048828125
1096,0.52734375,0.4296875,0.078125,-0.05859375
1097,0.361328125,0.244140625,-0.1171875,-0.029296875
1098,0.341796875,0.37109375,-0.009765625,0.078125
1099,0.517578125,0.341796875,0.0390625,0.01953125
1100,0.361328125,0.41015625,-0.078125,-0.029296875
1101,0.380859375,0.3125,0.01953125,-0.029296875
1102,0.283203125,0.3515625,-0.029296875,0.01953125
1103,0.390625,0.41015625,0.009765625,-0.0390625
1104,0.322265625,0.400390625,-0.01953125,-0.05859375
1105,0.361328125,0.419921875,-0.068359375,-0.01953125
1106,0.419921875,0.400390625,0,-0.029296875
1107,0.537109375,0.322265625,-0.078125,-0.009765625
1108,0.380859375,0.37109375,-0.009765625,-0.01953125
1109,0.380859375,0.380859375,0.0390625,-0.068359375
1110,0.44921875,0.3125,-0.068359375,-0.0390625
1111,0.302734375,0.341796875,-0.009765625,-0.05859375
1112,0.419921875,0.439453125,-0.068359375,-0.01953125
1113,0.322265625,0.341796875,-0.0390625,-0.0390625
1114,0.283203125,0.302734375,-0.048828125,-0.009765625
1115,0.400390625,0.33203125,0,-0.048828125
1116,0.2734375,0.3515625,-0.029296875,-0.01953125
1117,0.361328125,0.3125,0.009765625,-0.01953125
1118,0.322265625,0.341796875,-0.0390625,-0.087890625
1119,0.25390625,0.400390625,0.029296875,-0.0390625
1120,0.41015625,0.46875,0.029296875,0
1121,0.341796875,0.3515625,-0.01953125,0.185546875
1122,0.46875,0.390625,-0.048828125,0.009765625
1123,0.361328125,0.37109375,0.107421875,0.01953125
1124,0.37109375,0.380859375,-0.0390625,0.13671875
1125,0.37109375,0.33203125,0,-0.0390625
1126,0.341796875,0.419921875,0.05859375,0.146484375
1127,0.390625,0.341796875,-0.048828125,0.126953125
1128,0.390625,0.41015625,0.048828125,-0.01953125
1129,0.33203125,0.3515625,0.01953125,0.146484375
1130,0.390625,0.390625,0.01953125,-0.185546875
1131,0.380859375,0.3125,-0.01953125,-0.05859375
1132,0.3515625,0.33203125,0.068359375,0
1133,0.33203125,0.380859375,0.029296875,-0.09765625
1134,0.361328125,0.33203125,-0.068359375,-0.0390625
1135,0.41015625,0.390625,0.09765625,-0.17578125
1136,0.3125,0.41015625,-0.048828125,0.087890625
1137,0.380859375,0.390625,-0.01953125,-0.048828125
1138,0.400390625,0.4296875,-0.087890625,-0.078125
1139,0.33203125,0.341796875,-0.087890625,0.068359375
1140,0.380859375,0.21484375,-0.068359375,-0.029296875
1141,0.478515625,0.46875,-0.146484375,0.15625
1142,0.4296875,0.302734375,-0.05859375,-0.009765625
1143,0.390625,0.224609375,-0.234375,0.029296875
1144,0.380859375,0.25390625,-0.029296875,0.185546875
1145,0.390625,0.341796875,-0.029296875,0.009765625
1146,0.361328125,0.283203125,-0.1171875,-0.0390625
1147,0.380859375,0.3515625,-0.009765625,0.107421875
1148,0.205078125,0.37109375,0.009765625,-0.029296875
1149,0.419921875,0.48828125,0.146484375,-0.029296875
1150,0.322265625,0.380859375,0.048828125,-0.205078125
1151,0.146484375,0.390625,0.01953125,-0.0390625
1152,0.41015625,0.458984375,0.1171875,-0.146484375
1153,0.322265625,0.341796875,0.009765625,-0.21484375
1154,0.1953125,0.3515625,-0.048828125,0.009765625
1155,0.33203125,0.1953125,0.15625,-0.185546875
1156,0.33203125,0.400390625,-0.01953125,0.068359375
1157,0.595703125,0.3125,0.01953125,0
1158,0.361328125,0.29296875,-0.185546875,-0.0390625
1159,0.37109375,0.419921875,-0.068359375,0.048828125
1160,0.537109375,0.41015625,-0.029296875,-0.05859375
1161,0.341796875,0.107421875,-0.146484375,0.029296875
1162,0.390625,0.244140625,0.029296875,0.068359375
1163,0.302734375,0.41015625,-0.01953125,-0.029296875
1164,0.41015625,0.517578125,0.029296875,-0.029296875
1165,0.44921875,0.37109375,-0.048828125,-0.0390625
1166,0.33203125,0.44921875,0.009765625,-0.009765625
1167,0.390625,0.52734375,0.1171875,0
1168,0.41015625,0.37109375,0,-0.05859375
1169,0.37109375,0.283203125,-0.166015625,0.01953125
1170,0.400390625,0.322265625,0.05859375,-0.01953125
1171,0.419921875,0.3515625,-0.048828125,-0.048828125
1172,0.4296875,0.224609375,-0.078125,-0.009765625
1173,0.380859375,0.224609375,-0.068359375,-0.09765625
1174,0.361328125,0.390625,0.1171875,-0.068359375
1175,0.380859375,0.48828125,-0.107421875,-0.078125
1176,0.41015625,0.302734375,-0.1171875,-0.0390625
1177,0.33203125,0.390625,-0.048828125,-0.05859375
1178,0.400390625,0.48828125,0.087890625,-0.05859375
1179,0.439453125,0.3515625,-0.1171875,-0.078125
1180,0.37109375,0.390625,-0.009765625,-0.029296875
1181,0.380859375,0.44921875,-0.029296875,0.05859375
1182,0.361328125,0.302734375,0.01953125,-0.078125
1183,0.478515625,0.29296875,0.0390625,0.01953125
1184,0.37109375,0.17578125,-0.087890625,0.009765625
1185,0.361328125,0.37109375,-0.05859375,0.126953125
1186,0.56640625,0.37109375,-0.01953125,0
1187,0.33203125,0.21484375,-0.126953125,-0.009765625
1188,0.380859375,0.361328125,0,0.1171875
1189,0.546875,0.361328125,0.009765625,-0.068359375
1190,0.341796875,0.41015625,-0.1171875,-0.009765625
1191,0.390625,0.361328125,0,-0.166015625
1192,0.21484375,0.33203125,0.078125,0
1193,0.361328125,0.4296875,0.146484375,-0.068359375
1194,0.361328125,0.390625,0.048828125,-0.17578125
1195,0.244140625,0.33203125,0.166015625,-0.048828125
1196,0.322265625,0.400390625,0.1171875,0.13671875
1197,0.41015625,0.439453125,0.078125,-0.234375
1198,0.46875,0.33203125,-0.126953125,-0.078125
1199,0.44921875,0.380859375,-0.078125,0.166015625
1200,0.3125,0.361328125,-0.029296875,0.107421875
1201,0.4296875,0.244140625,-0.01953125,0.029296875
1202,0.390625,0.37109375,-0.078125,0.17578125
1203,0.390625,0.33203125,-0.0390625,0.126953125
1204,0.41015625,0.390625,-0.029296875,0.009765625
1205,0.5078125,0.3125,-0.087890625,0.01953125
1206,0.419921875,0.322265625,-0.009765625,-0.107421875
1207,0.361328125,0.3515625,0.05859375,0.009765625
1208,0.361328125,0.361328125,-0.048828125,-0.029296875
1209,0.390625,0.380859375,-0.01953125,-0.1171875
1210,0.3515625,0.4296875,-0.05859375,-0.078125
1211,0.302734375,0.3515625,0.029296875,-0.126953125
1212,0.17578125,0.37109375,0.107421875,-0.1171875
1213,0.3515625,0.37109375,0.009765625,-0.05859375
1214,0.341796875,0.400390625,0,-0.107421875
1215,0.234375,0.322265625,-0.029296875,0
1216,0.4296875,0.41015625,0.09765625,0.01953125
1217,0.390625,0.33203125,-0.009765625,-0.146484375
1218,0.517578125,0.341796875,-0.009765625,-0.09765625
1219,0.37109375,0.2734375,-0.029296875,-0.048828125
1220,0.37109375,0.380859375,0.068359375,0.107421875
1221,0.595703125,0.322265625,-0.009765625,-0.009765625
1222,0.37109375,0.244140625,-0.01953125,-0.009765625
1223,0.205078125,0.37109375,0,0.087890625
1224,0.60546875,0.341796875,-0.029296875,0
1225,0.400390625,0.4296875,-0.048828125,0
1226,0.3125,0.458984375,-0.05859375,-0.05859375
1227,0.400390625,0.361328125,0,0
1228,0.41015625,0.46875,-0.009765625,0
1229,0.25390625,0.41015625,-0.009765625,-0.09765625
1230,0.29296875,0.322265625,-0.048828125,-0.01953125
1231,0.361328125,0.400390625,0.009765625,-0.048828125
1232,0.390625,0.3125,0.048828125,-0.126953125
1233,0.41015625,0.361328125,0,-0.048828125
1234,0.400390625,0.21484375,0.01953125,-0.078125
1235,0.341796875,0.380859375,0.0390625,-0.01953125
1236,0.458984375,0.2734375,-0.107421875,-0.0390625
1237,0.29296875,0.361328125,0.048828125,-0.107421875
1238,0.33203125,0.380859375,0.01953125,0
1239,0.498046875,0.478515625,-0.25390625,-0.01953125
1240,0.341796875,0.33203125,0.029296875,-0.0390625
1241,0.3125,0.380859375,0.048828125,-0.01953125
1242,0.33203125,0.419921875,-0.166015625,0.009765625
1243,0.37109375,0.341796875,-0.01953125,0.068359375
1244,0.361328125,0.302734375,-0.029296875,-0.029296875
1245,0.380859375,0.205078125,-0.224609375,0.05859375
1246,0.33203125,0.37109375,-0.029296875,-0.087890625
1247,0.439453125,0.3515625,-0.05859375,-0.01953125
1248,0.3515625,0.29296875,0,0.107421875
1249,0.3125,0.361328125,-0.009765625,0.009765625
1250,0.419921875,0.29296875,-0.01953125,-0.087890625
1251,0.322265625,0.25390625,0.048828125,-0.126953125
1252,0.37109375,0.390625,-0.029296875,-0.048828125
1253,0.341796875,0.3515625,0,-0.01953125
1254,0.37109375,0.517578125,0.107421875,-0.1171875
1255,0.390625,0.37109375,0.01953125,-0.0390625
1256,0.3125,0.37109375,0.009765625,-0.05859375
1257,0.458984375,0.5078125,0.048828125,-0.126953125
1258,0.478515625,0.361328125,0.01953125,-0.009765625
1259,0.234375,0.390625,-0.17578125,-0.068359375
1260,0.4296875,0.302734375,0.068359375,0.21484375
1261,0.537109375,0.29296875,-0.05859375,0
1262,0.41015625,0.361328125,-0.078125,-0.009765625
1263,0.361328125,0.302734375,-0.126953125,0.3125
1264,0.576171875,0.33203125,-0.01953125,0.01953125
1265,0.517578125,0.48828125,0.029296875,-0.01953125
1266,0.419921875,0.263671875,-0.107421875,-0.146484375
1267,0.2734375,0.341796875,0.009765625,-0.01953125
1268,0.41015625,0.615234375,0.05859375,0.029296875
1269,0.41015625,0.341796875,0.029296875,-0.078125
1270,0.29296875,0.361328125,-0.1171875,-0.05859375
1271,0.4296875,0.52734375,0.09765625,-0.1171875
1272,0.37109375,0.390625,-0.01953125,-0.166015625
1273,0.546875,0.380859375,-0.029296875,-0.05859375
1274,0.390625,0.29296875,-0.1171875,-0.05859375
1275,0.361328125,0.322265625,0.009765625,0
1276,0.52734375,0.37109375,-0.029296875,-0.146484375
1277,0.2734375,0.244140625,-0.09765625,-0.048828125
1278,0.400390625,0.361328125,-0.0390625,0.009765625
1279,0.48828125,0.4296875,-0.009765625,0.029296875
1280,0.380859375,0.341796875,-0.078125,0.029296875
1281,0.4296875,0.3515625,-0.01953125,-0.0390625
1282,0.29296875,0.322265625,-0.078125,-0.068359375
1283,0.3515625,0.361328125,0,0
1284,0.33203125,0.419921875,0,-0.048828125
1285,0.21484375,0.263671875,-0.048828125,0.01953125
1286,0.283203125,0.419921875,-0.0390625,0
1287,0.380859375,0.390625,-0.01953125,-0.05859375
1288,0.33203125,0.302734375,-0.087890625,0.048828125
1289,0.361328125,0.390625,0.009765625,0
1290,0.37109375,0.37109375,-0.09765625,-0.048828125
1291,0.419921875,0.29296875,-0.146484375,-0.05859375
1292,0.380859375,0.390625,0,-0.01953125
1293,0.302734375,0.390625,0.009765625,-0.05859375
1294,0.37109375,0.5078125,0.263671875,-0.0390625
1295,0.341796875,0.361328125,0.009765625,-0.0390625
1296,0.234375,0.380859375,0.029296875,-0.1171875
1297,0.380859375,0.5078125,0.13671875,-0.1171875
1298,0.33203125,0.33203125,-0.09765625,-0.01953125
1299,0.15625,0.37109375,-0.05859375,-0.048828125
1300,0.322265625,0.322265625,0.25390625,0.01953125
1301,0.3125,0.341796875,-0.009765625,0.078125
1302,0.458984375,0.33203125,0,-0.01953125
1303,0.380859375,0.341796875,-0.15625,0.0390625
1304,0.439453125,0.44921875,-0.01953125,0.05859375
1305,0.419921875,0.3125,0,0.009765625
1306,0.41015625,0.29296875,-0.185546875,-0.01953125
1307,0.419921875,0.390625,-0.068359375,0.078125
1308,0.390625,0.302734375,-0.09765625,0
1309,0.37109375,0.380859375,0.087890625,-0.029296875
1310,0.380859375,0.341796875,-0.009765625,-0.185546875
1311,0.37109375,0.439453125,-0.09765625,0
1312,0.380859375,0.400390625,0.087890625,0
1313,0.361328125,0.37109375,0.009765625,-0.15625
1314,0.283203125,0.3125,0.25390625,-0.087890625
1315,0.390625,0.380859375,0.1171875,-0.33203125
1316,0.37109375,0.41015625,0.0390625,0.05859375
1317,0.302734375,0.498046875,0.2734375,-0.048828125
1318,0.419921875,0.361328125,-0.0390625,-0.283203125
1319,0.361328125,0.302734375,-0.029296875,0.05859375
1320,0.302734375,0.1953125,0.146484375,-0.009765625
1321,0.390625,0.322265625,-0.01953125,0.224609375
1322,0.380859375,0.390625,-0.048828125,0.068359375
1323,0.419921875,0.224609375,-0.078125,-0.068359375
1324,0.41015625,0.33203125,0.009765625,0.283203125
1325,0.2734375,0.390625,-0.009765625,-0.048828125
1326,0.37109375,0.126953125,-0.1171875,-0.009765625
1327,0.322265625,0.33203125,-0.029296875,0.263671875
1328,0.185546875,0.3515625,-0.009765625,-0.0390625
1329,0.41015625,0.576171875,0.17578125,0
1330,0.419921875,0.380859375,-0.01953125,-0.25390625
1331,0.224609375,0.3515625,0.009765625,-0.05859375
1332,0.3515625,0.439453125,0.1953125,-0.0390625
1333,0.400390625,0.400390625,0,-0.15625
1334,0.263671875,0.322265625,0,-0.068359375
1335,0.3515625,0.166015625,0.078125,-0.068359375
1336,0.37109375,0.3515625,-0.01953125,0.1171875
1337,0.52734375,0.4296875,0.048828125,-0.068359375
1338,0.3125,0.21484375,-0.1171875,-0.087890625
1339,0.3515625,0.341796875,-0.009765625,0.107421875
1340,0.546875,0.33203125,0,0.009765625
1341,0.361328125,0.2734375,-0.107421875,-0.029296875
1342,0.4296875,0.41015625,-0.0390625,0.078125
1343,0.263671875,0.341796875,-0.09765625,-0.01953125
1344,0.3515625,0.400390625,-0.01953125,0.009765625
1345,0.41015625,0.29296875,0.009765625,-0.01953125
1346,0.1953125,0.419921875,-0.009765625,0
1347,0.341796875,0.44921875,0.078125,-0.009765625
1348,0.595703125,0.3515625,0,-0.05859375
1349,0.1953125,0.3125,-0.068359375,-0.01953125
1350,0.41015625,0.33203125,0.068359375,0.0390625
1351,0.5078125,0.283203125,-0.05859375,0
1352,0.44921875,0.33203125,-0.01953125,-0.029296875
1353,0.3515625,0.3125,0.048828125,0.029296875
1354,0.60546875,0.361328125,-0.01953125,-0.048828125
1355,0.458984375,0.478515625,-0.009765625,-0.048828125
1356,0.390625,0.302734375,0.078125,-0.185546875
1357,0.17578125,0.361328125,0,-0.009765625
1358,0.37109375,0.419921875,0.166015625,-0.029296875
1359,0.44921875,0.3515625,-0.1171875,-0.05859375
1360,0.25390625,0.37109375,-0.01953125,0
1361,0.380859375,0.44921875,0.13671875,0.05859375
1362,0.48828125,0.361328125,-0.048828125,-0.068359375
1363,0.52734375,0.390625,-0.087890625,-0.029296875
1364,0.439453125,0.146484375,-0.224609375,0.009765625
1365,0.361328125,0.380859375,-0.01953125,0.078125
1366,0.498046875,0.341796875,-0.029296875,-0.048828125
1367,0.3125,0.166015625,-0.224609375,-0.009765625
1368,0.3515625,0.41015625,-0.0390625,0.029296875
1369,0.419921875,0.37109375,-0.068359375,0.107421875
1370,0.37109375,0.44921875,-0.263671875,-0.15625
1371,0.302734375,0.390625,0.029296875,-0.107421875
1372,0.322265625,0.419921875,-0.05859375,0.029296875
1373,0.419921875,0.439453125,0.05859375,-0.048828125
1374,0.380859375,0.390625,0.0390625,-0.107421875
1375,0.33203125,0.390625,0.009765625,-0.107421875
1376,0.2734375,0.517578125,0.1953125,-0.048828125
1377,0.244140625,0.400390625,0.078125,-0.1171875
1378,0.41015625,0.37109375,0.244140625,-0.009765625
1379,0.33203125,0.2734375,-0.146484375,-0.146484375
1380,0.25390625,0.302734375,0.068359375,0.078125
1381,0.361328125,0.400390625,0.107421875,0.01953125
1382,0.380859375,0.3125,-0.09765625,-0.15625
1383,0.498046875,0.361328125,-0.01953125,0.107421875
1384,0.37109375,0.25390625,-0.146484375,0.029296875
1385,0.3125,0.3125,-0.13671875,0.009765625
1386,0.48828125,0.322265625,-0.01953125,-0.048828125
1387,0.380859375,0.1171875,-0.244140625,-0.0390625
1388,0.37109375,0.29296875,0.087890625,-0.029296875
1389,0.3515625,0.361328125,-0.01953125,-0.09765625
1390,0.37109375,0.537109375,-0.107421875,-0.078125
1391,0.380859375,0.37109375,0.087890625,-0.05859375
1392,0.400390625,0.390625,0.009765625,-0.1171875
1393,0.380859375,0.537109375,0.146484375,-0.048828125
1394,0.37109375,0.400390625,-0.029296875,-0.048828125
1395,0.33203125,0.302734375,0.029296875,-0.048828125
1396,0.322265625,0.595703125,0.15625,-0.087890625
1397,0.400390625,0.361328125,-0.048828125,-0.0390625
1398,0.439453125,0.341796875,0.048828125,-0.01953125
1399,0.37109375,0.283203125,-0.15625,-0.01953125
1400,0.380859375,0.390625,-0.0390625,0.01953125
1401,0.48828125,0.322265625,-0.087890625,-0.029296875
1402,0.390625,0.15625,-0.146484375,-0.0390625
1403,0.41015625,0.41015625,-0.029296875,0.009765625
1404,0.4296875,0.361328125,-0.078125,0.009765625
1405,0.33203125,0.41015625,-0.146484375,-0.068359375
1406,0.361328125,0.37109375,-0.0390625,0
1407,0.29296875,0.361328125,-0.05859375,-0.01953125
1408,0.37109375,0.498046875,0.09765625,0.01953125
1409,0.3515625,0.341796875,0.078125,-0.029296875
1410,0.3125,0.419921875,0,-0.05859375
1411,0.390625,0.498046875,0.05859375,0.01953125
1412,0.478515625,0.33203125,0.029296875,-0.029296875
1413,0.400390625,0.390625,-0.078125,-0.029296875
1414,0.361328125,0.244140625,-0.048828125,-0.009765625
1415,0.4296875,0.41015625,-0.0390625,-0.09765625
1416,0.341796875,0.400390625,-0.05859375,-0.0390625
1417,0.361328125,0.29296875,-0.13671875,-0.009765625
1418,0.1953125,0.439453125,-0.009765625,-0.0390625
1419,0.419921875,0.390625,-0.087890625,0.0390625
1420,0.341796875,0.41015625,-0.0390625,0.0390625
1421,0.3125,0.380859375,0,0.009765625
1422,0.400390625,0.400390625,-0.126953125,-0.029296875
1423,0.322265625,0.37109375,-0.078125,0
1424,0.361328125,0.29296875,0.0390625,-0.05859375
1425,0.322265625,0.361328125,-0.224609375,-0.029296875
1426,0.390625,0.400390625,-0.029296875,-0.048828125
1427,0.44921875,0.3515625,-0.029296875,0.009765625
1428,0.3125,0.361328125,0.078125,-0.01953125
1429,0.3515625,0.419921875,0,-0.087890625
1430,0.458984375,0.41015625,-0.107421875,-0.029296875
1431,0.390625,0.322265625,0.078125,-0.029296875
1432,0.41015625,0.37109375,0.009765625,0
1433,0.224609375,0.4296875,0.048828125,-0.068359375
1434,0.390625,0.419921875,-0.009765625,-0.09765625
1435,0.33203125,0.41015625,0,0.05859375
1436,0.185546875,0.400390625,0.107421875,-0.048828125
1437,0.322265625,0.419921875,-0.087890625,0
1438,0.302734375,0.29296875,-0.048828125,-0.048828125
1439,0.29296875,0.44921875,-0.224609375,-0.01953125
1440,0.37109375,0.341796875,-0.029296875,-0.17578125
1441,0.3515625,0.322265625,0.009765625,0.048828125
1442,0.44921875,0.322265625,-0.146484375,-0.01953125
1443,0.458984375,0.361328125,-0.048828125,-0.17578125
1444,0.3515625,0.33203125,-0.078125,0.029296875
1445,0.419921875,0.478515625,-0.146484375,-0.0390625
1446,0.46875,0.3515625,0.01953125,-0.0390625
1447,0.48828125,0.37109375,-0.048828125,0
1448,0.33203125,0.498046875,0.126953125,-0.009765625
1449,0.41015625,0.322265625,0.01953125,-0.078125
1450,0.341796875,0.37109375,-0.009765625,-0.09765625
1451,0.33203125,0.44921875,0.166015625,-0.048828125
1452,0.322265625,0.3125,-0.0390625,-0.0390625
1453,0.44921875,0.361328125,0.009765625,-0.009765625
1454,0.322265625,0.1953125,-0.01953125,-0.048828125
1455,0.29296875,0.400390625,-0.05859375,-0.05859375
1456,0.46875,0.37109375,0.029296875,0.048828125
1457,0.37109375,0.283203125,0.029296875,-0.068359375
1458,0.33203125,0.380859375,0.01953125,0.01953125
1459,0.4296875,0.29296875,-0.029296875,0.01953125
1460,0.29296875,0.400390625,-0.078125,0.009765625
1461,0.3125,0.3515625,0.01953125,0
1462,0.361328125,0.380859375,0.009765625,0
1463,0.419921875,0.3515625,-0.029296875,-0.01953125
1464,0.283203125,0.3515625,-0.05859375,-0.068359375
1465,0.33203125,0.400390625,-0.01953125,-0.009765625
1466,0.4296875,0.419921875,-0.01953125,0.009765625
1467,0.37109375,0.3125,-0.107421875,0.01953125
1468,0.380859375,0.390625,0.01953125,-0.05859375
1469,0.390625,0.400390625,-0.01953125,0.078125
1470,0.322265625,0.3125,-0.009765625,-0.146484375
1471,0.283203125,0.37109375,0,-0.087890625
1472,0.341796875,0.380859375,-0.068359375,0.087890625
1473,0.234375,0.341796875,0.078125,-0.0390625
1474,0.29296875,0.41015625,0.05859375,-0.068359375
1475,0.37109375,0.33203125,-0.05859375,-0.166015625
1476,0.234375,0.3515625,-0.0390625,-0.01953125
1477,0.439453125,0.419921875,-0.01953125,-0.05859375
1478,0.361328125,0.3125,0.009765625,-0.15625
1479,0.205078125,0.361328125,0,-0.01953125
1480,0.439453125,0.2734375,0.029296875,-0.01953125
1481,0.3515625,0.3515625,-0.01953125,0.13671875
1482,0.458984375,0.361328125,0,0.01953125
1483,0.37109375,0.244140625,-0.126953125,-0.0390625
1484,0.33203125,0.380859375,-0.05859375,0.029296875
1485,0.44921875,0.29296875,-0.068359375,0.0390625
1486,0.3515625,0.302734375,-0.078125,0.078125
1487,0.400390625,0.390625,0,0.15625
1488,0.3125,0.41015625,-0.01953125,0
1489,0.361328125,0.458984375,0.146484375,0.107421875
1490,0.439453125,0.390625,-0.048828125,-0.09765625
1491,0.302734375,0.322265625,-0.05859375,-0.078125
1492,0.3515625,0.44921875,0.146484375,0.205078125
1493,0.25390625,0.380859375,0.01953125,-0.078125
1494,0.29296875,0.3515625,-0.009765625,-0.01953125
1495,0.3515625,0.322265625,0.13671875,-0.1953125
1496,0.29296875,0.41015625,-0.1171875,0.048828125
1497,0.400390625,0.33203125,-0.01953125,-0.048828125
1498,0.3515625,0.380859375,-0.15625,-0.087890625
1499,0.29296875,0.3515625,0.087890625,0.0390625
1500,0.361328125,0.166015625,-0.01953125,0.029296875
1501,0.361328125,0.33203125,-0.126953125,0.048828125
1502,0.498046875,0.2734375,-0.05859375,0.048828125
1503,0.390625,0.25390625,-0.17578125,0.01953125
1504,0.4296875,0.33203125,0.009765625,0.087890625
1505,0.517578125,0.400390625,-0.029296875,-0.0390625
1506,0.4296875,0.234375,-0.21484375,-0.0390625
1507,0.380859375,0.37109375,0.048828125,0.15625
1508,0.15625,0.400390625,-0.01953125,-0.05859375
1509,0.439453125,0.37109375,0.078125,0.078125
1510,0.37109375,0.361328125,0.029296875,-0.1953125
1511,0.1171875,0.400390625,0.029296875,-0.048828125
1512,0.361328125,0.361328125,0.068359375,-0.009765625
1513,0.3515625,0.361328125,0.0390625,-0.205078125
1514,0.185546875,0.390625,-0.05859375,-0.078125
1515,0.3515625,0.21484375,0.087890625,-0.068359375
1516,0.33203125,0.419921875,0.01953125,0
1517,0.556640625,0.390625,0.01953125,0.048828125
1518,0.361328125,0.1953125,-0.244140625,-0.087890625
1519,0.37109375,0.361328125,0.01953125,0.05859375
1520,0.556640625,0.390625,-0.048828125,-0.029296875
1521,0.3125,0.126953125,-0.17578125,-0.0390625
1522,0.419921875,0.390625,-0.01953125,0.048828125
1523,0.25390625,0.44921875,0,-0.009765625
1524,0.3515625,0.498046875,0.078125,-0.009765625
1525,0.380859375,0.322265625,-0.009765625,-0.087890625
1526,0.244140625,0.478515625,-0.0390625,-0.01953125
1527,0.361328125,0.556640625,0.05859375,0.009765625
1528,0.3515625,0.3125,-0.01953125,-0.068359375
1529,0.234375,0.29296875,0.09765625,0.01953125
1530,0.390625,0.302734375,0.107421875,0.029296875
1531,0.341796875,0.37109375,-0.05859375,-0.029296875
1532,0.390625,0.3125,0.15625,-0.029296875
1533,0.37109375,0.322265625,0,-0.01953125
1534,0.37109375,0.400390625,-0.009765625,0.01953125
1535,0.380859375,0.517578125,0.09765625,0.009765625
1536,0.37109375,0.3125,-0.029296875,-0.205078125
1537,0.166015625,0.37109375,-0.048828125,-0.0390625
1538,0.390625,0.5078125,-0.009765625,-0.078125
1539,0.341796875,0.41015625,-0.048828125,-0.234375
1540,0.234375,0.37109375,0.048828125,0.01953125
1541,0.361328125,0.439453125,0.048828125,-0.0390625
1542,0.400390625,0.361328125,0.01953125,-0.087890625
1543,0.498046875,0.3515625,-0.048828125,-0.05859375
1544,0.380859375,0.21484375,-0.09765625,0
1545,0.380859375,0.390625,-0.009765625,0.01953125
1546,0.46875,0.322265625,-0.029296875,0.009765625
1547,0.380859375,0.341796875,0.009765625,0
1548,0.400390625,0.400390625,-0.068359375,0.17578125
1549,0.556640625,0.283203125,-0.087890625,-0.009765625
1550,0.322265625,0.439453125,-0.01953125,-0.078125
1551,0.361328125,0.380859375,-0.05859375,-0.166015625
1552,0.21484375,0.29296875,-0.029296875,-0.048828125
1553,0.390625,0.4296875,0.087890625,-0.048828125
1554,0.37109375,0.380859375,-0.009765625,-0.1171875
1555,0.244140625,0.3515625,0,-0.068359375
1556,0.361328125,0.419921875,0.078125,-0.15625
1557,0.380859375,0.380859375,0.068359375,-0.1953125
1558,0.458984375,0.322265625,-0.107421875,-0.05859375
1559,0.341796875,0.341796875,-0.009765625,-0.048828125
1560,0.400390625,0.322265625,0.05859375,0.078125
1561,0.44921875,0.244140625,0,0.01953125
1562,0.3515625,0.37109375,-0.068359375,0.13671875
1563,0.439453125,0.2734375,-0.078125,0.087890625
1564,0.439453125,0.400390625,-0.029296875,-0.048828125
1565,0.478515625,0.3515625,-0.126953125,-0.048828125
1566,0.537109375,0.37109375,-0.048828125,-0.09765625
1567,0.41015625,0.439453125,-0.029296875,0.01953125
1568,0.341796875,0.341796875,-0.0390625,0.1171875
1569,0.380859375,0.419921875,-0.068359375,-0.09765625
1570,0.380859375,0.44921875,-0.01953125,-0.087890625
1571,0.361328125,0.37109375,-0.009765625,-0.185546875
1572,0.185546875,0.37109375,0,-0.126953125
1573,0.322265625,0.5078125,0.13671875,-0.05859375
1574,0.41015625,0.33203125,0.0390625,-0.166015625
1575,0.166015625,0.400390625,0.029296875,-0.05859375
1576,0.3515625,0.341796875,0.029296875,-0.029296875
1577,0.341796875,0.380859375,0.01953125,-0.17578125
1578,0.537109375,0.283203125,0.01953125,-0.01953125
1579,0.3515625,0.33203125,-0.087890625,-0.029296875
1580,0.380859375,0.37109375,-0.029296875,0.107421875
1581,0.546875,0.361328125,-0.048828125,-0.0390625
1582,0.341796875,0.244140625,-0.0390625,-0.068359375
1583,0.517578125,0.37109375,0.0390625,0.17578125
1584,0.56640625,0.41015625,0.01953125,-0.01953125
1585,0.37109375,0.4296875,-0.05859375,0.029296875
1586,0.498046875,0.41015625,-0.078125,-0.146484375
1587,0.1953125,0.341796875,-0.009765625,0.009765625
1588,0.400390625,0.419921875,-0.009765625,0.048828125
1589,0.537109375,0.283203125,-0.0390625,-0.13671875
1590,0.185546875,0.244140625,-0.01953125,-0.048828125
1591,0.41015625,0.41015625,-0.029296875,-0.05859375
1592,0.29296875,0.3125,0.029296875,-0.107421875
1593,0.458984375,0.263671875,0.009765625,-0.05859375
1594,0.390625,0.322265625,0,-0.17578125
1595,0.29296875,0.361328125,-0.009765625,0
1596,0.478515625,0.302734375,0.0390625,-0.09765625
1597,0.361328125,0.302734375,0,-0.029296875
1598,0.33203125,0.33203125,0,0
1599,0.458984375,0.380859375,0.068359375,0
1600,0.361328125,0.29296875,0.009765625,0.126953125
1601,0.390625,0.390625,0,-0.01953125
1602,0.33203125,0.37109375,0.05859375,-0.048828125
1603,0.400390625,0.3125,-0.01953125,0.13671875
1604,0.458984375,0.390625,0,0.009765625
1605,0.322265625,0.263671875,0.09765625,-0.0390625
1606,0.37109375,0.380859375,-0.068359375,-0.15625
1607,0.419921875,0.380859375,-0.048828125,-0.1171875
1608,0.322265625,0.3515625,0,0
1609,0.400390625,0.41015625,0,-0.1171875
1610,0.400390625,0.33203125,-0.01953125,-0.048828125
1611,0.283203125,0.341796875,0.1171875,-0.01953125
1612,0.37109375,0.37109375,-0.029296875,-0.126953125
1613,0.2734375,0.37109375,0,-0.05859375
1614,0.37109375,0.419921875,-0.029296875,-0.078125
1615,0.380859375,0.380859375,-0.029296875,-0.01953125
1616,0.361328125,0.41015625,-0.048828125,0.068359375
1617,0.341796875,0.44921875,-0.01953125,-0.146484375
1618,0.498046875,0.361328125,0.01953125,0
1619,0.283203125,0.380859375,-0.126953125,0
1620,0.380859375,0.263671875,-0.048828125,0.234375
1621,0.44921875,0.3515625,0,-0.0390625
1622,0.341796875,0.37109375,-0.185546875,-0.048828125
1623,0.390625,0.283203125,0.048828125,0.29296875
1624,0.380859375,0.341796875,-0.048828125,-0.01953125
1625,0.400390625,0.458984375,-0.185546875,0
1626,0.3125,0.302734375,-0.009765625,-0.126953125
1627,0.1953125,0.341796875,0.009765625,-0.01953125
1628,0.361328125,0.537109375,0.048828125,0.029296875
1629,0.322265625,0.361328125,-0.01953125,-0.166015625
1630,0.1953125,0.37109375,-0.01953125,0.009765625
1631,0.37109375,0.595703125,0.05859375,-0.029296875
1632,0.380859375,0.41015625,-0.01953125,-0.09765625
1633,0.37109375,0.41015625,0.0390625,-0.009765625
1634,0.390625,0.283203125,-0.009765625,-0.029296875
1635,0.263671875,0.439453125,0.01953125,0
1636,0.498046875,0.400390625,-0.009765625,-0.01953125
1637,0.322265625,0.322265625,-0.09765625,-0.009765625
1638,0.33203125,0.439453125,-0.068359375,-0.0390625
1639,0.37109375,0.361328125,-0.0390625,-0.01953125
1640,0.361328125,0.341796875,-0.009765625,-0.01953125
1641,0.361328125,0.37109375,-0.01953125,-0.078125
1642,0.380859375,0.419921875,-0.01953125,-0.029296875
1643,0.361328125,0.361328125,-0.068359375,-0.078125
1644,0.390625,0.380859375,0.048828125,0.0390625
1645,0.322265625,0.205078125,-0.009765625,-0.01953125
1646,0.44921875,0.341796875,-0.13671875,-0.0390625
1647,0.33203125,0.380859375,-0.01953125,0.0390625
1648,0.37109375,0.205078125,-0.146484375,0
1649,0.361328125,0.4296875,-0.068359375,-0.15625
1650,0.37109375,0.380859375,0,-0.05859375
1651,0.380859375,0.263671875,-0.17578125,-0.0390625
1652,0.361328125,0.41015625,-0.009765625,-0.0390625
1653,0.224609375,0.302734375,0.01953125,-0.078125
1654,0.3515625,0.5078125,0.1171875,-0.0390625
1655,0.37109375,0.361328125,0,-0.029296875
1656,0.380859375,0.37109375,0.078125,-0.048828125
1657,0.361328125,0.498046875,0.224609375,-0.05859375
1658,0.41015625,0.283203125,-0.029296875,-0.068359375
1659,0.33203125,0.302734375,-0.078125,-0.029296875
1660,0.33203125,0.263671875,0,-0.029296875
1661,0.341796875,0.224609375,0.01953125,0.126953125
1662,0.46875,0.41015625,-0.078125,-0.05859375
1663,0.361328125,0.2734375,-0.087890625,-0.05859375
1664,0.29296875,0.380859375,0.05859375,0.13671875
1665,0.44921875,0.37109375,0.009765625,-0.029296875
1666,0.3515625,0.17578125,-0.166015625,-0.029296875
1667,0.380859375,0.361328125,-0.029296875,0.107421875
1668,0.361328125,0.283203125,-0.0390625,0.009765625
1669,0.322265625,0.4296875,0.15625,-0.01953125
1670,0.390625,0.3515625,0,-0.205078125
1671,0.29296875,0.361328125,-0.107421875,-0.068359375
1672,0.302734375,0.400390625,0.146484375,-0.05859375
1673,0.361328125,0.390625,0.01953125,-0.166015625
1674,0.283203125,0.2734375,0.185546875,-0.009765625
1675,0.37109375,0.41015625,0.1171875,-0.078125
1676,0.361328125,0.37109375,-0.01953125,0.087890625
1677,0.419921875,0.3125,0.25390625,-0.087890625
1678,0.380859375,0.37109375,-0.05859375,-0.1953125
1679,0.37109375,0.361328125,0.009765625,0.078125
1680,0.3515625,0.126953125,0.244140625,-0.009765625
1681,0.341796875,0.361328125,-0.087890625,0.29296875
1682,0.33203125,0.3515625,-0.009765625,0.068359375
1683,0.400390625,0.146484375,-0.21484375,-0.01953125
1684,0.37109375,0.3515625,0.068359375,0.25390625
1685,0.322265625,0.37109375,-0.048828125,-0.09765625
1686,0.390625,0.13671875,-0.234375,-0.087890625
1687,0.380859375,0.380859375,0.01953125,0.341796875
1688,0.107421875,0.361328125,-0.01953125,-0.087890625
1689,0.439453125,0.56640625,0.17578125,-0.05859375
1690,0.341796875,0.380859375,-0.009765625,-0.244140625
1691,0.1953125,0.37109375,-0.048828125,0.01953125
1692,0.33203125,0.556640625,0.25390625,-0.01953125
1693,0.302734375,0.400390625,0.029296875,-0.244140625
1694,0.283203125,0.400390625,0.048828125,0.029296875
1695,0.37109375,0.21484375,0.146484375,0.01953125
1696,0.33203125,0.390625,0.009765625,0.13671875
1697,0.64453125,0.380859375,-0.009765625,-0.01953125
1698,0.361328125,0.1953125,-0.068359375,-0.01953125
1699,0.390625,0.37109375,0.01953125,0.09765625
1700,0.52734375,0.3515625,-0.068359375,-0.048828125
1701,0.37109375,0.224609375,-0.09765625,-0.009765625
1702,0.302734375,0.3515625,-0.0390625,0.17578125
1703,0.21484375,0.419921875,-0.029296875,0.01953125
1704,0.341796875,0.419921875,0.0390625,0.029296875
1705,0.390625,0.3515625,-0.029296875,-0.01953125
1706,0.263671875,0.361328125,-0.029296875,-0.05859375
1707,0.439453125,0.439453125,-0.068359375,-0.048828125
1708,0.380859375,0.33203125,-0.0390625,-0.126953125
1709,0.205078125,0.380859375,-0.029296875,-0.01953125
1710,0.41015625,0.3125,0,-0.029296875
1711,0.37109375,0.361328125,-0.048828125,-0.078125
1712,0.439453125,0.341796875,-0.009765625,-0.01953125
1713,0.3125,0.3125,0.01953125,-0.068359375
1714,0.341796875,0.361328125,0.05859375,-0.09765625
1715,0.400390625,0.439453125,-0.01953125,-0.0390625
1716,0.37109375,0.3515625,0.048828125,0.048828125
1717,0.3515625,0.390625,0.01953125,0.01953125
1718,0.380859375,0.458984375,-0.078125,-0.126953125
1719,0.380859375,0.361328125,-0.009765625,0.029296875
1720,0.2734375,0.361328125,-0.01953125,0.029296875
1721,0.400390625,0.439453125,-0.21484375,0.009765625
1722,0.419921875,0.41015625,-0.029296875,-0.068359375
1723,0.458984375,0.33203125,0.01953125,0.009765625
1724,0.380859375,0.3125,0.05859375,0.009765625
1725,0.3125,0.380859375,-0.009765625,-0.068359375
1726,0.458984375,0.3515625,-0.029296875,-0.029296875
1727,0.37109375,0.234375,-0.05859375,0.009765625
1728,0.341796875,0.380859375,-0.048828125,-0.09765625
1729,0.44921875,0.322265625,0.0390625,-0.009765625
1730,0.341796875,0.380859375,0,-0.33203125
1731,0.37109375,0.33203125,-0.05859375,-0.15625
1732,0.322265625,0.361328125,-0.0390625,0.05859375
1733,0.458984375,0.48828125,0.078125,-0.205078125
1734,0.33203125,0.322265625,-0.029296875,-0.0390625
1735,0.263671875,0.41015625,0.078125,-0.05859375
1736,0.33203125,0.41015625,0.087890625,0.009765625
1737,0.2734375,0.380859375,0.05859375,-0.078125
1738,0.390625,0.33203125,0.078125,-0.078125
1739,0.3515625,0.302734375,-0.13671875,-0.126953125
1740,0.2734375,0.322265625,0,0.01953125
1741,0.44921875,0.390625,0.302734375,0.01953125
1742,0.419921875,0.25390625,-0.15625,0.01953125
1743,0.537109375,0.361328125,-0.048828125,0
1744,0.400390625,0.263671875,-0.17578125,0.048828125
1745,0.400390625,0.33203125,-0.1171875,0.0390625
1746,0.52734375,0.361328125,-0.009765625,-0.029296875
1747,0.400390625,0.341796875,-0.15625,0.068359375
1748,0.322265625,0.380859375,0.05859375,0.048828125
1749,0.517578125,0.400390625,-0.029296875,-0.048828125
1750,0.390625,0.5859375,-0.3125,-0.01953125
1751,0.302734375,0.390625,0,-0.13671875
1752,0.341796875,0.390625,0.01953125,-0.107421875
1753,0.3515625,0.6640625,0.107421875,-0.048828125
1754,0.33203125,0.37109375,-0.0390625,-0.087890625
1755,0.3515625,0.341796875,0.068359375,-0.048828125
1756,0.3125,0.6640625,0.234375,-0.009765625
1757,0.41015625,0.400390625,0.009765625,-0.126953125
1758,0.52734375,0.380859375,-0.0390625,-0.029296875
1759,0.380859375,0.224609375,-0.13671875,-0.0390625
1760,0.390625,0.37109375,-0.029296875,0.048828125
1761,0.46875,0.37109375,-0.009765625,0.0390625
1762,0.37109375,0.224609375,-0.1171875,-0.029296875
1763,0.33203125,0.380859375,-0.029296875,0.0390625
1764,0.478515625,0.341796875,-0.01953125,-0.068359375
1765,0.46875,0.52734375,-0.21484375,-0.087890625
1766,0.322265625,0.37109375,0.009765625,-0.05859375
1767,0.3125,0.283203125,-0.029296875,0.048828125
1768,0.41015625,0.517578125,0.126953125,-0.05859375
1769,0.3125,0.322265625,0.01953125,-0.01953125
1770,0.322265625,0.44921875,-0.068359375,-0.048828125
1771,0.41015625,0.5078125,0.09765625,0
1772,0.322265625,0.322265625,0.048828125,0
1773,0.4296875,0.439453125,0.13671875,-0.0390625
1774,0.37109375,0.263671875,-0.09765625,-0.01953125
1775,0.234375,0.439453125,-0.029296875,-0.029296875
1776,0.3515625,0.458984375,0.126953125,0.01953125
1777,0.322265625,0.29296875,-0.009765625,-0.05859375
1778,0.37109375,0.37109375,-0.068359375,-0.048828125
1779,0.341796875,0.33203125,-0.3125,-0.009765625
1780,0.390625,0.380859375,-0.009765625,0
1781,0.3515625,0.41015625,0.009765625,0.029296875
1782,0.419921875,0.33203125,-0.205078125,-0.048828125
1783,0.390625,0.380859375,-0.0390625,0.009765625
1784,0.48828125,0.380859375,-0.087890625,0.01953125
1785,0.3125,0.3515625,-0.166015625,-0.01953125
1786,0.37109375,0.5078125,-0.009765625,-0.1953125
1787,0.380859375,0.361328125,-0.01953125,0.048828125
1788,0.302734375,0.380859375,0.09765625,-0.009765625
1789,0.390625,0.380859375,0.05859375,-0.1171875
1790,0.390625,0.380859375,0.068359375,0.009765625
1791,0.361328125,0.380859375,0.068359375,0.029296875
1792,0.380859375,0.380859375,0.048828125,-0.166015625
1793,0.283203125,0.380859375,0.126953125,-0.048828125
1794,0.419921875,0.37109375,-0.0390625,0.01953125
1795,0.380859375,0.41015625,0,0.068359375
1796,0.3125,0.322265625,0.1171875,-0.048828125
1797,0.302734375,0.5078125,-0.068359375,0.01953125
1798,0.380859375,0.33203125,-0.029296875,0.048828125
1799,0.263671875,0.380859375,-0.17578125,-0.029296875
1800,0.390625,0.361328125,-0.107421875,-0.166015625
1801,0.33203125,0.283203125,0.01953125,-0.068359375
1802,0.380859375,0.380859375,-0.087890625,-0.0390625
1803,0.390625,0.322265625,-0.0390625,-0.283203125
1804,0.37109375,0.46875,-0.029296875,-0.05859375
1805,0.458984375,0.556640625,-0.17578125,0.029296875
1806,0.46875,0.390625,0.029296875,0.068359375
1807,0.52734375,0.341796875,0.029296875,-0.0390625
1808,0.37109375,0.5078125,0.068359375,0.01953125
1809,0.37109375,0.322265625,0.01953125,0.029296875
1810,0.3125,0.341796875,-0.0390625,-0.029296875
1811,0.33203125,0.361328125,0.1171875,-0.0390625
1812,0.41015625,0.4296875,-0.0390625,0.009765625
1813,0.361328125,0.37109375,0,-0.1171875
1814,0.37109375,0.3125,-0.078125,-0.0390625
1815,0.3515625,0.400390625,0.048828125,-0.0390625
1816,0.380859375,0.37109375,0.087890625,0
1817,0.361328125,0.283203125,-0.0390625,-0.029296875
1818,0.341796875,0.341796875,0.029296875,-0.05859375
1819,0.341796875,0.33203125,-0.029296875,-0.0390625
1820,0.361328125,0.33203125,-0.05859375,-0.078125
1821,0.361328125,0.439453125,-0.068359375,0.068359375
1822,0.380859375,0.341796875,0,-0.029296875
1823,0.33203125,0.439453125,-0.09765625,0.009765625
1824,0.380859375,0.29296875,-0.078125,0.009765625
1825,0.4296875,0.419921875,0,0
1826,0.400390625,0.341796875,-0.048828125,0.068359375
1827,0.576171875,0.41015625,-0.068359375,-0.01953125
1828,0.283203125,0.380859375,0,-0.01953125
1829,0.419921875,0.37109375,0,0.009765625
1830,0.556640625,0.37109375,-0.009765625,-0.0390625
1831,0.3125,0.322265625,0,0
1832,0.322265625,0.390625,0.05859375,0.009765625
1833,0.15625,0.3515625,0.009765625,-0.048828125
1834,0.3125,0.46875,0.1171875,-0.05859375
1835,0.37109375,0.37109375,0.048828125,-0.126953125
1836,0.205078125,0.3515625,0,0
1837,0.44921875,0.46875,0.1953125,-0.1171875
1838,0.3515625,0.3515625,-0.029296875,-0.087890625
1839,0.166015625,0.380859375,0.009765625,0.009765625
1840,0.390625,0.2734375,0.224609375,0.009765625
1841,0.322265625,0.341796875,0,0.029296875
1842,0.517578125,0.3515625,-0.029296875,-0.068359375
1843,0.37109375,0.234375,-0.1953125,0.01953125
1844,0.33203125,0.3515625,-0.05859375,0.048828125
1845,0.478515625,0.3125,-0.01953125,-0.009765625
1846,0.33203125,0.224609375,-0.107421875,0.068359375
1847,0.3515625,0.341796875,-0.087890625,0.078125
1848,0.3515625,0.3515625,-0.13671875,-0.01953125
1849,0.3515625,0.546875,0.166015625,0.0390625
1850,0.419921875,0.3515625,-0.048828125,-0.107421875
1851,0.302734375,0.341796875,-0.01953125,-0.0390625
1852,0.3125,0.458984375,0.126953125,0.068359375
1853,0.25390625,0.390625,0.01953125,-0.107421875
1854,0.25390625,0.361328125,-0.029296875,-0.01953125
1855,0.322265625,0.380859375,0.205078125,-0.234375
1856,0.21484375,0.361328125,0.078125,0.068359375
1857,0.380859375,0.458984375,0.05859375,-0.087890625
1858,0.3125,0.3515625,-0.126953125,-0.263671875
1859,0.21484375,0.33203125,0,0.009765625
1860,0.33203125,0.322265625,-0.029296875,0.009765625
1861,0.390625,0.33203125,0,0.146484375
1862,0.4296875,0.37109375,-0.1171875,0.068359375
1863,0.380859375,0.302734375,-0.1171875,0
1864,0.361328125,0.361328125,0.09765625,0.078125
1865,0.44921875,0.322265625,0,-0.05859375
1866,0.361328125,0.21484375,-0.09765625,-0.087890625
1867,0.361328125,0.361328125,0.048828125,0.087890625
1868,0.185546875,0.341796875,-0.009765625,-0.029296875
1869,0.419921875,0.087890625,0.185546875,-0.009765625
1870,0.3125,0.37109375,0.078125,-0.21484375
1871,0.1953125,0.361328125,-0.0390625,-0.009765625
1872,0.37109375,0.3515625,0.15625,-0.029296875
1873,0.380859375,0.322265625,-0.01953125,-0.1953125
1874,0.107421875,0.390625,0.029296875,-0.01953125
1875,0.3515625,0.244140625,0.146484375,-0.048828125
1876,0.498046875,0.4296875,-0.029296875,0.048828125
1877,0.44921875,0.361328125,-0.107421875,-0.05859375
1878,0.390625,0.2734375,-0.087890625,-0.01953125
1879,0.380859375,0.341796875,-0.0390625,0.05859375
1880,0.419921875,0.380859375,0.048828125,-0.048828125
1881,0.390625,0.37109375,-0.185546875,-0.068359375
1882,0.400390625,0.341796875,0.029296875,0
1883,0.3125,0.341796875,-0.029296875,0.01953125
1884,0.3515625,0.439453125,0.087890625,-0.01953125
1885,0.4296875,0.283203125,-0.029296875,-0.029296875
1886,0.33203125,0.234375,0,-0.048828125
1887,0.390625,0.537109375,0.01953125,-0.0390625
1888,0.458984375,0.361328125,0,-0.087890625
1889,0.2734375,0.341796875,-0.048828125,-0.01953125
1890,0.419921875,0.29296875,0.126953125,-0.029296875
1891,0.4296875,0.341796875,0.01953125,-0.05859375
1892,0.341796875,0.33203125,0.01953125,-0.0390625
1893,0.33203125,0.302734375,-0.01953125,-0.01953125
1894,0.46875,0.458984375,0,-0.068359375
1895,0.37109375,0.439453125,-0.009765625,-0.05859375
1896,0.41015625,0.302734375,0.009765625,-0.048828125
1897,0.234375,0.37109375,0,-0.087890625
1898,0.390625,0.390625,-0.05859375,-0.009765625
1899,0.3515625,0.302734375,-0.01953125,0
1900,0.29296875,0.380859375,0.01953125,-0.01953125
1901,0.33203125,0.4296875,-0.05859375,-0.009765625
1902,0.33203125,0.37109375,-0.0390625,0.068359375
1903,0.478515625,0.341796875,0,0.029296875
1904,0.390625,0.25390625,0.0390625,-0.05859375
1905,0.33203125,0.517578125,-0.009765625,-0.048828125
1906,0.56640625,0.3515625,-0.05859375,0.01953125
1907,0.361328125,0.302734375,0.029296875,0
1908,0.302734375,0.380859375,-0.078125,-0.048828125
1909,0.41015625,0.361328125,-0.048828125,-0.029296875
1910,0.400390625,0.419921875,0.078125,0
1911,0.37109375,0.390625,-0.029296875,-0.029296875
1912,0.283203125,0.361328125,-0.068359375,0
1913,0.33203125,0.44921875,0.009765625,-0.048828125
1914,0.37109375,0.3125,0,-0.078125
1915,0.25390625,0.576171875,0,-0.048828125
1916,0.3515625,0.41015625,-0.05859375,-0.21484375
1917,0.3515625,0.390625,0.01953125,0
1918,0.458984375,0.4296875,0,-0.029296875
1919,0.361328125,0.33203125,-0.068359375,-0.234375
1920,0.3515625,0.322265625,0.009765625,0.048828125
1921,0.498046875,0.341796875,-0.09765625,0
1922,0.390625,0.29296875,-0.029296875,-0.205078125
1923,0.46875,0.2734375,-0.05859375,-0.01953125
1924,0.458984375,0.2734375,-0.0390625,-0.01953125
1925,0.37109375,0.37109375,-0.029296875,0.01953125
1926,0.48828125,0.29296875,-0.068359375,-0.068359375
1927,0.380859375,0.46875,-0.068359375,-0.029296875
1928,0.3515625,0.3515625,0.05859375,0.0390625
1929,0.44921875,0.37109375,-0.068359375,-0.029296875
1930,0.341796875,0.46875,-0.0390625,-0.0390625
1931,0.341796875,0.33203125,-0.009765625,-0.205078125
1932,0.283203125,0.390625,-0.029296875,-0.126953125
1933,0.322265625,0.48828125,0.1171875,-0.0390625
1934,0.3515625,0.419921875,-0.029296875,-0.205078125
1935,0.17578125,0.341796875,0.05859375,0.009765625
1936,0.41015625,0.46875,0.1171875,-0.029296875
1937,0.302734375,0.361328125,-0.009765625,-0.1953125
1938,0.537109375,0.3515625,-0.107421875,0.0390625
1939,0.419921875,0.263671875,-0.107421875,-0.09765625
1940,0.263671875,0.341796875,-0.01953125,0.1953125
1941,0.537109375,0.322265625,0.048828125,0.009765625
1942,0.33203125,0.302734375,-0.078125,-0.01953125
1943,0.33203125,0.33203125,-0.087890625,0.15625
1944,0.625,0.3125,0,-0.009765625
1945,0.380859375,0.44921875,-0.0390625,0
1946,0.419921875,0.361328125,-0.01953125,-0.146484375
1947,0.166015625,0.322265625,-0.01953125,-0.0390625
1948,0.380859375,0.400390625,0.01953125,0.029296875
1949,0.263671875,0.37109375,-0.05859375,-0.087890625
1950,0.17578125,0.458984375,-0.029296875,-0.009765625
1951,0.37109375,0.439453125,-0.009765625,-0.1953125
1952,0.224609375,0.3515625,0.068359375,-0.13671875
1953,0.46875,0.478515625,0.01953125,-0.009765625
1954,0.361328125,0.361328125,0.01953125,-0.17578125
1955,0.263671875,0.41015625,0.029296875,0.009765625
1956,0.517578125,0.439453125,-0.087890625,0
1957,0.37109375,0.380859375,0,-0.13671875
1958,0.498046875,0.37109375,-0.05859375,-0.01953125
1959,0.46875,0.302734375,-0.126953125,-0.05859375
1960,0.33203125,0.341796875,-0.0390625,0.107421875
1961,0.52734375,0.37109375,0,0.0390625
1962,0.33203125,0.244140625,-0.13671875,-0.009765625
1963,0.390625,0.283203125,-0.09765625,0.126953125
1964,0.4296875,0.3515625,-0.0390625,0.029296875
1965,0.4296875,0.3515625,-0.146484375,-0.029296875
1966,0.400390625,0.419921875,-0.087890625,-0.185546875
1967,0.341796875,0.3515625,-0.146484375,0.01953125
1968,0.3515625,0.4296875,0.029296875,0.029296875
1969,0.361328125,0.341796875,-0.1171875,-0.029296875
1970,0.322265625,0.341796875,-0.048828125,-0.009765625
1971,0.302734375,0.5078125,0.1171875,0.048828125
1972,0.37109375,0.380859375,-0.107421875,-0.13671875
1973,0.3515625,0.37109375,0.029296875,-0.009765625
1974,0.3515625,0.380859375,-0.05859375,-0.09765625
1975,0.37109375,0.4296875,0.05859375,0.068359375
1976,0.390625,0.33203125,0.0390625,-0.009765625
1977,0.419921875,0.44921875,-0.166015625,-0.048828125
1978,0.5078125,0.341796875,0.048828125,-0.01953125
1979,0.380859375,0.341796875,-0.01953125,-0.01953125
1980,0.37109375,0.33203125,-0.13671875,0.234375
1981,0.556640625,0.3125,0,-0.029296875
1982,0.41015625,0.361328125,-0.078125,-0.01953125
1983,0.419921875,0.3515625,0.009765625,0.1953125
1984,0.5859375,0.341796875,-0.078125,-0.09765625
1985,0.361328125,0.439453125,-0.205078125,0.009765625
1986,0.3515625,0.302734375,0.0390625,-0.15625
1987,0.234375,0.3125,-0.01953125,-0.0390625
1988,0.400390625,0.400390625,0.029296875,-0.01953125
1989,0.390625,0.361328125,-0.0390625,-0.107421875
1990,0.244140625,0.41015625,-0.029296875,-0.009765625
1991,0.390625,0.478515625,0.029296875,-0.078125
1992,0.419921875,0.33203125,0.01953125,-0.1953125
1993,0.361328125,0.380859375,0.009765625,-0.107421875
1994,0.390625,0.283203125,-0.048828125,-0.068359375
1995,0.361328125,0.400390625,0.0390625,-0.029296875
1996,0.44921875,0.41015625,0.1171875,-0.205078125
1997,0.322265625,0.341796875,-0.009765625,0
1998,0.3125,0.361328125,-0.029296875,-0.078125
1999,0.46875,0.44921875,0.009765625,-0.029296875
2000,0.302734375,0.341796875,0.15625,0.01953125
2001,0.390625,0.361328125,-0.01953125,0.05859375
2002,0.322265625,0.517578125,-0.029296875,-0.009765625
2003,0.361328125,0.283203125,-0.09765625,0
2004,0.458984375,0.361328125,0.009765625,-0.009765625
2005,0.400390625,0.263671875,-0.05859375,0
2006,0.380859375,0.37109375,-0.1171875,-0.05859375
2007,0.4296875,0.33203125,-0.01953125,-0.01953125
2008,0.361328125,0.263671875,0.087890625,-0.01953125
2009,0.390625,0.4296875,0.13671875,-0.029296875
2010,0.400390625,0.37109375,0,-0.078125
2011,0.341796875,0.21484375,0.078125,-0.078125
2012,0.3125,0.419921875,0.068359375,0
2013,0.29296875,0.3515625,0.078125,-0.048828125
2014,0.341796875,0.4296875,-0.048828125,-0.0390625
2015,0.380859375,0.2734375,0.0390625,-0.107421875
2016,0.29296875,0.4296875,-0.009765625,-0.009765625
2017,0.458984375,0.56640625,-0.068359375,-0.0390625
2018,0.3125,0.25390625,0.01953125,-0.1953125
2019,0.283203125,0.37109375,0,-0.01953125
2020,0.4296875,0.29296875,-0.048828125,-0.009765625
2021,0.400390625,0.341796875,-0.078125,0.0390625
2022,0.5078125,0.361328125,-0.05859375,-0.009765625
2023,0.458984375,0.234375,-0.107421875,-0.01953125
2024,0.380859375,0.458984375,0.068359375,0.029296875
2025,0.46875,0.37109375,-0.048828125,-0.0390625
2026,0.322265625,0.283203125,-0.068359375,0
2027,0.4296875,0.361328125,-0.0390625,0.078125
2028,0.25390625,0.380859375,-0.107421875,-0.009765625
2029,0.419921875,0.4296875,0.078125,-0.087890625
2030,0.3515625,0.341796875,-0.068359375,-0.15625
2031,0.244140625,0.322265625,-0.107421875,-0.05859375
2032,0.29296875,0.48828125,0.068359375,-0.01953125
2033,0.33203125,0.419921875,0.087890625,-0.087890625
2034,0.234375,0.46875,0.15625,-0.09765625
2035,0.322265625,0.41015625,0.107421875,-0.029296875
2036,0.390625,0.400390625,-0.048828125,0.107421875
2037,0.4296875,0.3125,0.107421875,-0.0390625
2038,0.380859375,0.361328125,-0.0390625,-0.05859375
2039,0.380859375,0.361328125,0.05859375,0.087890625
2040,0.41015625,0.17578125,0.126953125,-0.029296875
2041,0.380859375,0.3125,-0.01953125,0.0390625
2042,0.400390625,0.341796875,-0.0390625,0.068359375
2043,0.44921875,0.126953125,-0.283203125,-0.009765625
2044,0.380859375,0.3515625,-0.009765625,0.1953125
2045,0.400390625,0.361328125,-0.029296875,-0.068359375
2046,0.3515625,0.21484375,-0.234375,-0.05859375
2047,0.361328125,0.33203125,0.009765625,0.068359375
2048,0.224609375,0.390625,-0.0390625,-0.068359375
2049,0.390625,0.537109375,0.13671875,0.048828125
2050,0.37109375,0.37109375,0.0390625,-0.29296875
2051,0.341796875,0.3125,-0.01953125,-0.0390625
2052,0.322265625,0.60546875,0.185546875,-0.01953125
2053,0.361328125,0.4296875,0,-0.3125
2054,0.263671875,0.361328125,0.05859375,0.009765625
2055,0.341796875,0.263671875,0.146484375,-0.068359375
2056,0.322265625,0.400390625,-0.009765625,0.1171875
2057,0.5859375,0.37109375,0.009765625,0.01953125
2058,0.3515625,0.205078125,-0.068359375,-0.009765625
2059,0.302734375,0.341796875,0,0.107421875
2060,0.60546875,0.322265625,0.05859375,-0.048828125
2061,0.322265625,0.224609375,-0.087890625,-0.029296875
2062,0.5859375,0.419921875,-0.048828125,0.107421875
2063,0.224609375,0.33203125,-0.078125,-0.048828125
2064,0.41015625,0.48828125,0.0390625,-0.0390625
2065,0.439453125,0.37109375,-0.048828125,-0.107421875
2066,0.25390625,0.33203125,-0.029296875,-0.009765625
2067,0.439453125,0.390625,-0.029296875,-0.048828125
2068,0.33203125,0.322265625,0.05859375,-0.09765625
2069,0.3515625,0.29296875,0,-0.126953125
2070,0.41015625,0.33203125,0.029296875,-0.09765625
2071,0.302734375,0.3515625,-0.01953125,-0.029296875
2072,0.37109375,0.29296875,0.009765625,-0.048828125
2073,0.33203125,0.37109375,-0.01953125,-0.09765625
2074,0.3125,0.341796875,0.048828125,-0.05859375
2075,0.419921875,0.4296875,-0.09765625,0.029296875
2076,0.33203125,0.322265625,-0.05859375,0.126953125
2077,0.3515625,0.322265625,-0.029296875,-0.01953125
2078,0.458984375,0.341796875,-0.087890625,-0.0390625
2079,0.380859375,0.3515625,-0.029296875,0.078125
2080,0.37109375,0.33203125,-0.01953125,0.029296875
2081,0.3515625,0.361328125,0.01953125,-0.009765625
2082,0.400390625,0.380859375,-0.048828125,0.126953125
2083,0.400390625,0.361328125,0,-0.0390625
2084,0.341796875,0.3125,0.029296875,0
2085,0.400390625,0.361328125,0,-0.087890625
2086,0.4296875,0.29296875,0.05859375,-0.029296875
2087,0.33203125,0.322265625,0.078125,-0.029296875
2088,0.322265625,0.361328125,0,-0.185546875
2089,0.419921875,0.390625,0.01953125,-0.01953125
2090,0.341796875,0.439453125,0.126953125,-0.2734375
2091,0.37109375,0.361328125,-0.009765625,0.048828125
2092,0.341796875,0.3515625,0.0390625,-0.01953125
2093,0.380859375,0.458984375,0.01953125,-0.234375
2094,0.322265625,0.3515625,0.009765625,0
2095,0.302734375,0.380859375,0,-0.05859375
2096,0.380859375,0.4296875,-0.087890625,0.01953125
2097,0.33203125,0.4296875,0.029296875,-0.0390625
2098,0.390625,0.361328125,0.01953125,-0.078125
2099,0.419921875,0.25390625,-0.029296875,-0.009765625
2100,0.283203125,0.341796875,0.01953125,0
2101,0.390625,0.390625,0.0390625,-0.01953125
2102,0.419921875,0.29296875,0,-0.13671875
2103,0.517578125,0.322265625,-0.01953125,-0.029296875
2104,0.361328125,0.400390625,-0.341796875,-0.009765625
2105,0.41015625,0.380859375,0.029296875,0.078125
2106,0.46875,0.2734375,-0.048828125,-0.05859375
2107,0.37109375,0.439453125,-0.224609375,0.01953125
2108,0.361328125,0.37109375,-0.029296875,0.048828125
2109,0.37109375,0.458984375,0.009765625,0.0390625
2110,0.390625,0.703125,-0.25390625,-0.0390625
2111,0.361328125,0.380859375,0.166015625,-0.17578125
2112,0.244140625,0.37109375,-0.009765625,-0.0390625
2113,0.37109375,0.732421875,0.224609375,0
2114,0.3515625,0.380859375,0.009765625,-0.13671875
2115,0.263671875,0.439453125,0.048828125,-0.078125
2116,0.361328125,0.546875,0.283203125,-0.05859375
2117,0.390625,0.478515625,-0.029296875,-0.205078125
2118,0.537109375,0.400390625,0.048828125,-0.029296875
2119,0.390625,0.1953125,-0.126953125,0.029296875
2120,0.263671875,0.322265625,-0.05859375,0.05859375
2121,0.48828125,0.380859375,0.009765625,0
2122,0.380859375,0.15625,-0.205078125,-0.029296875
2123,0.341796875,0.322265625,0.0390625,0.05859375
2124,0.5078125,0.15625,-0.224609375,0.009765625
2125,0.390625,0.498046875,-0.17578125,-0.068359375
2126,0.283203125,0.341796875,-0.009765625,-0.048828125
2127,0.2734375,0.234375,-0.33203125,-0.009765625
2128,0.44921875,0.546875,0.09765625,-0.029296875
2129,0.390625,0.380859375,-0.0390625,-0.068359375
2130,0.283203125,0.517578125,-0.185546875,-0.029296875
2131,0.380859375,0.498046875,0.1953125,0.01953125
2132,0.3125,0.3515625,0,-0.09765625
2133,0.380859375,0.537109375,0.1171875,-0.09765625
2134,0.4296875,0.283203125,-0.0390625,-0.068359375
2135,0.341796875,0.37109375,0.01953125,-0.0390625
2136,0.400390625,0.556640625,0.17578125,-0.009765625
2137,0.41015625,0.29296875,0,-0.029296875
2138,0.478515625,0.322265625,0.029296875,-0.0390625
2139,0.390625,0.263671875,-0.068359375,-0.009765625
2140,0.322265625,0.3125,0,0.166015625
2141,0.458984375,0.341796875,-0.01953125,-0.009765625
2142,0.400390625,0.1953125,-0.068359375,-0.048828125
2143,0.400390625,0.3515625,0,0.185546875
2144,0.498046875,0.390625,0.01953125,0.009765625
2145,0.37109375,0.419921875,-0.078125,-0.029296875
2146,0.439453125,0.244140625,-0.01953125,-0.185546875
2147,0.302734375,0.33203125,-0.009765625,-0.029296875
2148,0.37109375,0.458984375,0.087890625,-0.05859375
2149,0.37109375,0.419921875,-0.009765625,-0.146484375
2150,0.2734375,0.390625,0,-0.0390625
2151,0.37109375,0.380859375,0.1171875,-0.0390625
2152,0.400390625,0.3515625,0.048828125,-0.17578125
2153,0.400390625,0.380859375,0.01953125,-0.087890625
2154,0.3515625,0.25390625,-0.048828125,-0.048828125
2155,0.390625,0.3515625,0.009765625,0.087890625
2156,0.380859375,0.37109375,0.205078125,-0.05859375
2157,0.322265625,0.380859375,-0.048828125,-0.029296875
2158,0.400390625,0.390625,-0.029296875,0.107421875
2159,0.37109375,0.341796875,-0.15625,-0.029296875
2160,0.419921875,0.400390625,-0.166015625,0
2161,0.2734375,0.29296875,0,-0.087890625
2162,0.439453125,0.234375,-0.1171875,0.048828125
2163,0.41015625,0.361328125,0.009765625,0.05859375
2164,0.37109375,0.283203125,-0.048828125,-0.0390625
2165,0.37109375,0.44921875,-0.146484375,0.01953125
2166,0.400390625,0.341796875,0.0390625,0.1171875
2167,0.56640625,0.322265625,-0.078125,-0.0390625
2168,0.322265625,0.41015625,0.0390625,0.048828125
2169,0.400390625,0.3515625,-0.01953125,-0.048828125
2170,0.419921875,0.380859375,-0.009765625,-0.029296875
2171,0.361328125,0.341796875,0.068359375,-0.01953125
2172,0.322265625,0.33203125,-0.029296875,-0.01953125
2173,0.322265625,0.4296875,0.048828125,0
2174,0.361328125,0.322265625,-0.029296875,-0.0390625
2175,0.341796875,0.4296875,-0.05859375,-0.09765625
2176,0.302734375,0.3125,0.029296875,-0.078125
2177,0.302734375,0.322265625,0,-0.009765625
2178,0.1953125,0.4296875,-0.029296875,-0.029296875
2179,0.29296875,0.341796875,0,0
2180,0.361328125,0.29296875,0.01953125,-0.009765625
2181,0.244140625,0.390625,-0.068359375,0.048828125
2182,0.439453125,0.3125,-0.009765625,-0.01953125
2183,0.41015625,0.3515625,-0.078125,-0.029296875
2184,0.3515625,0.37109375,0.01953125,-0.01953125
2185,0.4296875,0.3515625,-0.0390625,-0.01953125
2186,0.380859375,0.263671875,-0.048828125,-0.05859375
2187,0.400390625,0.33203125,-0.078125,0.029296875
2188,0.25390625,0.390625,0.009765625,0.048828125
2189,0.44921875,0.361328125,0.068359375,-0.009765625
2190,0.37109375,0.37109375,-0.078125,-0.09765625
2191,0.234375,0.390625,-0.0390625,-0.09765625
2192,0.33203125,0.419921875,-0.009765625,-0.048828125
2193,0.29296875,0.419921875,0.009765625,-0.13671875
2194,0.2734375,0.48828125,-0.009765625,-0.068359375
2195,0.439453125,0.419921875,-0.009765625,0
2196,0.283203125,0.390625,0.0390625,-0.146484375
2197,0.33203125,0.44921875,-0.068359375,-0.09765625
2198,0.341796875,0.3515625,0,-0.01953125
2199,0.3125,0.390625,-0.029296875,0.0390625
2200,0.458984375,0.244140625,-0.029296875,0
2201,0.37109375,0.341796875,0.009765625,0
2202,0.517578125,0.361328125,-0.05859375,0.009765625
2203,0.400390625,0.224609375,0.087890625,-0.029296875
2204,0.33203125,0.361328125,-0.05859375,-0.009765625
2205,0.41015625,0.341796875,-0.009765625,0
2206,0.3515625,0.205078125,0,0.15625
2207,0.322265625,0.390625,-0.0390625,-0.029296875
2208,0.29296875,0.41015625,-0.048828125,-0.048828125
2209,0.33203125,0.478515625,0.126953125,0.17578125
2210,0.380859375,0.390625,-0.09765625,-0.078125
2211,0.322265625,0.341796875,-0.009765625,-0.048828125
2212,0.37109375,0.546875,0.087890625,0.1171875
2213,0.380859375,0.400390625,0.01953125,-0.078125
2214,0.3125,0.380859375,-0.01953125,-0.029296875
2215,0.341796875,0.21484375,0.05859375,-0.21484375
2216,0.244140625,0.41015625,0.048828125,-0.107421875
2217,0.33203125,0.400390625,0,-0.0390625
2218,0.380859375,0.283203125,-0.1953125,-0.3125
2219,0.205078125,0.37109375,-0.009765625,-0.009765625
2220,0.390625,0.3515625,-0.05859375,0.048828125
2221,0.3515625,0.322265625,-0.107421875,0.13671875
2222,0.546875,0.341796875,0.048828125,0.0390625
2223,0.390625,0.33203125,-0.05859375,-0.0390625
2224,0.361328125,0.341796875,0.068359375,0.126953125
2225,0.46875,0.3515625,-0.0390625,-0.068359375
2226,0.48828125,0.361328125,-0.13671875,-0.0390625
2227,0.380859375,0.37109375,0.048828125,0.166015625
2228,0.21484375,0.341796875,-0.029296875,-0.009765625
2229,0.41015625,0.400390625,0.107421875,-0.01953125
2230,0.380859375,0.380859375,0.0390625,-0.17578125
2231,0.25390625,0.3515625,-0.029296875,-0.0390625
2232,0.341796875,0.25390625,0.05859375,-0.068359375
2233,0.341796875,0.380859375,-0.009765625,-0.166015625
2234,0.1953125,0.390625,0,-0.029296875
2235,0.3125,0.263671875,0.15625,-0.029296875
2236,0.2734375,0.3515625,0.009765625,0.078125
2237,0.41015625,0.400390625,0.029296875,0.01953125
2238,0.4296875,0.2734375,-0.107421875,-0.048828125
2239,0.283203125,0.3125,-0.05859375,0.126953125
2240,0.498046875,0.341796875,0.0390625,0
2241,0.3125,0.3515625,-0.205078125,0.009765625
2242,0.5078125,0.390625,-0.029296875,0.0390625
2243,0.263671875,0.3125,-0.009765625,0.01953125
2244,0.380859375,0.44921875,0.029296875,-0.087890625
2245,0.400390625,0.3515625,-0.0390625,-0.048828125
2246,0.234375,0.2734375,-0.029296875,-0.078125
2247,0.390625,0.3515625,-0.0390625,0
2248,0.302734375,0.341796875,0,-0.01953125
2249,0.3125,0.44921875,0.05859375,-0.048828125
2250,0.478515625,0.380859375,0.09765625,-0.01953125
2251,0.29296875,0.341796875,0.01953125,-0.078125
2252,0.380859375,0.458984375,0.048828125,-0.01953125
2253,0.3515625,0.3125,-0.0390625,-0.05859375
2254,0.2734375,0.361328125,0.009765625,-0.01953125
2255,0.33203125,0.3125,0.126953125,-0.029296875
2256,0.37109375,0.29296875,0.01953125,0.09765625
2257,0.419921875,0.33203125,-0.029296875,-0.068359375
2258,0.41015625,0.33203125,-0.224609375,-0.048828125
2259,0.400390625,0.361328125,-0.029296875,-0.009765625
2260,0.458984375,0.380859375,0,-0.05859375
2261,0.3515625,0.302734375,-0.234375,0.029296875
2262,0.341796875,0.3515625,0.009765625,0.009765625
2263,0.390625,0.33203125,-0.087890625,0
2264,0.3515625,0.3125,0.126953125,-0.048828125
2265,0.400390625,0.390625,-0.078125,-0.166015625
2266,0.439453125,0.41015625,0.01953125,-0.01953125
2267,0.361328125,0.33203125,0.13671875,-0.068359375
2268,0.302734375,0.361328125,0.0390625,-0.146484375
2269,0.390625,0.390625,-0.224609375,0.029296875
2270,0.37109375,0.361328125,0.087890625,-0.048828125
2271,0.37109375,0.390625,0.0390625,0.048828125
2272,0.302734375,0.380859375,-0.15625,-0.009765625
2273,0.37109375,0.37109375,-0.0390625,-0.068359375
2274,0.4296875,0.361328125,0.087890625,0.048828125
2275,0.302734375,0.6640625,-0.068359375,-0.068359375
2276,0.341796875,0.361328125,-0.05859375,-0.1171875
2277,0.390625,0.439453125,0.01953125,0.048828125
2278,0.419921875,0.56640625,0.146484375,-0.048828125
2279,0.341796875,0.3125,0.05859375,-0.15625
2280,0.361328125,0.37109375,-0.01953125,-0.01953125
2281,0.46875,0.595703125,0.0390625,-0.09765625
2282,0.41015625,0.361328125,-0.068359375,-0.224609375
2283,0.537109375,0.2734375,-0.009765625,-0.068359375
2284,0.419921875,0.29296875,-0.087890625,0
2285,0.400390625,0.322265625,0,0.029296875
2286,0.44921875,0.361328125,-0.05859375,-0.0390625
2287,0.302734375,0.244140625,-0.146484375,0
2288,0.33203125,0.400390625,0,0.068359375
2289,0.458984375,0.400390625,0.048828125,-0.0390625
2290,0.322265625,0.458984375,-0.05859375,-0.087890625
2291,0.341796875,0.29296875,-0.009765625,-0.2734375
2292,0.25390625,0.3515625,-0.05859375,-0.029296875
2293,0.361328125,0.498046875,0.146484375,-0.05859375
2294,0.361328125,0.37109375,0.0390625,-0.126953125
2295,0.25390625,0.4296875,0.05859375,-0.01953125
2296,0.390625,0.46875,0.15625,0
2297,0.439453125,0.41015625,0,-0.224609375
2298,0.46875,0.4296875,-0.048828125,0
2299,0.322265625,0.263671875,-0.1171875,-0.0390625
2300,0.361328125,0.400390625,-0.029296875,0.146484375
2301,0.517578125,0.322265625,0,-0.078125
2302,0.37109375,0.263671875,-0.068359375,-0.0390625
2303,0.52734375,0.390625,-0.01953125,0.146484375
2304,0.52734375,0.322265625,-0.009765625,-0.048828125
2305,0.400390625,0.498046875,-0.1171875,0.09765625
2306,0.44921875,0.322265625,-0.0390625,-0.13671875
2307,0.17578125,0.341796875,-0.0390625,-0.048828125
2308,0.322265625,0.439453125,0.0390625,0.107421875
2309,0.556640625,0.33203125,0,-0.0390625
2310,0.21484375,0.4296875,0.048828125,-0.087890625
2311,0.302734375,0.419921875,0.078125,-0.1171875
2312,0.21484375,0.37109375,-0.01953125,-0.078125
2313,0.4296875,0.46875,0.087890625,-0.09765625
2314,0.361328125,0.3515625,0.009765625,-0.087890625
2315,0.21484375,0.41015625,-0.009765625,-0.01953125
2316,0.48828125,0.498046875,0.068359375,-0.05859375
2317,0.341796875,0.322265625,0,-0.13671875
2318,0.419921875,0.37109375,-0.078125,0.01953125
2319,0.4296875,0.21484375,-0.234375,0.048828125
2320,0.322265625,0.3515625,-0.0390625,0.078125
2321,0.546875,0.37109375,0.01953125,0.009765625
2322,0.361328125,0.224609375,-0.21484375,-0.01953125
2323,0.37109375,0.33203125,-0.068359375,0.09765625
2324,0.439453125,0.419921875,0.029296875,-0.029296875
2325,0.361328125,0.52734375,-0.13671875,-0.048828125
2326,0.44921875,0.341796875,-0.1171875,-0.185546875
2327,0.33203125,0.380859375,-0.048828125,0.009765625
2328,0.390625,0.439453125,0.166015625,-0.05859375
2329,0.400390625,0.302734375,0.009765625,-0.09765625
2330,0.3515625,0.37109375,-0.05859375,-0.0390625
2331,0.37109375,0.5078125,0.166015625,-0.009765625
2332,0.4296875,0.33203125,0,-0.15625
2333,0.390625,0.361328125,-0.009765625,0
2334,0.3515625,0.33203125,-0.146484375,-0.048828125
2335,0.390625,0.41015625,-0.029296875,0.0390625
2336,0.390625,0.341796875,-0.05859375,-0.1171875
2337,0.390625,0.322265625,-0.1171875,0
2338,0.390625,0.380859375,0.0390625,0.0390625
2339,0.33203125,0.361328125,0.078125,-0.078125
2340,0.478515625,0.390625,-0.09765625,0.048828125
2341,0.390625,0.3515625,0,-0.009765625
2342,0.390625,0.390625,0.029296875,0.01953125
2343,0.390625,0.37109375,0.078125,0.078125
2344,0.546875,0.390625,-0.0390625,-0.05859375
2345,0.4296875,0.419921875,-0.0390625,0.029296875
2346,0.361328125,0.2734375,0.126953125,-0.15625
2347,0.302734375,0.3125,-0.087890625,-0.01953125
2348,0.419921875,0.302734375,0.048828125,0.048828125
2349,0.419921875,0.390625,-0.048828125,-0.0390625
2350,0.21484375,0.458984375,-0.01953125,-0.048828125
2351,0.341796875,0.33203125,0.048828125,-0.068359375
2352,0.33203125,0.341796875,-0.068359375,-0.1953125
2353,0.400390625,0.341796875,0.029296875,-0.029296875
2354,0.33203125,0.37109375,0.01953125,-0.05859375
2355,0.3515625,0.361328125,-0.009765625,-0.068359375
2356,0.46875,0.419921875,0.0390625,-0.0390625
2357,0.33203125,0.341796875,0.087890625,-0.05859375
2358,0.400390625,0.400390625,-0.009765625,0.01953125
2359,0.41015625,0.41015625,-0.048828125,-0.048828125
2360,0.322265625,0.224609375,0,-0.0390625
2361,0.37109375,0.3515625,0.009765625,0.0390625
2362,0.380859375,0.341796875,-0.009765625,-0.048828125
2363,0.380859375,0.283203125,-0.13671875,-0.048828125
2364,0.439453125,0.302734375,-0.029296875,-0.01953125
2365,0.419921875,0.244140625,-0.05859375,-0.0390625
2366,0.439453125,0.283203125,-0.107421875,-0.05859375
2367,0.4296875,0.3125,-0.048828125,-0.009765625
2368,0.361328125,0.361328125,0,-0.0390625
2369,0.41015625,0.458984375,0.078125,0.048828125
2370,0.419921875,0.3515625,-0.029296875,-0.05859375
2371,0.361328125,0.37109375,-0.009765625,-0.009765625
2372,0.25390625,0.46875,0.078125,-0.009765625
2373,0.21484375,0.380859375,-0.05859375,-0.05859375
2374,0.341796875,0.44921875,-0.126953125,-0.0390625
2375,0.341796875,0.3125,0.068359375,-0.0390625
2376,0.2734375,0.419921875,-0.068359375,-0.048828125
2377,0.419921875,0.400390625,-0.01953125,-0.05859375
2378,0.41015625,0.25390625,-0.048828125,-0.05859375
2379,0.25390625,0.341796875,-0.05859375,-0.029296875
2380,0.400390625,0.302734375,-0.087890625,0
2381,0.498046875,0.29296875,-0.029296875,-0.0390625
2382,0.48828125,0.41015625,-0.029296875,-0.078125
2383,0.380859375,0.283203125,0.009765625,-0.009765625
2384,0.400390625,0.380859375,-0.009765625,0
2385,0.478515625,0.37109375,-0.01953125,0
2386,0.400390625,0.263671875,0.048828125,-0.01953125
2387,0.33203125,0.37109375,-0.048828125,-0.1171875
2388,0.3125,0.41015625,0.009765625,0.009765625
2389,0.400390625,0.41015625,0,-0.048828125
2390,0.400390625,0.29296875,0.01953125,-0.087890625
2391,0.244140625,0.380859375,0.0390625,-0.0390625
2392,0.361328125,0.419921875,-0.029296875,-0.01953125
2393,0.361328125,0.3515625,0.029296875,-0.09765625
2394,0.3125,0.56640625,0.234375,-0.048828125
2395,0.3125,0.29296875,-0.0390625,0
2396,0.390625,0.46875,0.009765625,0.068359375
2397,0.44921875,0.48828125,0.0390625,-0.0390625
2398,0.361328125,0.33203125,-0.05859375,-0.078125
2399,0.33203125,0.341796875,-0.009765625,0.087890625
2400,0.439453125,0.283203125,0.15625,-0.048828125
2401,0.48828125,0.380859375,-0.029296875,-0.05859375
2402,0.41015625,0.33203125,-0.029296875,0.068359375
2403,0.380859375,0.185546875,-0.2734375,0
2404,0.380859375,0.380859375,-0.01953125,0
2405,0.390625,0.302734375,-0.009765625,-0.1171875
2406,0.2734375,0.224609375,-0.205078125,0
2407,0.380859375,0.3515625,0,0.05859375
2408,0.224609375,0.380859375,-0.078125,-0.048828125
2409,0.380859375,0.634765625,0.166015625,0.048828125
2410,0.341796875,0.361328125,-0.029296875,-0.283203125
2411,0.263671875,0.322265625,-0.05859375,-0.01953125
2412,0.380859375,0.576171875,0.107421875,-0.0390625
2413,0.361328125,0.380859375,0,-0.2734375
2414,0.1953125,0.33203125,0.01953125,0.01953125
2415,0.341796875,0.21484375,0.234375,-0.029296875
2416,0.361328125,0.380859375,-0.009765625,0.068359375
2417,0.6640625,0.361328125,0.01953125,-0.01953125
2418,0.390625,0.17578125,-0.068359375,-0.05859375
2419,0.380859375,0.341796875,0.048828125,0.087890625
2420,0.517578125,0.341796875,0.0390625,0.029296875
2421,0.3515625,0.244140625,-0.107421875,-0.01953125
2422,0.37109375,0.2734375,-0.0390625,0.09765625
2423,0.283203125,0.3515625,-0.05859375,-0.0390625
2424,0.37109375,0.400390625,0.009765625,-0.0390625
2425,0.517578125,0.33203125,-0.009765625,-0.05859375
2426,0.29296875,0.3515625,-0.0390625,-0.078125
2427,0.44921875,0.390625,0.05859375,-0.0390625
2428,0.2734375,0.37109375,0,-0.0390625
2429,0.244140625,0.478515625,0.029296875,-0.048828125
2430,0.361328125,0.37109375,0.01953125,-0.21484375
2431,0.2734375,0.400390625,0.0390625,-0.078125
2432,0.37109375,0.5078125,-0.0390625,0.01953125
2433,0.37109375,0.390625,-0.01953125,-0.185546875
2434,0.283203125,0.400390625,-0.01953125,-0.048828125
2435,0.41015625,0.322265625,-0.087890625,0.009765625
2436,0.37109375,0.341796875,-0.029296875,0.087890625
2437,0.46875,0.41015625,0.009765625,-0.01953125
2438,0.3515625,0.283203125,-0.048828125,0.0390625
2439,0.37109375,0.341796875,-0.0390625,0.126953125
2440,0.44921875,0.390625,-0.01953125,0.009765625
2441,0.4296875,0.3125,0,0.0390625
2442,0.390625,0.3515625,0,0.13671875
2443,0.380859375,0.341796875,0.01953125,-0.029296875
2444,0.390625,0.361328125,0.224609375,-0.009765625
2445,0.3515625,0.37109375,0.029296875,-0.15625
2446,0.302734375,0.341796875,-0.107421875,-0.01953125
2447,0.3515625,0.37109375,0.05859375,-0.048828125
2448,0.37109375,0.380859375,0.01953125,-0.166015625
2449,0.361328125,0.3515625,0.0390625,0.0390625
2450,0.37109375,0.3515625,0.09765625,-0.126953125
2451,0.322265625,0.283203125,-0.078125,0.0390625
2452,0.41015625,0.341796875,-0.029296875,0.01953125
2453,0.341796875,0.41015625,-0.234375,-0.029296875
2454,0.322265625,0.361328125,-0.01953125,0.1171875
2455,0.302734375,0.37109375,-0.009765625,-0.107421875
2456,0.37109375,0.390625,-0.146484375,-0.068359375
2457,0.517578125,0.390625,-0.01953125,-0.01953125
2458,0.3515625,0.3515625,0.17578125,-0.087890625
2459,0.283203125,0.341796875,0.0390625,0
2460,0.390625,0.322265625,0.029296875,-0.05859375
2461,0.3515625,0.33203125,0.107421875,-0.048828125
2462,0.37109375,0.302734375,0.048828125,0
2463,0.5859375,0.234375,-0.029296875,-0.01953125
2464,0.3515625,0.439453125,-0.25390625,0.01953125
2465,0.390625,0.41015625,0.0390625,0.107421875
2466,0.478515625,0.361328125,-0.107421875,-0.0390625
2467,0.37109375,0.537109375,-0.21484375,-0.029296875
2468,0.341796875,0.390625,0.029296875,0.13671875
2469,0.517578125,0.400390625,0.048828125,-0.009765625
2470,0.380859375,0.556640625,-0.25390625,-0.048828125
2471,0.361328125,0.380859375,-0.029296875,-0.205078125
2472,0.224609375,0.37109375,-0.068359375,-0.048828125
2473,0.33203125,0.546875,0.2734375,-0.0390625
2474,0.361328125,0.390625,-0.01953125,-0.185546875
2475,0.244140625,0.400390625,0.01953125,0
2476,0.3515625,0.52734375,0.244140625,-0.13671875
2477,0.361328125,0.37109375,-0.048828125,-0.205078125
2478,0.634765625,0.390625,-0.009765625,-0.0390625
2479,0.380859375,0.15625,-0.146484375,-0.0390625
2480,0.44921875,0.37109375,0.009765625,0.068359375
2481,0.56640625,0.390625,-0.01953125,-0.009765625
2482,0.380859375,0.17578125,-0.224609375,-0.126953125
2483,0.48828125,0.3125,0.009765625,0.078125
2484,0.498046875,0.263671875,0.05859375,-0.029296875
2485,0.390625,0.498046875,-0.17578125,-0.01953125
2486,0.56640625,0.283203125,-0.009765625,-0.107421875
2487,0.283203125,0.224609375,0.05859375,-0.009765625
2488,0.390625,0.546875,0.087890625,-0.009765625
2489,0.419921875,0.361328125,0.048828125,-0.05859375
2490,0.263671875,0.517578125,0.078125,0.0390625
2491,0.3515625,0.46875,0.0390625,-0.146484375
2492,0.263671875,0.41015625,-0.029296875,-0.048828125
2493,0.419921875,0.52734375,0.009765625,0
2494,0.361328125,0.2734375,0,-0.126953125
2495,0.25390625,0.361328125,0.009765625,-0.0390625
2496,0.3515625,0.4296875,0.05859375,0.029296875
2497,0.390625,0.3125,0.029296875,-0.13671875
2498,0.458984375,0.41015625,-0.048828125,-0.078125
2499,0.3515625,0.29296875,-0.13671875,0.068359375
2500,0.400390625,0.3515625,0.029296875,0.087890625
2501,0.537109375,0.400390625,0.029296875,0.01953125
2502,0.390625,0.283203125,-0.09765625,0.01953125
2503,0.341796875,0.322265625,0.009765625,0.1171875
2504,0.5078125,0.341796875,0.0390625,0.009765625
2505,0.41015625,0.400390625,-0.146484375,-0.009765625
2506,0.380859375,0.3515625,-0.0390625,-0.107421875
2507,0.244140625,0.33203125,0.01953125,-0.009765625
2508,0.390625,0.4296875,0.068359375,-0.029296875
2509,0.400390625,0.3515625,-0.029296875,-0.1953125
2510,0.25390625,0.37109375,-0.0390625,-0.029296875
2511,0.341796875,0.458984375,0.09765625,0.0390625
2512,0.37109375,0.302734375,-0.0390625,-0.185546875
2513,0.400390625,0.4296875,0.078125,-0.0390625
2514,0.390625,0.37109375,-0.087890625,-0.01953125
2515,0.400390625,0.380859375,0,0.1171875
2516,0.41015625,0.341796875,0.322265625,-0.05859375
2517,0.380859375,0.380859375,-0.078125,-0.126953125
2518,0.33203125,0.33203125,-0.0390625,0.029296875
2519,0.4296875,0.3515625,-0.048828125,-0.126953125
2520,0.283203125,0.400390625,-0.029296875,0.244140625
2521,0.33203125,0.33203125,-0.029296875,-0.09765625
2522,0.341796875,0.205078125,-0.107421875,-0.048828125
2523,0.37109375,0.3125,0.029296875,0.146484375
2524,0.390625,0.37109375,0,-0.107421875
2525,0.361328125,0.400390625,-0.0390625,-0.009765625
2526,0.419921875,0.361328125,0,0.029296875
2527,0.595703125,0.283203125,-0.048828125,-0.185546875
2528,0.361328125,0.419921875,0.1171875,-0.048828125
2529,0.380859375,0.37109375,-0.029296875,-0.009765625
2530,0.537109375,0.400390625,-0.0390625,-0.068359375
2531,0.302734375,0.380859375,0.009765625,-0.009765625
2532,0.3515625,0.380859375,-0.01953125,-0.029296875
2533,0.263671875,0.361328125,0.01953125,0.009765625
2534,0.380859375,0.41015625,0,0.029296875
2535,0.3515625,0.37109375,0.009765625,-0.078125
2536,0.1953125,0.3125,0.107421875,-0.0390625
2537,0.390625,0.361328125,0.05859375,-0.05859375
2538,0.517578125,0.400390625,-0.05859375,-0.146484375
2539,0.439453125,0.3515625,-0.068359375,-0.048828125
2540,0.322265625,0.33203125,0.0390625,-0.05859375
2541,0.52734375,0.419921875,0.009765625,0.048828125
2542,0.380859375,0.341796875,-0.048828125,0.009765625
2543,0.3515625,0.390625,-0.126953125,-0.05859375
2544,0.615234375,0.341796875,0,0.126953125
2545,0.498046875,0.2734375,-0.068359375,-0.0390625
2546,0.41015625,0.29296875,0.107421875,-0.09765625
2547,0.302734375,0.33203125,0.01953125,0.078125
2548,0.283203125,0.2734375,0.01953125,-0.048828125
2549,0.390625,0.41015625,0.009765625,-0.068359375
2550,0.3515625,0.390625,-0.009765625,-0.107421875
2551,0.3125,0.244140625,-0.048828125,-0.0390625
2552,0.380859375,0.41015625,-0.048828125,-0.126953125
2553,0.3515625,0.37109375,0,-0.09765625
2554,0.234375,0.439453125,-0.15625,-0.01953125
2555,0.2734375,0.41015625,-0.029296875,0.068359375
2556,0.37109375,0.380859375,0.01953125,0.048828125
2557,0.419921875,0.48828125,-0.087890625,-0.087890625
2558,0.390625,0.3515625,0.01953125,0.09765625
2559,0.380859375,0.33203125,-0.048828125,-0.05859375
2560,0.400390625,0.283203125,-0.009765625,-0.09765625
2561,0.341796875,0.322265625,-0.0390625,0
2562,0.458984375,0.361328125,-0.048828125,-0.09765625
2563,0.380859375,0.322265625,0.029296875,-0.185546875
2564,0.390625,0.3515625,0,0.0390625
2565,0.56640625,0.322265625,-0.01953125,0.107421875
2566,0.3515625,0.2734375,0,0.01953125
2567,0.3515625,0.3515625,-0.01953125,-0.01953125
2568,0.3515625,0.3515625,0.107421875,0.029296875
2569,0.3125,0.48828125,-0.0390625,0.01953125
2570,0.37109375,0.390625,-0.244140625,-0.0390625
2571,0.322265625,0.37109375,-0.1953125,-0.0390625
2572,0.341796875,0.439453125,-0.1171875,-1.005859375
2573,0.4296875,0.400390625,-0.166015625,-0.72265625
2574,0.361328125,0.380859375,-0.244140625,-0.966796875
2575,0.361328125,0.2734375,-0.244140625,-0.830078125
2576,0.3125,0.37109375,-0.224609375,-0.791015625
2577,0.37109375,0.380859375,-0.234375,-0.830078125
2578,0.390625,0.3125,-0.224609375,-0.78125
2579,0.400390625,0.3125,-0.13671875,-0.83984375
2580,0.400390625,0.41015625,-0.21484375,-0.732421875
2581,0.439453125,0.3515625,-0.1953125,-0.859375
2582,0.5078125,0.341796875,-1.162109375,-0.8203125
2583,0.3125,0.400390625,-1.2890625,-0.8203125
2584,0.341796875,0.341796875,-1.26953125,-0.478515625
2585,0.556640625,0.29296875,-1.25,-0.29296875
2586,0.458984375,0.29296875,-1.34765625,-0.322265625
2587,0.380859375,0.3515625,-1.25,-0.33203125
2588,0.185546875,0.322265625,-1.2109375,-0.37109375
2589,0.380859375,0.478515625,-1.240234375,-0.341796875
2590,0.41015625,0.3125,-1.279296875,-0.361328125
2591,0.21484375,0.361328125,-1.2890625,-0.37109375
2592,0.33203125,0.4296875,-1.2109375,-0.29296875
2593,0.3515625,0.37109375,-1.30859375,-0.341796875
2594,0.224609375,0.37109375,-1.26953125,-0.25390625
2595,0.341796875,0.263671875,-1.3671875,-0.341796875
2596,0.380859375,0.400390625,-1.26953125,-0.302734375
2597,0.48828125,0.458984375,0.009765625,-0.322265625
2598,0.400390625,0.224609375,0.048828125,-0.322265625
2599,0.361328125,0.3515625,0.078125,-0.166015625
2600,0.478515625,0.224609375,0.078125,-0.17578125
2601,0.400390625,0.419921875,0.078125,-0.205078125
2602,0.390625,0.244140625,0.09765625,-0.126953125
2603,0.302734375,0.25390625,0.048828125,-0.15625
2604,0.3515625,0.380859375,-0.13671875,-0.13671875
2605,0.419921875,0.37109375,0.01953125,-0.234375
2606,0.2734375,0.283203125,0.029296875,-0.15625
2607,0.390625,0.4296875,0.09765625,-0.234375
2608,0.29296875,0.37109375,0.1171875,-0.048828125
2609,0.3125,0.546875,0.087890625,-0.224609375
2610,0.3515625,0.224609375,0.01953125,-0.21484375
2611,0.283203125,0.361328125,-0.4296875,-0.2734375
2612,0.419921875,0.56640625,-0.458984375,-0.185546875
2613,0.361328125,0.3515625,-0.400390625,-0.341796875
2614,0.283203125,0.361328125,-0.390625,-0.29296875
2615,0.380859375,0.2734375,-0.419921875,-0.33203125
2616,0.400390625,0.341796875,-0.302734375,-0.29296875
2617,0.537109375,0.380859375,-0.3515625,-0.244140625
2618,0.390625,0.166015625,-0.3515625,-0.185546875
2619,0.341796875,0.361328125,-0.37109375,-0.322265625
2620,0.46875,0.341796875,-0.234375,-0.322265625
2621,0.380859375,0.234375,-0.4296875,-0.390625
2622,0.400390625,0.3515625,-0.263671875,-0.341796875
2623,0.29296875,0.322265625,-0.361328125,-0.400390625
2624,0.400390625,0.390625,-0.37109375,-0.33203125
2625,0.458984375,0.419921875,-0.41015625,-0.322265625
2626,0.341796875,0.322265625,-0.3125,-0.263671875
2627,0.380859375,0.4296875,-0.29296875,-0.263671875
2628,0.380859375,0.361328125,-0.322265625,-0.33203125
2629,0.361328125,0.302734375,-0.166015625,-0.341796875
2630,0.3515625,0.419921875,-0.380859375,-0.390625
2631,0.380859375,0.37109375,-0.33203125,-0.322265625
2632,0.33203125,0.3515625,-0.302734375,-0.322265625
2633,0.390625,0.361328125,-0.41015625,-0.33203125
2634,0.341796875,0.390625,-0.2734375,-0.41015625
2635,0.44921875,0.546875,-0.3125,-0.2734375
2636,0.33203125,0.380859375,-0.224609375,-0.302734375
2637,0.341796875,0.41015625,-0.3125,-0.224609375
2638,0.390625,0.5078125,-0.29296875,-0.361328125
2639,0.3515625,0.380859375,-0.25390625,-0.2734375
2640,0.380859375,0.380859375,-0.41015625,-0.1953125
2641,0.37109375,0.634765625,-0.341796875,-0.2734375
2642,0.400390625,0.361328125,-0.380859375,-0.21484375
2643,0.48828125,0.283203125,-0.3125,-0.224609375
2644,0.41015625,0.146484375,-0.419921875,-0.224609375
2645,0.419921875,0.341796875,-0.380859375,-0.380859375
2646,0.5078125,0.322265625,-0.33203125,-0.263671875
2647,0.380859375,0.283203125,-0.322265625,-0.234375
2648,0.37109375,0.380859375,-0.3515625,-0.478515625
2649,0.498046875,0.390625,-0.37109375,-0.263671875
2650,0.361328125,0.44921875,-0.390625,-0.234375
2651,0.3515625,0.3515625,-0.400390625,-0.263671875
2652,0.2734375,0.400390625,-0.302734375,-0.3125
2653,0.361328125,0.400390625,-0.244140625,-0.29296875
2654,0.322265625,0.361328125,-0.33203125,-0.380859375
2655,0.2734375,0.2734375,-0.37109375,-0.29296875
2656,0.283203125,0.478515625,-0.25390625,-0.341796875
2657,0.21484375,0.341796875,-0.341796875,-0.21484375
2658,0.556640625,0.3515625,-0.37109375,-0.283203125
2659,0.3515625,0.2734375,-0.361328125,-0.302734375
2660,0.244140625,0.3125,-0.302734375,-0.21484375
2661,0.439453125,0.37109375,-0.283203125,-0.33203125
2662,0.341796875,0.166015625,-0.33203125,-0.361328125
2663,0.4296875,0.37109375,-0.361328125,-0.341796875
2664,0.625,0.361328125,-0.37109375,-0.17578125
2665,0.419921875,0.419921875,-0.21484375,-0.322265625
2666,0.48828125,0.341796875,-0.361328125,-0.3125
2667,0.224609375,0.361328125,-0.439453125,-0.283203125
2668,0.3515625,0.439453125,-0.390625,-0.400390625
2669,0.419921875,0.400390625,-0.37109375,-0.322265625
2670,0.21484375,0.546875,-0.390625,-0.3125
2671,0.341796875,0.458984375,-0.380859375,-0.3515625
2672,0.29296875,0.41015625,-0.5078125,-0.3515625
2673,0.419921875,0.5078125,-0.29296875,-0.458984375
2674,0.341796875,0.37109375,-0.37109375,-0.41015625
2675,0.244140625,0.37109375,-0.44921875,-0.3515625
2676,0.4296875,0.5078125,-0.41015625,-0.263671875
2677,0.41015625,0.244140625,-0.439453125,-0.3515625
2678,0.498046875,0.41015625,-0.224609375,-0.25390625
2679,0.478515625,0.15625,-0.322265625,-0.341796875
2680,0.322265625,0.380859375,-0.361328125,-0.3515625
2681,0.48828125,0.380859375,-0.205078125,-0.478515625
2682,0.439453125,0.17578125,-0.25390625,-0.33203125
2683,0.361328125,0.41015625,-0.283203125,-0.341796875
2684,0.517578125,0.37109375,-0.234375,-0.37109375
2685,0.361328125,0.458984375,-0.2734375,-0.41015625
2686,0.4296875,0.361328125,-0.341796875,-0.283203125
2687,0.33203125,0.263671875,-0.380859375,-0.29296875
2688,0.380859375,0.458984375,-0.25390625,-0.458984375
2689,0.3515625,0.37109375,-0.322265625,-0.41015625
2690,0.3125,0.361328125,-0.17578125,-0.390625
2691,0.37109375,0.46875,-0.29296875,-0.41015625
2692,0.37109375,0.3515625,-0.29296875,-0.41015625
2693,0.44921875,0.380859375,-0.224609375,-0.33203125
2694,0.361328125,0.29296875,-0.29296875,-0.361328125
2695,0.3515625,0.419921875,-0.263671875,-0.400390625
2696,0.341796875,0.37109375,-0.283203125,-0.361328125
2697,0.380859375,0.380859375,-0.1953125,-0.4296875
2698,0.3125,0.37109375,-0.1953125,-0.380859375
2699,0.400390625,0.390625,-0.283203125,-0.458984375
2700,0.33203125,0.400390625,-0.205078125,-0.283203125
2701,0.205078125,0.380859375,-0.15625,-0.439453125
2702,0.41015625,0.400390625,-0.185546875,-0.361328125
2703,0.400390625,0.3515625,-0.234375,-0.41015625
2704,0.380859375,0.3515625,-0.29296875,-0.400390625
2705,0.380859375,0.302734375,-0.234375,-0.37109375
2706,0.4296875,0.4296875,-0.234375,-0.5078125
2707,0.302734375,0.3125,-0.3125,-0.3125
2708,0.33203125,0.322265625,-0.361328125,-0.37109375
2709,0.361328125,0.302734375,-0.400390625,-0.302734375
2710,0.33203125,0.41015625,-0.52734375,-0.37109375
2711,0.3125,0.234375,-0.224609375,-0.419921875
2712,0.302734375,0.390625,-0.400390625,-0.48828125
2713,0.380859375,0.4296875,-0.234375,-0.458984375
2714,0.341796875,0.458984375,-0.341796875,-0.4296875
2715,0.419921875,0.361328125,-0.3125,-0.380859375
2716,0.4296875,0.341796875,-0.44921875,-0.37109375
2717,0.361328125,0.400390625,-0.283203125,-0.283203125
2718,0.400390625,0.400390625,-0.3125,-0.29296875
2719,0.4296875,0.29296875,-0.2734375,-0.458984375
2720,0.322265625,0.283203125,-0.400390625,-0.380859375
2721,0.419921875,0.3515625,-0.205078125,-0.419921875
2722,0.419921875,0.263671875,-0.33203125,-0.44921875
2723,0.419921875,0.283203125,-0.2734375,-0.380859375
2724,0.390625,0.361328125,-0.25390625,-0.390625
2725,0.52734375,0.5078125,-0.33203125,-0.41015625
2726,0.322265625,0.322265625,-0.29296875,-0.37109375
2727,0.3515625,0.390625,-0.41015625,-0.33203125
2728,0.3125,0.478515625,-0.400390625,-0.37109375
2729,0.400390625,0.546875,-0.2734375,-0.41015625
2730,0.46875,0.4296875,-0.322265625,-0.37109375
2731,0.3125,0.458984375,-0.283203125,-0.380859375
2732,0.341796875,0.390625,-0.380859375,-0.46875
2733,0.400390625,0.361328125,-0.3515625,-0.41015625
2734,0.283203125,0.361328125,-0.322265625,-0.4296875
2735,0.37109375,0.25390625,-0.29296875,-0.3515625
2736,0.390625,0.400390625,-0.244140625,-0.44921875
2737,0.380859375,0.283203125,-0.3125,-0.48828125
2738,0.41015625,0.283203125,-0.17578125,-0.341796875
2739,0.41015625,0.3515625,-0.37109375,-0.4296875
2740,0.390625,0.390625,-0.33203125,-0.46875
2741,0.37109375,0.302734375,-0.4296875,-0.41015625
2742,0.390625,0.25390625,-0.302734375,-0.419921875
2743,0.3125,0.3125,-0.25390625,-0.5078125
2744,0.390625,0.419921875,-0.224609375,-0.361328125
2745,0.41015625,0.3515625,-0.283203125,-0.419921875
2746,0.37109375,0.380859375,-0.322265625,-0.361328125
2747,0.361328125,0.361328125,-0.400390625,-0.439453125
2748,0.322265625,0.400390625,-0.302734375,-0.439453125
2749,0.322265625,0.3515625,-0.302734375,-0.3125
2750,0.419921875,0.380859375,-0.224609375,-0.390625
2751,0.341796875,0.37109375,-0.1953125,-0.41015625
2752,0.341796875,0.41015625,-0.126953125,-0.166015625
2753,0.341796875,0.41015625,-0.234375,-0.419921875
2754,0.302734375,0.56640625,-0.4296875,-0.341796875
2755,0.302734375,0.341796875,-0.29296875,-0.322265625
2756,0.400390625,0.3125,-0.322265625,-0.380859375
2757,0.400390625,0.576171875,-0.224609375,-0.41015625
2758,0.37109375,0.322265625,-0.17578125,-0.419921875
2759,0.3515625,0.400390625,-0.25390625,-0.33203125
2760,0.4296875,0.41015625,-0.263671875,-0.419921875
2761,0.380859375,0.33203125,-0.29296875,-0.361328125
2762,0.400390625,0.3515625,-0.322265625,-0.361328125
2763,0.390625,0.302734375,-0.283203125,-0.341796875
2764,0.341796875,0.4296875,-0.15625,-0.341796875
2765,0.37109375,0.3515625,-0.361328125,-0.390625
2766,0.33203125,0.3125,-0.2734375,-0.33203125
2767,0.33203125,0.390625,-0.361328125,-0.37109375
2768,0.21484375,0.400390625,-0.3515625,-0.390625
2769,0.400390625,0.56640625,-0.107421875,-0.458984375
2770,0.380859375,0.390625,-0.322265625,-0.400390625
2771,0.166015625,0.341796875,-0.33203125,-0.400390625
2772,0.283203125,0.615234375,-0.234375,-0.390625
2773,0.2734375,0.361328125,-0.283203125,-0.400390625
2774,0.244140625,0.380859375,-0.3515625,-0.380859375
2775,0.302734375,0.302734375,-0.29296875,-0.400390625
2776,0.302734375,0.380859375,-0.41015625,-0.37109375
2777,0.46875,0.390625,-0.1953125,-0.4296875
2778,0.3515625,0.234375,-0.29296875,-0.390625
2779,0.33203125,0.3125,-0.3125,-0.37109375
2780,0.498046875,0.37109375,-0.2734375,-0.244140625
2781,0.419921875,0.166015625,-0.283203125,-0.41015625
2782,0.498046875,0.322265625,-0.263671875,-0.263671875
2783,0.29296875,0.37109375,-0.322265625,-0.361328125
2784,0.380859375,0.4296875,-0.21484375,-0.361328125
2785,0.478515625,0.33203125,-0.263671875,-0.46875
2786,0.3125,0.322265625,-0.244140625,-0.400390625
2787,0.37109375,0.400390625,-0.25390625,-0.41015625
2788,0.283203125,0.33203125,-0.234375,-0.33203125
2789,0.3125,0.400390625,-0.283203125,-0.380859375
2790,0.37109375,0.41015625,-0.205078125,-0.3125
2791,0.166015625,0.37109375,-0.244140625,-0.37109375
2792,0.341796875,0.44921875,-0.341796875,-0.41015625
2793,0.37109375,0.400390625,-0.37109375,-0.380859375
2794,0.166015625,0.341796875,-0.2734375,-0.361328125
2795,0.341796875,0.21484375,-0.244140625,-0.517578125
2796,0.478515625,0.3515625,-0.29296875,-0.41015625
2797,0.478515625,0.390625,-0.341796875,-0.244140625
2798,0.41015625,0.21484375,-0.302734375,-0.400390625
2799,0.37109375,0.37109375,-0.3125,-0.46875
2800,0.498046875,0.37109375,-0.41015625,-0.4296875
2801,0.4296875,0.25390625,-0.166015625,-0.48828125
2802,0.33203125,0.41015625,-0.2734375,-0.48828125
2803,0.33203125,0.390625,-0.205078125,-0.37109375
2804,0.341796875,0.4296875,-0.25390625,-0.4296875
2805,0.390625,0.400390625,-0.302734375,-0.44921875
2806,0.322265625,0.37109375,-0.37109375,-0.4296875
2807,0.322265625,0.458984375,-0.322265625,-0.3515625
2808,0.37109375,0.341796875,-0.25390625,-0.44921875
2809,0.3125,0.322265625,-0.205078125,-0.341796875
2810,0.3515625,0.302734375,-0.2734375,-0.44921875
2811,0.341796875,0.400390625,-0.29296875,-0.302734375
2812,0.44921875,0.3515625,-0.2734375,-0.52734375
2813,0.400390625,0.33203125,-0.21484375,-0.380859375
2814,0.361328125,0.439453125,-0.283203125,-0.37109375
2815,0.390625,0.390625,-0.234375,-0.46875
2816,0.322265625,0.2734375,-0.361328125,-0.400390625
2817,0.2734375,0.390625,-0.37109375,-0.4296875
2818,0.380859375,0.322265625,-0.33203125,-0.400390625
2819,0.37109375,0.322265625,-0.29296875,-0.419921875
2820,0.361328125,0.322265625,-0.2734375,-0.44921875
2821,0.380859375,0.361328125,-0.25390625,-0.341796875
2822,0.390625,0.380859375,-0.322265625,-0.41015625
2823,0.52734375,0.380859375,-0.234375,-0.419921875
2824,0.3515625,0.224609375,-0.322265625,-0.4296875
2825,0.44921875,0.439453125,-0.2734375,-0.498046875
2826,0.498046875,0.3125,-0.25390625,-0.400390625
2827,0.361328125,0.3125,-0.283203125,-0.439453125
2828,0.3125,0.3515625,-0.244140625,-0.400390625
2829,0.556640625,0.341796875,-0.302734375,-0.37109375
2830,0.380859375,0.52734375,-0.234375,-0.458984375
2831,0.3515625,0.37109375,-0.33203125,-0.546875
2832,0.13671875,0.37109375,-0.21484375,-0.4296875
2833,0.361328125,0.537109375,-0.205078125,-0.4296875
2834,0.341796875,0.25390625,-0.224609375,-0.48828125
2835,0.1953125,0.44921875,-0.087890625,-0.439453125
2836,0.380859375,0.439453125,-0.25390625,-0.283203125
2837,0.3515625,0.29296875,-0.283203125,-0.380859375
2838,0.48828125,0.361328125,-0.234375,-0.400390625
2839,0.33203125,0.087890625,-0.25390625,-0.41015625
2840,0.33203125,0.322265625,-0.15625,-0.60546875
2841,0.537109375,0.361328125,-0.2734375,-0.419921875
2842,0.390625,0.1171875,-0.107421875,-0.3125
2843,0.322265625,0.380859375,-0.166015625,-0.390625
2844,0.537109375,0.244140625,-0.185546875,-0.380859375
2845,0.498046875,0.46875,-0.1171875,-0.33203125
2846,0.41015625,0.341796875,-0.341796875,-0.400390625
2847,0.419921875,0.33203125,-0.2734375,-0.3515625
2848,0.400390625,0.302734375,-0.380859375,-0.37109375
2849,0.44921875,0.302734375,-0.224609375,-0.41015625
2850,0.380859375,0.419921875,-0.205078125,-0.322265625
2851,0.380859375,0.302734375,-0.3125,-0.341796875
2852,0.41015625,0.21484375,-0.322265625,-0.41015625
2853,0.44921875,0.302734375,-0.29296875,-0.4296875
2854,0.29296875,0.41015625,-0.234375,-0.244140625
2855,0.419921875,0.341796875,-0.302734375,-0.498046875
2856,0.37109375,0.341796875,-0.302734375,-0.380859375
2857,0.302734375,0.41015625,-0.244140625,-0.322265625
2858,0.33203125,0.4296875,-0.322265625,-0.302734375
2859,0.478515625,0.380859375,-0.205078125,-0.390625
2860,0.41015625,1.5234375,-0.185546875,-0.361328125
2861,0.46875,1.66015625,-0.25390625,-0.3515625
2862,0.41015625,1.611328125,-0.3125,-0.41015625
2863,0.517578125,1.513671875,-0.224609375,-0.41015625
2864,0.41015625,1.5234375,-0.29296875,-0.33203125
2865,0.380859375,1.62109375,-0.21484375,-0.4296875
2866,1.7578125,1.630859375,-0.29296875,-0.341796875
2867,1.97265625,1.4453125,-0.234375,-0.33203125
2868,1.953125,1.572265625,-0.244140625,-0.390625
2869,1.943359375,1.533203125,-0.25390625,-0.380859375
2870,1.953125,1.58203125,-0.244140625,-0.41015625
2871,1.89453125,1.494140625,-0.263671875,-0.419921875
2872,2.021484375,1.484375,-0.21484375,-0.322265625
2873,1.93359375,1.62109375,-0.2734375,-0.234375
2874,1.97265625,0.693359375,-0.283203125,-0.439453125
2875,2.001953125,0.830078125,-0.263671875,-0.361328125
2876,1.89453125,0.76171875,-0.17578125,-0.380859375
2877,1.875,0.78125,-0.17578125,-0.400390625
2878,1.943359375,0.810546875,-0.2734375,-0.361328125
2879,1.93359375,0.771484375,-0.302734375,-0.341796875
2880,1.875,0.8203125,-0.29296875,-0.2734375
2881,1.1328125,0.8203125,-0.263671875,-0.380859375
2882,1.220703125,0.83984375,-0.244140625,-0.29296875
2883,1.318359375,0.888671875,-0.234375,-0.341796875
2884,1.23046875,0.80078125,-0.29296875,-0.33203125
2885,1.240234375,0.7421875,-0.322265625,-0.341796875
2886,1.357421875,1.416015625,-0.234375,-0.244140625
2887,1.15234375,1.337890625,-0.224609375,-0.341796875
2888,1.240234375,1.357421875,-0.33203125,-0.283203125
2889,1.1328125,1.396484375,-0.3125,-0.302734375
2890,1.181640625,1.42578125,-0.244140625,-0.283203125
2891,1.25,1.30859375,-0.185546875,-0.322265625
2892,1.220703125,1.38671875,-0.17578125,-0.263671875
2893,1.25,1.38671875,-0.126953125,-0.341796875
2894,1.259765625,1.3671875,-0.2734375,-0.3125
2895,1.630859375,1.46484375,-0.17578125,-0.322265625
2896,1.66015625,1.25,-0.3125,-0.21484375
2897,1.6015625,1.3671875,-0.205078125,-0.33203125
2898,1.6015625,1.416015625,-0.205078125,-0.3515625
2899,1.58203125,1.357421875,-0.263671875,-0.478515625
2900,1.5625,1.34765625,-0.234375,-0.263671875
2901,1.650390625,1.318359375,-0.25390625,-0.400390625
2902,1.6796875,1.23046875,-0.205078125,-0.2734375
2903,1.640625,1.318359375,-0.166015625,-0.29296875
2904,1.62109375,1.279296875,-0.244140625,-0.44921875
2905,1.650390625,1.1328125,-0.3125,-0.361328125
2906,1.669921875,1.259765625,-0.234375,-0.361328125
2907,1.1328125,1.357421875,-0.283203125,-0.25390625
2908,1.1328125,1.298828125,-0.244140625,-0.4296875
2909,1.162109375,1.376953125,-0.048828125,-0.37109375
2910,1.09375,1.240234375,-0.3125,-0.52734375
2911,1.162109375,1.30859375,-0.068359375,-0.419921875
2912,1.162109375,1.34765625,-0.2734375,-0.302734375
2913,1.103515625,1.279296875,-0.166015625,-0.41015625
2914,1.123046875,1.279296875,-0.29296875,-0.263671875
2915,1.181640625,1.03515625,-0.361328125,-0.302734375
2916,1.123046875,0.908203125,-0.068359375,-0.322265625
2917,1.171875,1.025390625,-0.15625,-0.283203125
2918,1.259765625,1.103515625,-0.263671875,-0.33203125
2919,1.19140625,0.9765625,-0.234375,-0.1953125
2920,0.927734375,1.083984375,-0.13671875,-0.2734375
2921,1.259765625,0.9765625,-0.224609375,-0.244140625
2922,1.142578125,1.044921875,-0.185546875,-0.244140625
2923,1.11328125,1.123046875,-0.234375,-0.107421875
2924,0.986328125,1.044921875,-0.234375,-0.2734375
2925,0.95703125,1.103515625,-0.15625,-0.361328125
2926,0.87890625,1.0546875,-0.21484375,-0.283203125
2927,0.99609375,1.23046875,-0.224609375,-0.205078125
2928,1.09375,1.044921875,-0.126953125,-0.419921875
2929,1.1328125,1.064453125,-0.185546875,-0.302734375
2930,1.07421875,1.064453125,-0.244140625,-0.341796875
2931,0.95703125,1.09375,-0.17578125,-0.224609375
2932,0.986328125,1.123046875,-0.25390625,-0.224609375
2933,0.947265625,1.083984375,-0.15625,-0.283203125
2934,1.03515625,0.986328125,-0.205078125,-0.2734375
2935,0.908203125,1.044921875,-0.068359375,-0.341796875
2936,0.947265625,1.103515625,-0.21484375,-0.185546875
2937,1.103515625,1.201171875,-0.244140625,-0.283203125
2938,1.15234375,1.11328125,-0.146484375,0.0390625
2939,1.083984375,1.11328125,-0.2734375,-0.263671875
2940,1.123046875,1.083984375,-0.126953125,-0.29296875
2941,1.19140625,1.083984375,-0.15625,-0.224609375
2942,1.171875,1.162109375,-0.224609375,-0.283203125
2943,1.09375,1.162109375,-0.29296875,-0.2734375
2944,1.09375,1.2109375,-0.15625,-0.400390625
2945,0.95703125,1.318359375,-0.244140625,-0.244140625
2946,1.025390625,1.298828125,-0.166015625,-0.29296875
2947,1.07421875,1.240234375,-0.3125,-0.283203125
2948,1.103515625,1.2890625,-0.205078125,-0.234375
2949,1.005859375,1.2109375,-0.107421875,-0.37109375
2950,1.3671875,1.2109375,-0.205078125,-0.29296875
2951,1.318359375,1.240234375,-0.17578125,-0.29296875
2952,1.181640625,1.171875,-0.244140625,-0.25390625
2953,1.34765625,1.025390625,-0.263671875,-0.166015625
2954,1.279296875,1.19140625,-0.166015625,-0.244140625
2955,1.328125,1.23046875,-0.166015625,-0.205078125
2956,1.318359375,1.298828125,-0.1953125,-0.2734375
2957,1.30859375,1.259765625,-0.25390625,-0.29296875
2958,1.220703125,1.2890625,-0.1953125,-0.341796875
2959,1.2109375,1.298828125,-0.283203125,-0.283203125
2960,1.220703125,1.3671875,-0.283203125,-0.302734375
2961,1.23046875,1.2890625,-0.244140625,-0.224609375
2962,1.318359375,1.2109375,-0.21484375,-0.17578125
2963,1.2109375,1.337890625,-0.2734375,-0.361328125
2964,1.259765625,1.376953125,-0.29296875,-0.302734375
2965,1.318359375,1.40625,-0.234375,-0.322265625
2966,1.376953125,1.25,-0.263671875,-0.33203125
2967,1.357421875,1.298828125,-0.185546875,-0.126953125
2968,1.337890625,1.40625,-0.21484375,-0.146484375
2969,1.328125,1.26953125,-0.322265625,-0.1953125
2970,1.3671875,1.279296875,-0.400390625,-0.2734375
2971,1.38671875,1.416015625,-0.25390625,-0.205078125
2972,1.357421875,1.279296875,-0.224609375,-0.2734375
2973,1.259765625,1.279296875,-0.205078125,-0.224609375
2974,1.328125,1.357421875,-0.224609375,-0.205078125
2975,1.298828125,1.279296875,-0.234375,-0.234375
2976,1.34765625,1.201171875,-0.234375,-0.224609375
2977,1.259765625,1.240234375,-0.107421875,-0.263671875
2978,1.162109375,1.396484375,-0.185546875,-0.25390625
2979,1.25,1.279296875,-0.283203125,-0.302734375
2980,1.259765625,1.259765625,-0.29296875,-0.3125
2981,1.318359375,1.337890625,-0.1953125,-0.25390625
2982,1.2890625,1.2890625,-0.29296875,-0.2734375
2983,1.240234375,1.23046875,-0.205078125,-0.33203125
2984,1.25,1.328125,-0.1953125,-0.263671875
2985,1.2890625,1.123046875,-0.4296875,-0.283203125
2986,1.259765625,1.25,-0.21484375,-0.25390625
2987,1.26953125,1.11328125,-0.25390625,-0.302734375
2988,1.123046875,1.259765625,-0.3515625,-0.33203125
2989,1.279296875,1.03515625,-0.205078125,-0.234375
2990,1.23046875,1.103515625,-0.25390625,-0.25390625
2991,1.220703125,1.0546875,-0.185546875,-0.166015625
2992,1.1328125,1.142578125,-0.302734375,-0.25390625
2993,1.162109375,1.162109375,-0.44921875,-0.17578125
2994,1.005859375,1.2109375,-0.361328125,-0.205078125
2995,1.07421875,1.09375,-0.283203125,-0.2734375
2996,1.15234375,1.15234375,-0.283203125,-0.263671875
2997,1.2109375,1.19140625,-0.21484375,-0.146484375
2998,0.966796875,1.09375,-0.234375,-0.41015625
2999,1.0546875,1.123046875,-0.33203125,-0.21484375
3000,1.03515625,1.03515625,-0.15625,-0.185546875
3001,1.0546875,1.064453125,-0.21484375,-0.17578125
3002,1.064453125,1.171875,-0.244140625,-0.1953125
3003,1.123046875,1.123046875,-0.2734375,-0.166015625
3004,1.123046875,1.11328125,-0.33203125,-0.234375
3005,1.07421875,1.11328125,-0.283203125,-0.2734375
3006,1.0546875,0.986328125,-0.21484375,-0.205078125
3007,1.142578125,0.927734375,-0.244140625,-0.283203125
3008,1.123046875,1.07421875,-0.234375,-0.302734375
3009,1.123046875,1.064453125,-0.244140625,-0.244140625
3010,1.123046875,1.09375,-0.234375,-0.17578125
3011,1.025390625,1.083984375,-0.185546875,-0.263671875
3012,1.103515625,1.181640625,-0.15625,-0.244140625
3013,1.11328125,1.025390625,-0.25390625,-0.322265625
3014,1.044921875,1.171875,-0.341796875,-0.41015625
3015,1.07421875,1.220703125,-0.439453125,-0.283203125
3016,1.181640625,1.181640625,-0.322265625,-0.2734375
3017,1.162109375,1.220703125,-0.3125,-0.126953125
3018,1.07421875,1.15234375,-0.33203125,-0.185546875
3019,1.083984375,1.162109375,-0.419921875,-0.1953125
3020,1.181640625,1.1328125,-0.341796875,-0.25390625
3021,1.162109375,1.07421875,-0.33203125,-0.25390625
3022,1.03515625,1.171875,-0.341796875,-0.29296875
3023,1.181640625,1.162109375,-0.41015625,-0.29296875
3024,1.279296875,1.181640625,-0.3515625,-0.390625
3025,1.1328125,1.19140625,-0.25390625,-0.25390625
3026,1.07421875,1.240234375,-0.29296875,-0.41015625
3027,1.220703125,1.259765625,-0.283203125,-0.205078125
3028,1.142578125,1.396484375,-0.29296875,-0.29296875
3029,1.26953125,1.26953125,-0.341796875,-0.25390625
3030,1.2109375,1.279296875,-0.33203125,-0.263671875
3031,1.201171875,1.2109375,-0.263671875,-0.29296875
3032,1.259765625,1.2890625,-0.25390625,-0.09765625
3033,1.181640625,1.259765625,-0.302734375,-0.17578125
3034,1.23046875,1.3671875,-0.224609375,-0.17578125
3035,1.23046875,1.318359375,-0.3515625,-0.15625
3036,1.201171875,1.259765625,-0.3515625,-0.087890625
3037,1.30859375,1.2890625,-0.322265625,-0.263671875
3038,1.201171875,1.328125,-0.37109375,-0.341796875
3039,1.3671875,1.220703125,-0.390625,-0.37109375
3040,1.259765625,1.337890625,-0.439453125,-0.2734375
3041,1.23046875,1.2109375,-0.263671875,-0.205078125
3042,1.220703125,1.298828125,-0.322265625,-0.283203125
3043,1.2890625,1.357421875,-0.224609375,-0.439453125
3044,1.259765625,1.40625,-0.2734375,-0.283203125
3045,1.259765625,1.337890625,-0.263671875,-0.263671875
3046,1.279296875,1.34765625,-0.380859375,-0.3125
3047,1.259765625,1.2109375,-0.3125,-0.21484375
3048,1.171875,1.30859375,-0.361328125,-0.205078125
3049,1.3671875,1.2890625,-0.3515625,-0.244140625
3050,1.2890625,1.337890625,-0.37109375,-0.3125
3051,1.279296875,1.279296875,-0.21484375,-0.2734375
3052,1.298828125,1.435546875,-0.224609375,-0.37109375
3053,1.279296875,1.376953125,-0.224609375,-0.234375
3054,1.337890625,1.171875,-0.21484375,-0.283203125
3055,1.318359375,1.220703125,-0.3125,-0.234375
3056,1.171875,1.171875,-0.3125,-0.224609375
3057,1.279296875,1.181640625,-0.302734375,-0.263671875
3058,1.240234375,1.201171875,-0.33203125,-0.244140625
3059,1.259765625,1.171875,-0.205078125,-0.322265625
3060,1.279296875,1.26953125,-0.3515625,-0.2734375
3061,1.083984375,1.123046875,-0.283203125,-0.263671875
3062,1.181640625,1.15234375,-0.17578125,-0.33203125
3063,1.240234375,1.201171875,-0.2734375,-0.302734375
3064,1.23046875,1.19140625,-0.322265625,-0.283203125
3065,1.240234375,1.2109375,-0.29296875,-0.3515625
3066,1.337890625,1.103515625,-0.3515625,-0.322265625
3067,1.15234375,1.279296875,-0.302734375,-0.25390625
3068,1.2890625,1.171875,-0.380859375,-0.302734375
3069,1.201171875,1.240234375,-0.3125,-0.29296875
3070,1.1328125,1.240234375,-0.41015625,-0.3515625
3071,1.220703125,1.11328125,-0.263671875,-0.224609375
3072,1.240234375,1.142578125,-0.2734375,-0.224609375
3073,1.220703125,1.19140625,-0.234375,-0.3515625
3074,1.220703125,1.07421875,-0.29296875,-0.263671875
3075,1.1328125,1.09375,-0.33203125,-0.419921875
3076,1.240234375,1.2890625,-0.302734375,-0.283203125
3077,1.2109375,1.142578125,-0.29296875,-0.283203125
3078,1.123046875,1.162109375,-0.361328125,-0.302734375
3079,1.142578125,1.220703125,-0.33203125,-0.25390625
3080,1.083984375,1.1328125,-0.33203125,-0.302734375
3081,1.1328125,1.181640625,-0.439453125,-0.390625
3082,1.220703125,1.25,-0.21484375,-0.29296875
3083,1.171875,1.103515625,-0.3125,-0.33203125
3084,1.142578125,1.240234375,-0.341796875,-0.2734375
3085,1.015625,1.181640625,-0.1953125,-0.380859375
3086,1.2109375,1.2109375,-0.33203125,-0.29296875
3087,1.171875,1.015625,-0.166015625,-0.458984375
3088,1.279296875,1.23046875,-0.361328125,-0.2734375
3089,1.103515625,1.142578125,-0.439453125,-0.33203125
3090,1.09375,1.19140625,-0.21484375,-0.361328125
3091,1.03515625,1.181640625,-0.44921875,-0.33203125
3092,1.123046875,1.337890625,-0.29296875,-0.341796875
3093,1.201171875,1.23046875,-0.1953125,-0.458984375
3094,1.025390625,1.123046875,-0.361328125,-0.2734375
3095,1.171875,1.23046875,-0.4296875,-0.2734375
3096,1.123046875,1.220703125,-0.419921875,-0.302734375
3097,1.19140625,1.162109375,-0.322265625,-0.13671875
3098,1.03515625,1.19140625,-0.341796875,-0.25390625
3099,1.09375,1.435546875,-0.341796875,-0.341796875
3100,1.162109375,1.240234375,-0.380859375,-0.322265625
3101,1.19140625,1.42578125,-0.37109375,-0.283203125
3102,1.19140625,1.23046875,-0.3125,-0.419921875
3103,1.23046875,1.162109375,-0.29296875,-0.302734375
3104,1.015625,1.259765625,-0.263671875,-0.380859375
3105,1.220703125,1.376953125,-0.361328125,-0.33203125
3106,1.142578125,1.259765625,-0.419921875,-0.33203125
3107,1.171875,1.162109375,-0.322265625,-0.322265625
3108,1.298828125,1.1328125,-0.380859375,-0.400390625
3109,1.220703125,1.25,-0.25390625,-0.380859375
3110,1.1328125,1.279296875,-0.234375,-0.37109375
3111,1.2890625,1.2109375,-0.361328125,-0.29296875
3112,1.26953125,1.2890625,-0.224609375,-0.302734375
3113,1.171875,1.11328125,-0.263671875,-0.341796875
3114,1.240234375,1.220703125,-0.4296875,-0.341796875
3115,1.15234375,1.201171875,-0.37109375,-0.361328125
3116,1.19140625,1.025390625,-0.3125,-0.439453125
3117,1.162109375,1.171875,-0.390625,-0.302734375
3118,1.201171875,1.15234375,-0.322265625,-0.185546875
3119,1.259765625,1.15234375,-0.302734375,-0.341796875
3120,1.201171875,1.30859375,-0.224609375,-0.341796875
3121,1.220703125,1.220703125,-0.3125,-0.439453125
3122,1.201171875,1.279296875,-0.41015625,-0.361328125
3123,1.15234375,1.30859375,-0.3515625,-0.283203125
3124,1.2109375,1.328125,-0.302734375,-0.537109375
3125,1.142578125,1.279296875,-0.322265625,-0.3515625
3126,1.25,1.123046875,-0.3125,-0.341796875
3127,1.123046875,1.279296875,-0.29296875,-0.322265625
3128,1.240234375,1.318359375,-0.29296875,-0.390625
3129,1.171875,1.2890625,-0.390625,-0.361328125
3130,1.123046875,1.279296875,-0.37109375,-0.3515625
3131,1.142578125,1.3671875,-0.166015625,-0.33203125
3132,1.1328125,1.30859375,-0.185546875,-0.390625
3133,1.201171875,1.279296875,-0.21484375,-0.33203125
3134,1.142578125,1.328125,-0.29296875,-0.341796875
3135,1.123046875,1.298828125,-0.21484375,-0.41015625
3136,1.15234375,1.30859375,-0.25390625,-0.361328125
3137,1.015625,1.30859375,-0.263671875,-0.390625
3138,1.23046875,1.25,-0.29296875,-0.33203125
3139,1.1328125,1.220703125,-0.322265625,-0.439453125
3140,1.09375,1.25,-0.263671875,-0.341796875
3141,1.083984375,1.26953125,-0.3125,-0.41015625
3142,1.064453125,1.23046875,-0.390625,-0.46875
3143,1.162109375,1.279296875,-0.283203125,-0.390625
3144,1.11328125,1.201171875,-0.380859375,-0.400390625
3145,1.005859375,1.162109375,-0.341796875,-0.29296875
3146,0.888671875,1.279296875,-0.224609375,-0.498046875
3147,1.005859375,1.25,-0.25390625,-0.44921875
3148,0.966796875,1.2890625,-0.234375,-0.4296875
3149,1.03515625,1.259765625,-0.25390625,-0.517578125
3150,1.03515625,1.25,-0.33203125,-0.400390625
3151,1.03515625,1.25,-0.322265625,-0.44921875
3152,1.025390625,1.162109375,-0.46875,-0.44921875
3153,1.07421875,1.181640625,-0.234375,-0.41015625
3154,1.015625,1.19140625,-0.3515625,-0.44921875
3155,1.044921875,1.15234375,-0.2734375,-0.37109375
3156,1.064453125,1.09375,-0.283203125,-0.478515625
3157,1.015625,1.181640625,-0.146484375,-0.478515625
3158,1.103515625,1.240234375,-0.234375,-0.3125
3159,1.142578125,1.201171875,-0.25390625,-0.400390625
3160,1.123046875,1.123046875,-0.458984375,-0.4296875
3161,1.123046875,1.279296875,-0.244140625,-0.419921875
3162,1.005859375,1.23046875,-0.2734375,-0.419921875
3163,1.09375,1.259765625,-0.2734375,-0.517578125
3164,1.1328125,1.19140625,-0.234375,-0.341796875
3165,1.07421875,1.181640625,-0.322265625,-0.380859375
3166,1.123046875,1.142578125,-0.283203125,-0.322265625
3167,1.15234375,1.19140625,-0.380859375,-0.458984375
3168,1.03515625,1.2890625,-0.283203125,-0.3125
3169,1.123046875,1.279296875,-0.17578125,-0.390625
3170,1.201171875,1.201171875,-0.224609375,-0.283203125
3171,1.171875,1.23046875,-0.341796875,-0.3515625
3172,1.1328125,1.337890625,-0.33203125,-0.419921875
3173,1.19140625,1.240234375,-0.37109375,-0.478515625
3174,1.220703125,1.26953125,-0.244140625,-0.380859375
3175,1.19140625,1.23046875,-0.244140625,-0.341796875
3176,1.142578125,1.259765625,-0.3515625,-0.2734375
3177,1.03515625,1.103515625,-0.29296875,-0.439453125
3178,1.2109375,1.2109375,-0.25390625,-0.478515625
3179,1.1328125,1.2890625,-0.21484375,-0.41015625
3180,1.181640625,1.25,-0.1953125,-0.41015625
3181,1.1328125,1.26953125,-0.390625,-0.361328125
3182,1.240234375,1.2890625,-0.234375,-0.458984375
3183,0.99609375,1.298828125,-0.283203125,-0.37109375
3184,1.1328125,1.2890625,-0.29296875,-0.400390625
3185,1.19140625,1.259765625,-0.263671875,-0.52734375
3186,1.201171875,1.318359375,-0.400390625,-0.419921875
3187,1.11328125,1.201171875,-0.2734375,-0.3515625
3188,1.09375,1.34765625,-0.3125,-0.390625
3189,1.142578125,1.318359375,-0.29296875,-0.37109375
3190,1.1328125,1.30859375,-0.1953125,-0.400390625
3191,1.1328125,1.318359375,-0.29296875,-0.48828125
3192,1.1328125,1.26953125,-0.107421875,-0.3515625
3193,1.1328125,1.34765625,-0.25390625,-0.390625
3194,1.23046875,1.26953125,-0.263671875,-0.419921875
3195,1.07421875,1.259765625,-0.234375,-0.380859375
3196,1.19140625,1.337890625,-0.25390625,-0.302734375
3197,1.083984375,1.2890625,-0.263671875,-0.537109375
3198,1.1328125,1.220703125,-0.283203125,-0.3125
3199,1.142578125,1.23046875,-0.361328125,-0.341796875
3200,1.0546875,1.357421875,-0.1953125,-0.37109375
3201,1.123046875,1.318359375,-0.224609375,-0.341796875
3202,1.1328125,1.19140625,-0.1953125,-0.419921875
3203,1.1328125,1.318359375,-0.126953125,-0.390625
3204,1.279296875,1.337890625,-0.322265625,-0.3515625
3205,1.15234375,1.357421875,-0.37109375,-0.390625
3206,0.99609375,1.2890625,-0.234375,-0.419921875
3207,1.03515625,1.2890625,-0.302734375,-0.498046875
3208,1.142578125,1.123046875,-0.205078125,-0.341796875
3209,1.083984375,1.19140625,-0.263671875,-0.44921875
3210,1.19140625,1.259765625,-0.341796875,-0.283203125
3211,1.220703125,1.19140625,-0.185546875,-0.390625
3212,1.11328125,1.23046875,-0.302734375,-0.498046875
3213,1.1328125,1.240234375,-0.302734375,-0.439453125
3214,1.083984375,1.162109375,-0.322265625,-0.302734375
3215,1.103515625,1.34765625,-0.1953125,-0.244140625
3216,1.181640625,1.220703125,-0.3125,-0.234375
3217,1.171875,1.171875,-0.263671875,-0.41015625
3218,1.123046875,1.337890625,-0.3515625,-0.3515625
3219,1.064453125,1.259765625,-0.283203125,-0.380859375
3220,1.064453125,1.240234375,-0.37109375,-0.29296875
3221,1.15234375,1.3671875,-0.234375,-0.29296875
3222,1.064453125,1.23046875,-0.244140625,-0.458984375
3223,1.162109375,1.162109375,-0.25390625,-0.37109375
3224,1.15234375,1.30859375,-0.33203125,-0.400390625
3225,1.0546875,1.083984375,-0.146484375,-0.41015625
3226,1.015625,1.181640625,-0.17578125,-0.361328125
3227,1.171875,1.23046875,-0.21484375,-0.458984375
3228,1.240234375,1.220703125,-0.234375,-0.458984375
3229,1.044921875,1.19140625,-0.25390625,-0.46875
3230,1.083984375,1.2109375,-0.13671875,-0.46875
3231,1.064453125,1.181640625,-0.21484375,-0.244140625
3232,0.986328125,1.298828125,-0.234375,-0.322265625
3233,1.171875,1.1328125,-0.234375,-0.37109375
3234,1.083984375,1.15234375,-0.244140625,-0.419921875
3235,1.103515625,1.162109375,-0.33203125,-0.439453125
3236,1.123046875,1.09375,-0.341796875,-0.3125
3237,1.015625,1.19140625,-0.263671875,-0.419921875
3238,1.09375,1.279296875,-0.263671875,-0.46875
3239,1.005859375,1.2890625,-0.244140625,-0.5078125
3240,1.0546875,1.220703125,-0.283203125,-0.46875
3241,1.025390625,1.328125,-0.224609375,-0.380859375
3242,1.09375,1.26953125,-0.17578125,-0.341796875
3243,1.11328125,1.19140625,-0.25390625,-0.5078125
3244,1.2109375,1.19140625,-0.25390625,-0.478515625
3245,1.103515625,1.03515625,-0.1953125,-0.400390625
3246,1.1328125,1.220703125,-0.3515625,-0.302734375
3247,1.11328125,1.240234375,-0.224609375,-0.3125
3248,1.083984375,1.220703125,-0.205078125,-0.44921875
3249,1.103515625,1.162109375,-0.244140625,-0.4296875
3250,1.0546875,1.19140625,-0.185546875,-0.390625
3251,1.064453125,1.2109375,-0.224609375,-0.341796875
3252,1.03515625,1.220703125,-0.283203125,-0.400390625
3253,1.0546875,1.220703125,-0.205078125,-0.439453125
3254,1.11328125,1.162109375,-0.244140625,-0.41015625
3255,1.142578125,1.171875,-0.263671875,-0.419921875
3256,1.11328125,1.181640625,-0.13671875,-0.498046875
3257,1.123046875,1.19140625,-0.166015625,-0.439453125
3258,1.171875,1.23046875,-0.21484375,-0.3515625
3259,1.123046875,1.220703125,-0.185546875,-0.556640625
3260,1.083984375,1.2109375,-0.205078125,-0.419921875
3261,1.103515625,1.201171875,-0.2734375,-0.41015625
3262,1.1328125,1.201171875,-0.3125,-0.390625
3263,1.044921875,1.201171875,-0.224609375,-0.498046875
3264,1.142578125,1.318359375,-0.29296875,-0.5078125
3265,0.986328125,1.26953125,-0.166015625,-0.419921875
3266,1.11328125,1.26953125,-0.234375,-0.33203125
3267,1.044921875,1.42578125,-0.263671875,-0.322265625
3268,1.064453125,1.259765625,-0.29296875,-0.56640625
3269,1.123046875,1.11328125,-0.166015625,-0.3515625
3270,1.025390625,1.298828125,-0.224609375,-0.3515625
3271,1.07421875,1.15234375,-0.224609375,-0.302734375
3272,1.19140625,1.38671875,-0.234375,-0.33203125
3273,1.298828125,1.19140625,-0.224609375,-0.2734375
3274,1.279296875,1.11328125,-0.244140625,-0.3125
3275,1.2109375,1.123046875,-0.2734375,-0.3125
3276,1.11328125,1.181640625,-0.1171875,-0.3515625
3277,1.19140625,1.162109375,-0.29296875,-0.361328125
3278,1.15234375,1.064453125,-0.244140625,-0.341796875
3279,1.162109375,1.220703125,-0.302734375,-0.361328125
3280,1.171875,1.15234375,-0.09765625,-0.3515625
3281,1.015625,1.142578125,-0.244140625,-0.439453125
3282,1.25,1.142578125,-0.2734375,-0.48828125
3283,1.142578125,1.2109375,-0.29296875,-0.400390625
3284,1.2109375,1.162109375,-0.322265625,-0.263671875
3285,1.064453125,1.2109375,-0.21484375,-0.33203125
3286,1.328125,1.09375,-0.17578125,-0.48828125
3287,1.142578125,1.11328125,-0.1171875,-0.302734375
3288,1.1328125,1.0546875,-0.400390625,-0.2734375
3289,1.171875,1.142578125,-0.244140625,-0.322265625
3290,1.1328125,1.328125,-0.3125,-0.361328125
3291,1.23046875,1.2109375,-0.224609375,-0.361328125
3292,1.201171875,1.181640625,-0.3125,-0.322265625
3293,1.240234375,1.26953125,-0.21484375,-0.29296875
3294,1.19140625,1.357421875,-0.1953125,-0.283203125
3295,1.25,1.19140625,-0.361328125,-0.224609375
3296,1.30859375,1.220703125,-0.244140625,-0.400390625
3297,1.2109375,1.171875,-0.41015625,-0.341796875
3298,1.240234375,1.240234375,-0.380859375,-0.37109375
3299,1.240234375,1.23046875,-0.244140625,-0.361328125
3300,1.259765625,1.11328125,-0.341796875,-0.380859375
3301,1.11328125,1.19140625,-0.185546875,-0.33203125
3302,1.064453125,1.201171875,-0.2734375,-0.3125
3303,1.201171875,1.162109375,-0.341796875,-0.3125
3304,1.2109375,1.2109375,-0.224609375,-0.361328125
3305,1.220703125,1.15234375,-0.17578125,-0.400390625
3306,1.240234375,1.26953125,-0.224609375,-0.33203125
3307,1.220703125,1.201171875,-0.166015625,-0.29296875
3308,1.2890625,1.162109375,-0.244140625,-0.361328125
3309,1.181640625,1.23046875,-0.205078125,-0.302734375
3310,1.240234375,1.1328125,-0.166015625,-0.244140625
3311,1.103515625,1.15234375,-0.263671875,-0.244140625
3312,1.30859375,1.23046875,-0.21484375,-0.3125
3313,1.181640625,1.181640625,-0.185546875,-0.400390625
3314,1.25,1.26953125,-0.29296875,-0.3515625
3315,1.19140625,1.15234375,-0.15625,-0.341796875
3316,1.298828125,1.23046875,-0.33203125,-0.4296875
3317,1.298828125,1.220703125,-0.302734375,-0.361328125
3318,1.2109375,1.240234375,-0.21484375,-0.361328125
3319,1.220703125,1.220703125,-0.25390625,-0.2734375
3320,1.279296875,1.2109375,-0.185546875,-0.283203125
3321,1.201171875,1.484375,-0.283203125,-0.3515625
3322,1.142578125,1.220703125,-0.15625,-0.25390625
3323,1.3671875,1.240234375,-0.185546875,-0.322265625
3324,1.19140625,1.2109375,-0.126953125,-0.29296875
3325,1.337890625,1.298828125,-0.166015625,-0.263671875
3326,1.298828125,1.23046875,-0.302734375,-0.400390625
3327,1.2890625,1.38671875,-0.380859375,-0.390625
3328,1.298828125,1.11328125,-0.33203125,-0.224609375
3329,1.357421875,1.2890625,-0.234375,-0.244140625
3330,1.279296875,1.23046875,-0.17578125,-0.283203125
3331,1.259765625,1.357421875,-0.25390625,-0.3125
3332,1.279296875,1.23046875,-0.29296875,-0.234375
3333,1.318359375,1.005859375,-0.341796875,-0.341796875
3334,1.328125,1.23046875,-0.322265625,-0.46875
3335,1.337890625,1.2109375,-0.224609375,-0.33203125
3336,1.259765625,1.11328125,-0.15625,-0.322265625
3337,1.26953125,1.259765625,-0.146484375,-0.400390625
3338,1.240234375,1.23046875,-0.21484375,-0.361328125
3339,1.220703125,1.376953125,-0.185546875,-0.3515625
3340,1.181640625,1.279296875,-0.29296875,-0.361328125
3341,1.30859375,1.34765625,-0.380859375,-0.380859375
3342,1.220703125,1.26953125,-0.2734375,-0.33203125
3343,1.240234375,1.181640625,-0.244140625,-0.439453125
3344,1.171875,1.220703125,-0.3125,-0.234375
3345,1.103515625,1.201171875,-0.3515625,-0.390625
3346,1.298828125,1.357421875,-0.283203125,-0.322265625
3347,1.142578125,1.171875,-0.302734375,-0.37109375
3348,1.25,1.220703125,-0.322265625,-0.390625
3349,1.201171875,1.11328125,-0.21484375,-0.41015625
3350,1.162109375,1.2109375,-0.166015625,-0.33203125
3351,1.123046875,1.142578125,-0.185546875,-0.341796875
3352,1.279296875,1.240234375,-0.17578125,-0.37109375
3353,1.11328125,1.181640625,-0.283203125,-0.29296875
3354,1.181640625,1.2109375,-0.205078125,-0.3125
3355,1.083984375,1.162109375,-0.322265625,-0.341796875
3356,1.11328125,1.19140625,-0.224609375,-0.3515625
3357,1.044921875,1.201171875,-0.1171875,-0.400390625
3358,1.103515625,1.09375,-0.21484375,-0.380859375
3359,1.07421875,1.25,-0.21484375,-0.2734375
3360,1.201171875,1.259765625,-0.302734375,-0.322265625
3361,1.328125,1.19140625,-0.146484375,-0.33203125
3362,1.123046875,1.1328125,-0.244140625,-0.458984375
3363,1.25,1.162109375,-0.09765625,-0.361328125
3364,1.142578125,1.279296875,-0.17578125,-0.244140625
3365,1.19140625,1.123046875,-0.283203125,-0.25390625
3366,1.171875,1.201171875,-0.17578125,-0.224609375
3367,1.162109375,1.201171875,-0.29296875,-0.33203125
3368,1.015625,1.123046875,-0.234375,-0.29296875
3369,1.103515625,1.142578125,-0.2734375,-0.33203125
3370,1.123046875,1.2109375,-0.234375,-0.302734375
3371,1.09375,1.259765625,-0.25390625,-0.283203125
3372,1.162109375,1.240234375,-0.302734375,-0.2734375
3373,1.11328125,1.064453125,-0.263671875,-0.322265625
3374,1.19140625,1.201171875,-0.234375,-0.29296875
3375,1.19140625,1.259765625,-0.166015625,-0.29296875
3376,1.07421875,1.142578125,-0.205078125,-0.3515625
3377,1.162109375,1.103515625,-0.234375,-0.29296875
3378,1.162109375,1.07421875,-0.322265625,-0.361328125
3379,1.11328125,1.09375,-0.205078125,-0.3125
3380,1.015625,1.07421875,-0.2734375,-0.087890625
3381,1.171875,1.09375,-0.283203125,-0.263671875
3382,1.23046875,1.03515625,-0.17578125,-0.29296875
3383,1.23046875,1.123046875,-0.283203125,-0.322265625
3384,1.03515625,1.181640625,-0.29296875,-0.224609375
3385,1.09375,1.181640625,-0.244140625,-0.263671875
3386,1.181640625,1.03515625,-0.21484375,-0.283203125
3387,1.103515625,1.171875,-0.244140625,-0.361328125
3388,1.07421875,1.025390625,-0.234375,-0.29296875
3389,1.162109375,1.1328125,-0.263671875,-0.341796875
3390,1.171875,1.11328125,-0.302734375,-0.224609375
3391,1.15234375,1.19140625,-0.322265625,-0.33203125
3392,1.09375,1.103515625,-0.29296875,-0.3515625
3393,1.201171875,1.2109375,-0.322265625,-0.3125
3394,1.09375,1.064453125,-0.25390625,-0.263671875
3395,1.1328125,1.123046875,-0.341796875,-0.2734375
3396,1.015625,1.123046875,-0.361328125,-0.224609375
3397,1.142578125,1.142578125,-0.29296875,-0.205078125
3398,1.09375,1.23046875,-0.17578125,-0.322265625
3399,1.1328125,1.123046875,-0.3125,-0.3125
3400,1.103515625,1.171875,-0.224609375,-0.205078125
3401,1.259765625,1.1328125,-0.3515625,-0.380859375
3402,1.09375,1.11328125,-0.33203125,-0.185546875
3403,1.0546875,1.279296875,-0.1953125,-0.2734375
3404,1.1328125,1.103515625,-0.25390625,-0.341796875
3405,1.220703125,1.1328125,-0.15625,-0.390625
3406,1.23046875,1.1328125,-0.244140625,-0.17578125
3407,1.044921875,1.376953125,-0.263671875,-0.380859375
3408,1.09375,1.171875,-0.1953125,-0.37109375
3409,1.09375,1.220703125,-0.263671875,-0.33203125
3410,1.23046875,1.26953125,-0.1953125,-0.15625
3411,1.07421875,1.25,-0.1953125,-0.21484375
3412,1.181640625,1.201171875,-0.224609375,-0.29296875
3413,1.142578125,1.07421875,-0.166015625,-0.185546875
3414,1.23046875,1.19140625,-0.15625,-0.1171875
3415,1.19140625,1.2109375,-0.41015625,-0.263671875
3416,1.298828125,1.30859375,-0.2734375,-0.361328125
3417,1.171875,1.2109375,-0.283203125,-0.185546875
3418,1.26953125,1.044921875,-0.263671875,-0.302734375
3419,1.181640625,1.162109375,-0.302734375,-0.2734375
3420,1.2109375,1.162109375,-0.244140625,-0.185546875
3421,1.103515625,1.142578125,-0.322265625,-0.2734375
3422,1.171875,1.2109375,-0.341796875,-0.1953125
3423,1.1328125,1.15234375,-0.419921875,-0.146484375
3424,1.201171875,1.142578125,-0.263671875,-0.205078125
3425,1.15234375,1.25,-0.205078125,-0.29296875
3426,1.09375,1.171875,-0.3125,-0.29296875
3427,1.2109375,1.123046875,-0.224609375,-0.1953125
3428,1.15234375,1.162109375,-0.283203125,-0.17578125
3429,1.083984375,1.142578125,-0.244140625,-0.068359375
3430,1.09375,1.09375,-0.205078125,-0.15625
3431,1.2109375,1.23046875,-0.244140625,-0.224609375
3432,1.162109375,1.220703125,-0.224609375,-0.244140625
3433,1.1328125,1.123046875,-0.263671875,-0.146484375
3434,1.11328125,1.1328125,-0.263671875,-0.3125
3435,1.171875,1.15234375,-0.33203125,-0.205078125
3436,1.2890625,1.19140625,-0.01953125,-0.146484375
3437,1.09375,1.220703125,-0.283203125,-0.13671875
3438,1.2109375,1.2109375,-0.224609375,-0.166015625
3439,1.2890625,1.19140625,-0.224609375,-0.224609375
3440,1.162109375,1.064453125,-0.146484375,-0.185546875
3441,1.25,1.1328125,-0.263671875,-0.17578125
3442,1.2890625,1.15234375,-0.224609375,-0.21484375
3443,1.142578125,0.966796875,-0.185546875,-0.234375
3444,1.201171875,1.162109375,-0.25390625,-0.107421875
3445,1.162109375,1.07421875,-0.322265625,-0.302734375
3446,1.1328125,1.03515625,-0.37109375,-0.17578125
3447,1.103515625,1.19140625,-0.380859375,-0.244140625
3448,1.30859375,1.09375,-0.322265625,-0.1953125
3449,1.162109375,1.220703125,-0.3515625,-0.1953125
3450,1.103515625,1.279296875,-0.41015625,-0.1953125
3451,1.11328125,1.171875,-0.29296875,-0.29296875
3452,1.064453125,1.2890625,-0.341796875,-0.185546875
3453,1.123046875,1.25,-0.3515625,-0.234375
3454,1.083984375,1.09375,-0.33203125,-0.17578125
3455,1.11328125,1.083984375,-0.263671875,-0.205078125
3456,1.201171875,1.220703125,-0.21484375,-0.234375
3457,1.15234375,1.07421875,-0.3515625,-0.166015625
3458,1.1328125,1.240234375,-0.390625,-0.234375
3459,1.162109375,1.09375,-0.283203125,-0.21484375
3460,1.064453125,1.123046875,-0.390625,-0.09765625
3461,1.279296875,1.201171875,-0.263671875,-0.126953125
3462,1.103515625,1.15234375,-0.322265625,-0.29296875
3463,1.201171875,1.103515625,-0.234375,-0.283203125
3464,1.240234375,1.142578125,-0.41015625,-0.283203125
3465,1.171875,1.181640625,-0.29296875,-0.244140625
3466,1.11328125,1.15234375,-0.41015625,-0.341796875
3467,1.123046875,1.181640625,-0.322265625,-0.2734375
3468,1.15234375,1.162109375,-0.29296875,-0.25390625
3469,1.30859375,1.09375,-0.3125,-0.25390625
3470,1.11328125,1.19140625,-0.341796875,-0.2734375
3471,1.0546875,1.2109375,-0.322265625,-0.224609375
3472,1.064453125,1.162109375,-0.25390625,-0.234375
3473,1.15234375,1.19140625,-0.37109375,-0.341796875
3474,1.1328125,1.26953125,-0.29296875,-0.234375
3475,1.171875,1.19140625,-0.302734375,-0.1953125
3476,1.25,1.23046875,-0.37109375,-0.263671875
3477,1.15234375,1.259765625,-0.322265625,-0.3515625
3478,1.123046875,1.15234375,-0.33203125,-0.29296875
3479,1.1328125,1.2109375,-0.25390625,-0.2734375
3480,1.123046875,1.09375,-0.224609375,-0.224609375
3481,1.15234375,1.25,-0.29296875,-0.234375
3482,1.11328125,1.337890625,-0.341796875,-0.25390625
3483,1.2109375,1.044921875,-0.224609375,-0.25390625
3484,1.25,1.240234375,-0.25390625,-0.263671875
3485,1.09375,1.220703125,-0.15625,-0.302734375
3486,1.162109375,1.162109375,-0.146484375,-0.224609375
3487,1.142578125,1.2109375,-0.29296875,-0.2734375
3488,1.19140625,1.181640625,-0.234375,-0.15625
3489,1.23046875,1.220703125,-0.205078125,-0.25390625
3490,1.2890625,1.15234375,-0.341796875,-0.341796875
3491,1.2109375,1.162109375,-0.224609375,-0.21484375
3492,1.2890625,1.0546875,-0.205078125,-0.263671875
3493,1.298828125,1.181640625,-0.302734375,-0.302734375
3494,1.23046875,1.181640625,-0.224609375,-0.341796875
3495,1.240234375,1.171875,-0.224609375,-0.263671875
3496,1.220703125,1.025390625,-0.1953125,-0.341796875
3497,1.259765625,1.23046875,-0.25390625,-0.2734375
3498,1.2109375,1.26953125,-0.224609375,-0.25390625
3499,1.123046875,1.181640625,-0.302734375,-0.322265625
3500,1.279296875,1.19140625,-0.400390625,-0.15625
3501,1.259765625,1.279296875,-0.283203125,-0.2734375
3502,1.220703125,1.240234375,-0.341796875,-0.29296875
3503,1.19140625,1.26953125,-0.41015625,-0.224609375
3504,1.220703125,1.23046875,-0.478515625,-0.322265625
3505,1.1328125,1.201171875,-0.33203125,-0.234375
3506,1.11328125,1.240234375,-0.439453125,-0.37109375
3507,1.015625,1.25,-0.458984375,-0.3125
3508,1.142578125,1.240234375,-0.302734375,-0.244140625
3509,1.064453125,1.201171875,-0.224609375,-0.25390625
3510,1.142578125,1.181640625,-0.380859375,-0.234375
3511,1.181640625,1.25,-0.322265625,-0.33203125
3512,1.09375,1.259765625,-0.29296875,-0.302734375
3513,1.15234375,1.103515625,-0.17578125,-0.263671875
3514,1.2109375,1.1328125,-0.25390625,-0.25390625
3515,1.15234375,1.220703125,-0.3125,-0.1953125
3516,1.083984375,1.376953125,-0.146484375,-0.341796875
3517,1.162109375,1.2109375,-0.341796875,-0.400390625
3518,1.23046875,1.2109375,-0.3125,-0.224609375
3519,1.357421875,1.279296875,-0.283203125,-0.2734375
3520,1.220703125,1.201171875,-0.283203125,-0.224609375
3521,1.220703125,1.19140625,-0.263671875,-0.2734375
3522,1.19140625,1.19140625,-0.283203125,-0.302734375
3523,1.171875,1.30859375,-0.263671875,-0.283203125
3524,1.123046875,1.201171875,-0.283203125,-0.29296875
3525,1.23046875,1.23046875,-0.302734375,-0.33203125
3526,1.2109375,1.171875,-0.29296875,-0.341796875
3527,1.09375,1.201171875,-0.3125,-0.341796875
3528,1.2109375,1.2890625,-0.283203125,-0.322265625
3529,1.162109375,1.259765625,-0.48828125,-0.380859375
3530,1.259765625,1.171875,-0.33203125,-0.380859375
3531,1.259765625,0.986328125,-0.25390625,-0.283203125
3532,1.220703125,1.318359375,-0.2734375,-0.283203125
3533,1.162109375,1.220703125,-0.37109375,-0.380859375
3534,1.181640625,1.162109375,-0.244140625,-0.302734375
3535,1.181640625,1.23046875,-0.41015625,-0.341796875
3536,1.259765625,1.171875,-0.29296875,-0.302734375
3537,1.19140625,1.181640625,-0.4296875,-0.283203125
3538,1.083984375,1.19140625,-0.29296875,-0.390625
3539,1.25,1.2109375,-0.322265625,-0.37109375
3540,1.19140625,1.30859375,-0.3515625,-0.380859375
3541,1.201171875,1.171875,-0.15625,-0.25390625
3542,1.23046875,1.25,-0.205078125,-0.263671875
3543,1.171875,1.2890625,-0.322265625,-0.361328125
3544,1.142578125,1.220703125,-0.263671875,-0.322265625
3545,1.26953125,1.162109375,-0.17578125,-0.390625
3546,1.171875,1.2109375,-0.2734375,-0.283203125
3547,1.23046875,1.201171875,-0.185546875,-0.263671875
3548,1.005859375,1.171875,-0.283203125,-0.302734375
3549,1.220703125,1.07421875,-0.322265625,-0.400390625
3550,1.15234375,1.181640625,-0.361328125,-0.3515625
3551,1.1328125,1.162109375,-0.263671875,-0.3125
3552,1.2109375,1.1328125,-0.2734375,-0.29296875
3553,1.171875,1.171875,-0.3125,-0.341796875
3554,1.220703125,1.171875,-0.3125,-0.390625
3555,1.103515625,1.123046875,-0.341796875,-0.2734375
3556,1.162109375,1.26953125,-0.37109375,-0.234375
3557,1.15234375,1.396484375,-0.302734375,-0.37109375
3558,1.044921875,1.240234375,-0.283203125,-0.3515625
3559,1.09375,1.220703125,-0.224609375,-0.37109375
3560,1.171875,1.279296875,-0.29296875,-0.107421875
3561,1.15234375,1.25,-0.29296875,-0.341796875
3562,1.07421875,1.259765625,-0.302734375,-0.2734375
3563,1.142578125,1.181640625,-0.234375,-0.185546875
3564,1.11328125,1.279296875,-0.283203125,-0.322265625
3565,1.259765625,1.240234375,-0.244140625,-0.283203125
3566,1.142578125,1.328125,-0.29296875,-0.5078125
3567,1.162109375,1.26953125,-0.2734375,-0.341796875
3568,1.083984375,1.15234375,-0.224609375,-0.302734375
3569,1.171875,1.11328125,-0.25390625,-0.37109375
3570,1.1328125,1.220703125,-0.283203125,-0.33203125
3571,1.1328125,1.044921875,-0.41015625,-0.400390625
3572,1.1328125,1.19140625,-0.322265625,-0.4296875
3573,1.123046875,1.23046875,-0.2734375,-0.341796875
3574,1.23046875,1.2890625,-0.263671875,-0.263671875
3575,1.162109375,1.15234375,-0.3515625,-0.380859375
3576,1.2890625,1.279296875,-0.126953125,-0.322265625
3577,1.103515625,1.15234375,-0.25390625,-0.341796875
3578,1.083984375,1.09375,-0.146484375,-0.419921875
3579,1.0546875,1.2109375,-0.13671875,-0.439453125
3580,1.142578125,1.171875,-0.322265625,-0.3125
3581,1.103515625,1.279296875,-0.341796875,-0.439453125
3582,1.11328125,1.220703125,-0.283203125,-0.4296875
3583,1.103515625,1.240234375,-0.33203125,-0.4296875
3584,1.064453125,1.064453125,-0.205078125,-0.390625
3585,1.181640625,1.2109375,-0.1953125,-0.439453125
3586,1.083984375,1.220703125,-0.166015625,-0.37109375
3587,1.064453125,1.240234375,-0.166015625,-0.3515625
3588,1.07421875,1.240234375,-0.3125,-0.46875
3589,1.162109375,1.162109375,-0.17578125,-0.4296875
3590,1.15234375,1.1328125,-0.244140625,-0.44921875
3591,0.966796875,1.259765625,-0.21484375,-0.419921875
3592,1.07421875,1.07421875,-0.283203125,-0.439453125
3593,1.025390625,1.123046875,-0.146484375,-0.41015625
3594,1.11328125,1.220703125,-0.17578125,-0.44921875
3595,0.95703125,1.23046875,-0.263671875,-0.29296875
3596,1.1328125,1.26953125,-0.2734375,-0.4296875
3597,0.986328125,1.318359375,-0.380859375,-0.390625
3598,1.083984375,1.15234375,-0.302734375,-0.400390625
3599,1.005859375,1.240234375,-0.263671875,-0.400390625
3600,1.015625,1.1328125,-0.322265625,-0.380859375
3601,1.09375,1.15234375,-0.341796875,-0.44921875
3602,1.162109375,1.23046875,-0.302734375,-0.458984375
3603,1.279296875,1.220703125,-0.25390625,-0.44921875
3604,1.083984375,1.26953125,-0.380859375,-0.244140625
3605,1.15234375,1.201171875,-0.2734375,-0.44921875
3606,1.162109375,1.259765625,-0.224609375,-0.400390625
3607,1.103515625,1.259765625,-0.361328125,-0.46875
3608,1.11328125,1.201171875,-0.283203125,-0.419921875
3609,1.11328125,1.2109375,-0.2734375,-0.3125
3610,1.181640625,1.25,-0.302734375,-0.439453125
3611,1.1328125,1.03515625,-0.29296875,-0.3125
3612,1.142578125,1.25,-0.322265625,-0.380859375
3613,1.064453125,1.2109375,-0.302734375,-0.498046875
3614,1.201171875,1.23046875,-0.29296875,-0.361328125
3615,1.07421875,1.30859375,-0.37109375,-0.37109375
3616,0.9765625,1.240234375,-0.3125,-0.4296875
3617,1.0546875,1.328125,-0.2734375,-0.322265625
3618,1.123046875,1.26953125,-0.263671875,-0.3515625
3619,1.103515625,1.318359375,-0.283203125,-0.390625
3620,1.09375,1.123046875,-0.3515625,-0.33203125
3621,0.947265625,1.240234375,-0.33203125,-0.400390625
3622,1.123046875,1.259765625,-0.322265625,-0.458984375
3623,1.103515625,1.15234375,-0.302734375,-0.380859375
3624,1.171875,1.25,-0.263671875,-0.37109375
3625,0.91796875,1.162109375,-0.37109375,-0.341796875
3626,1.07421875,1.23046875,-0.322265625,-0.3125
3627,1.07421875,1.201171875,-0.25390625,-0.37109375
3628,1.09375,1.23046875,-0.3125,-0.3515625
3629,1.0546875,1.2109375,-0.146484375,-0.33203125
3630,1.1328125,1.328125,-0.244140625,-0.283203125
3631,1.171875,1.298828125,-0.21484375,-0.419921875
3632,1.220703125,1.42578125,-0.302734375,-0.44921875
3633,1.103515625,1.4453125,-0.263671875,-0.3125
3634,1.15234375,1.162109375,-0.234375,-0.21484375
3635,1.2109375,1.2890625,-0.283203125,-0.33203125
3636,1.1328125,1.201171875,-0.380859375,-0.458984375
3637,1.1328125,1.318359375,-0.2734375,-0.29296875
3638,1.181640625,1.2109375,-0.25390625,-0.4296875
3639,1.11328125,1.15234375,-0.263671875,-0.439453125
3640,1.044921875,1.15234375,-0.33203125,-0.546875
3641,1.2109375,1.34765625,-0.3125,-0.48828125
3642,1.09375,1.298828125,-0.3125,-0.44921875
3643,1.11328125,1.259765625,-0.380859375,-0.46875
3644,1.09375,1.240234375,-0.244140625,-0.380859375
3645,1.09375,1.142578125,-0.283203125,-0.33203125
3646,1.162109375,1.1328125,-0.17578125,-0.537109375
3647,1.240234375,1.2890625,-0.25390625,-0.3515625
3648,1.123046875,1.142578125,-0.283203125,-0.400390625
3649,0.99609375,1.15234375,-0.283203125,-0.25390625
3650,1.30859375,1.201171875,-0.234375,-0.3515625
3651,1.15234375,1.3671875,-0.205078125,-0.322265625
3652,1.142578125,1.23046875,-0.205078125,-0.263671875
3653,1.103515625,1.201171875,-0.322265625,-0.322265625
3654,1.142578125,1.25,-0.361328125,-0.341796875
3655,1.15234375,1.259765625,-0.33203125,-0.41015625
3656,1.15234375,1.15234375,-0.25390625,-0.37109375
3657,1.103515625,1.26953125,-0.263671875,-0.400390625
3658,0.95703125,1.103515625,-0.361328125,-0.322265625
3659,1.07421875,1.181640625,-0.2734375,-0.478515625
3660,1.0546875,1.240234375,-0.15625,-0.44921875
3661,1.11328125,1.19140625,-0.244140625,-0.3515625
3662,1.123046875,1.123046875,-0.25390625,-0.419921875
3663,1.2109375,1.15234375,-0.302734375,-0.419921875
3664,1.0546875,1.2109375,-0.21484375,-0.283203125
3665,1.11328125,1.19140625,-0.2734375,-0.478515625
3666,1.220703125,1.23046875,-0.3515625,-0.4296875
3667,1.03515625,1.171875,-0.2734375,-0.419921875
3668,0.9765625,1.220703125,-0.302734375,-0.4296875
3669,1.103515625,1.240234375,-0.29296875,-0.5078125
3670,1.083984375,1.15234375,-0.263671875,-0.419921875
3671,1.083984375,1.2109375,-0.37109375,-0.48828125
3672,1.09375,1.103515625,-0.29296875,-0.380859375
3673,1.103515625,1.259765625,-0.263671875,-0.205078125
3674,1.171875,1.15234375,-0.322265625,-0.380859375
3675,1.123046875,1.23046875,-0.263671875,-0.390625
3676,1.142578125,1.2109375,-0.224609375,-0.087890625
3677,1.044921875,1.19140625,-0.322265625,-0.390625
3678,1.09375,1.26953125,-0.224609375,-0.44921875
3679,1.09375,1.396484375,-0.078125,-0.322265625
3680,1.15234375,1.171875,-0.205078125,-0.37109375
3681,1.15234375,1.201171875,-0.234375,-0.37109375
3682,1.025390625,1.3671875,-0.185546875,-0.458984375
3683,1.103515625,1.220703125,-0.224609375,-0.390625
3684,1.09375,1.298828125,-0.361328125,-0.37109375
3685,1.103515625,1.171875,-0.21484375,-0.56640625
3686,1.103515625,1.15234375,-0.21484375,-0.419921875
3687,1.064453125,1.201171875,-0.1953125,-0.3125
3688,1.11328125,1.15234375,-0.234375,-0.556640625
3689,1.064453125,1.181640625,-0.205078125,-0.3515625
3690,1.0546875,1.26953125,-0.234375,-0.400390625
3691,1.11328125,1.337890625,-0.263671875,-0.33203125
3692,1.220703125,1.259765625,-0.234375,-0.380859375
3693,1.162109375,1.09375,-0.224609375,-0.439453125
3694,1.142578125,1.220703125,-0.1953125,-0.498046875
3695,1.142578125,1.162109375,-0.234375,-0.4296875
3696,1.083984375,1.11328125,-0.302734375,-0.48828125
3697,1.03515625,1.171875,-0.1953125,-0.458984375
3698,1.07421875,1.142578125,-0.3125,-0.498046875
3699,1.015625,1.19140625,-0.2734375,-0.498046875
3700,1.064453125,1.181640625,-0.25390625,-0.322265625
3701,1.103515625,1.0546875,-0.263671875,-0.478515625
3702,1.03515625,1.11328125,-0.234375,-0.283203125
3703,1.181640625,1.123046875,-0.205078125,-0.322265625
3704,1.201171875,1.220703125,-0.21484375,-0.390625
3705,1.064453125,1.103515625,-0.302734375,-0.361328125
3706,1.181640625,1.142578125,-0.361328125,-0.4296875
3707,0.99609375,1.1328125,-0.25390625,-0.361328125
3708,1.0546875,1.123046875,-0.263671875,-0.361328125
3709,1.162109375,1.23046875,-0.185546875,-0.33203125
3710,1.1328125,1.03515625,-0.283203125,-0.56640625
3711,1.1328125,1.0546875,-0.21484375,-0.341796875
3712,1.044921875,1.11328125,-0.107421875,-0.361328125
3713,1.1328125,1.142578125,-0.3125,-0.380859375
3714,1.181640625,1.15234375,-0.390625,-0.29296875
3715,1.1328125,1.103515625,-0.29296875,-0.322265625
3716,1.25,1.220703125,-0.390625,-0.29296875
3717,1.123046875,1.11328125,-0.126953125,-0.33203125
3718,1.15234375,1.201171875,-0.283203125,-0.29296875
3719,1.123046875,1.09375,-0.3515625,-0.380859375
3720,1.171875,1.240234375,-0.41015625,-0.322265625
3721,1.171875,1.123046875,-0.29296875,-0.302734375
3722,1.103515625,1.123046875,-0.2734375,-0.3125
3723,1.083984375,1.171875,-0.2734375,-0.2734375
3724,1.171875,1.181640625,-0.224609375,-0.283203125
3725,1.259765625,1.2109375,-0.390625,-0.400390625
3726,1.162109375,1.201171875,-0.205078125,-0.322265625
3727,1.181640625,1.2109375,-0.361328125,-0.4296875
3728,1.181640625,1.2109375,-0.205078125,-0.302734375
3729,1.23046875,1.083984375,-0.146484375,-0.390625
3730,1.201171875,1.357421875,-0.244140625,-0.3125
3731,1.162109375,1.171875,-0.263671875,-0.400390625
3732,1.23046875,1.19140625,-0.25390625,-0.380859375
3733,1.220703125,1.083984375,-0.224609375,-0.3515625
3734,1.201171875,1.1328125,-0.263671875,-0.400390625
3735,1.298828125,1.19140625,-0.21484375,-0.361328125
3736,1.181640625,1.123046875,-0.21484375,-0.3515625
3737,1.220703125,1.11328125,-0.234375,-0.29296875
3738,1.19140625,1.103515625,-0.2734375,-0.419921875
3739,1.123046875,1.2109375,-0.341796875,-0.380859375
3740,1.19140625,1.162109375,-0.33203125,-0.44921875
3741,1.19140625,1.23046875,-0.283203125,-0.41015625
3742,1.1328125,1.09375,-0.234375,-0.41015625
3743,1.11328125,1.123046875,-0.25390625,-0.380859375
3744,1.201171875,1.15234375,-0.205078125,-0.283203125
3745,1.123046875,1.103515625,-0.3125,-0.3125
3746,1.09375,1.201171875,-0.283203125,-0.478515625
3747,1.26953125,1.15234375,-0.1953125,-0.283203125
3748,1.19140625,1.2109375,-0.263671875,-0.29296875
3749,1.19140625,1.1328125,-0.2734375,-0.3515625
3750,1.171875,1.103515625,-0.25390625,-0.46875
3751,1.181640625,1.3671875,-0.21484375,-0.2734375
3752,1.220703125,1.171875,-0.234375,-0.1953125
3753,1.103515625,1.201171875,-0.166015625,-0.3515625
3754,1.23046875,1.15234375,-0.29296875,-0.29296875
3755,1.2890625,1.240234375,-0.234375,-0.380859375
3756,1.240234375,1.142578125,-0.146484375,-0.37109375
3757,1.23046875,1.11328125,-0.263671875,-0.185546875
3758,1.26953125,1.26953125,-0.2734375,-0.439453125
3759,1.240234375,1.19140625,-0.234375,-0.224609375
3760,1.328125,1.142578125,-0.21484375,-0.263671875
3761,1.240234375,1.201171875,-0.15625,-0.25390625
3762,1.220703125,1.171875,-0.37109375,-0.224609375
3763,1.2109375,1.40625,-0.1953125,-0.322265625
3764,1.26953125,1.220703125,-0.263671875,-0.400390625
3765,1.328125,1.25,-0.263671875,-0.244140625
3766,1.30859375,1.11328125,-0.322265625,-0.37109375
3767,1.201171875,1.142578125,-0.302734375,-0.458984375
3768,1.38671875,1.23046875,-0.263671875,-0.107421875
3769,1.19140625,1.26953125,-0.361328125,-0.185546875
3770,1.25,1.07421875,-0.302734375,-0.41015625
3771,1.03515625,1.142578125,-0.3125,-0.41015625
3772,1.083984375,1.25,-0.2734375,-0.380859375
3773,1.23046875,1.240234375,-0.419921875,-0.3125
3774,1.142578125,1.240234375,-0.185546875,-0.361328125
3775,1.181640625,1.2109375,-0.126953125,-0.29296875
3776,1.181640625,1.123046875,-0.107421875,-0.4296875
3777,1.19140625,1.2109375,-0.126953125,-0.322265625
3778,1.25,1.19140625,-0.1171875,-0.380859375
3779,1.181640625,1.240234375,-0.224609375,-0.302734375
3780,1.19140625,1.23046875,-0.185546875,-0.33203125
3781,1.318359375,1.083984375,-0.234375,-0.380859375
3782,1.201171875,1.181640625,-0.224609375,-0.361328125
3783,1.220703125,1.23046875,-0.13671875,-0.29296875
3784,1.162109375,1.15234375,-0.1953125,-0.244140625
3785,1.23046875,1.2890625,-0.205078125,-0.341796875
3786,1.279296875,1.26953125,-0.185546875,-0.361328125
3787,1.279296875,1.09375,-0.283203125,-0.419921875
3788,1.279296875,1.240234375,-0.244140625,-0.33203125
3789,1.30859375,1.15234375,-0.1953125,-0.322265625
3790,1.19140625,1.220703125,-0.302734375,-0.3125
3791,1.19140625,1.328125,-0.224609375,-0.29296875
3792,1.23046875,1.181640625,-0.185546875,-0.29296875
3793,1.201171875,1.201171875,-0.3125,-0.3125
3794,1.220703125,1.19140625,-0.13671875,-0.25390625
3795,1.19140625,1.220703125,-0.29296875,-0.341796875
3796,1.2109375,1.15234375,-0.21484375,-0.224609375
3797,1.123046875,1.064453125,-0.263671875,-0.322265625
3798,1.171875,1.19140625,-0.21484375,-0.380859375
3799,1.083984375,1.181640625,-0.205078125,-0.341796875
3800,1.142578125,1.171875,-0.234375,-0.3515625
3801,1.142578125,1.181640625,-0.1171875,-0.234375
3802,1.015625,1.11328125,-0.25390625,-0.283203125
3803,1.103515625,1.15234375,-0.263671875,-0.41015625
3804,1.2109375,1.26953125,-0.205078125,-0.2734375
3805,1.103515625,1.25,-0.234375,-0.25390625
3806,1.123046875,1.220703125,-0.107421875,-0.361328125
3807,1.025390625,1.15234375,-0.166015625,-0.37109375
3808,1.09375,1.0546875,-0.1953125,-0.263671875
3809,1.201171875,1.064453125,-0.21484375,-0.302734375
3810,1.19140625,1.25,-0.380859375,-0.380859375
3811,1.181640625,1.181640625,-0.263671875,-0.25390625
3812,1.162109375,1.220703125,-0.263671875,-0.29296875
3813,1.123046875,1.19140625,-0.3125,-0.41015625
3814,1.171875,1.201171875,-0.15625,-0.283203125
3815,1.181640625,1.142578125,-0.21484375,-0.2734375
3816,1.142578125,0.95703125,-0.25390625,-0.234375
3817,1.240234375,1.171875,-0.244140625,-0.283203125
3818,1.15234375,1.201171875,-0.263671875,-0.25390625
3819,1.181640625,1.11328125,-0.3125,-0.37109375
3820,1.11328125,1.220703125,-0.2734375,-0.283203125
3821,1.123046875,1.162109375,-0.361328125,-0.25390625
3822,1.103515625,1.2109375,-0.234375,-0.25390625
3823,1.171875,1.201171875,-0.244140625,-0.224609375
3824,1.064453125,1.162109375,-0.302734375,-0.2734375
3825,1.23046875,1.103515625,-0.3125,-0.25390625
3826,1.25,1.171875,-0.263671875,-0.25390625
3827,1.123046875,1.064453125,-0.25390625,-0.302734375
3828,1.09375,1.123046875,-0.244140625,-0.2734375
3829,1.181640625,1.1328125,-0.21484375,-0.244140625
3830,1.1328125,1.103515625,-0.263671875,-0.17578125
3831,1.162109375,1.19140625,-0.25390625,-0.33203125
3832,1.23046875,1.1328125,-0.322265625,-0.29296875
3833,1.09375,1.181640625,-0.185546875,-0.234375
3834,1.11328125,1.220703125,-0.224609375,-0.21484375
3835,1.181640625,1.083984375,-0.283203125,-0.21484375
3836,1.103515625,1.142578125,-0.185546875,-0.33203125
3837,1.1328125,1.162109375,-0.1953125,-0.439453125
3838,1.11328125,1.2109375,-0.234375,-0.1953125
3839,1.15234375,1.1328125,-0.244140625,-0.322265625
3840,1.220703125,1.162109375,-0.068359375,-0.205078125
3841,1.240234375,1.19140625,-0.361328125,-0.166015625
3842,1.201171875,1.123046875,-0.21484375,-0.302734375
3843,1.171875,1.357421875,-0.263671875,-0.29296875
3844,1.171875,1.123046875,-0.1953125,-0.302734375
3845,1.1328125,1.142578125,-0.13671875,-0.302734375
3846,1.15234375,1.240234375,-0.302734375,-0.380859375
3847,1.162109375,1.171875,-0.3125,-0.341796875
3848,1.201171875,1.1328125,-0.41015625,-0.185546875
3849,1.015625,1.1328125,-0.3125,-0.29296875
3850,1.142578125,1.15234375,-0.302734375,-0.361328125
3851,1.259765625,1.23046875,-0.283203125,-0.2734375
3852,1.181640625,1.162109375,-0.15625,-0.205078125
3853,1.1328125,1.1328125,-0.33203125,-0.244140625
3854,1.1328125,1.142578125,-0.3515625,-0.224609375
3855,1.162109375,1.162109375,-0.33203125,-0.29296875
3856,1.123046875,1.15234375,-0.361328125,-0.244140625
3857,1.279296875,1.083984375,-0.29296875,-0.244140625
3858,1.0546875,1.15234375,-0.1953125,-0.25390625
3859,1.15234375,1.123046875,-0.1953125,-0.17578125
3860,1.201171875,1.083984375,-0.21484375,-0.224609375
3861,1.201171875,1.09375,-0.21484375,-0.205078125
3862,1.201171875,1.123046875,-0.37109375,-0.322265625
3863,1.220703125,1.23046875,-0.2734375,-0.166015625
3864,1.15234375,1.15234375,-0.341796875,-0.283203125
3865,1.240234375,1.15234375,-0.25390625,-0.224609375
3866,1.2109375,1.201171875,-0.302734375,-0.21484375
3867,1.171875,1.171875,-0.244140625,-0.25390625
3868,1.19140625,1.171875,-0.302734375,-0.302734375
3869,1.11328125,1.103515625,-0.390625,-0.234375
3870,1.162109375,0.95703125,-0.37109375,-0.21484375
3871,1.171875,1.162109375,-0.224609375,-0.1953125
3872,1.181640625,1.15234375,-0.3125,-0.205078125
3873,1.1328125,1.123046875,-0.224609375,-0.185546875
3874,1.07421875,1.19140625,-0.302734375,-0.078125
3875,1.19140625,1.123046875,-0.302734375,-0.224609375
3876,1.279296875,1.23046875,-0.3125,-0.302734375
3877,1.19140625,1.123046875,-0.2734375,-0.302734375
3878,1.064453125,1.103515625,-0.29296875,-0.21484375
3879,1.0546875,1.279296875,-0.29296875,-0.33203125
3880,1.26953125,1.11328125,-0.322265625,-0.185546875
3881,1.15234375,1.11328125,-0.302734375,-0.44921875
3882,1.11328125,1.220703125,-0.283203125,-0.283203125
3883,1.07421875,1.1328125,-0.302734375,-0.3515625
3884,1.064453125,1.11328125,-0.2734375,-0.126953125
3885,1.19140625,1.279296875,-0.25390625,-0.234375
3886,1.162109375,1.07421875,-0.244140625,-0.2734375
3887,1.181640625,1.1328125,-0.322265625,-0.302734375
3888,1.142578125,1.11328125,-0.400390625,-0.302734375
3889,1.23046875,1.279296875,-0.33203125,-0.263671875
3890,1.1328125,1.15234375,-0.244140625,-0.2734375
3891,1.23046875,1.181640625,-0.25390625,-0.17578125
3892,1.19140625,1.103515625,-0.29296875,-0.224609375
3893,1.142578125,1.19140625,-0.146484375,-0.244140625
3894,1.162109375,1.181640625,-0.2734375,-0.3125
3895,1.19140625,1.23046875,-0.166015625,-0.400390625
3896,1.015625,1.123046875,-0.29296875,-0.21484375
3897,1.1328125,1.15234375,-0.263671875,-0.3125
3898,1.11328125,1.2109375,-0.25390625,-0.263671875
3899,1.26953125,1.259765625,-0.390625,-0.25390625
3900,1.07421875,1.123046875,-0.3515625,-0.17578125
3901,1.19140625,1.19140625,-0.302734375,-0.146484375
3902,1.11328125,1.201171875,-0.21484375,-0.380859375
3903,1.25,1.23046875,-0.283203125,-0.244140625
3904,1.171875,1.142578125,-0.3125,-0.1953125
3905,1.03515625,1.259765625,-0.419921875,-0.234375
3906,1.11328125,1.23046875,-0.283203125,-0.224609375
3907,1.162109375,1.142578125,-0.234375,-0.244140625
3908,1.162109375,1.162109375,-0.263671875,-0.15625
3909,1.15234375,1.23046875,-0.341796875,-0.341796875
3910,1.1328125,1.201171875,-0.33203125,-0.263671875
3911,1.220703125,1.25,-0.283203125,-0.25390625
3912,1.181640625,1.15234375,-0.25390625,-0.244140625
3913,1.142578125,1.123046875,-0.4296875,-0.302734375
3914,0.99609375,1.201171875,-0.224609375,-0.29296875
3915,1.19140625,1.240234375,-0.361328125,-0.283203125
3916,1.162109375,1.3671875,-0.244140625,-0.283203125
3917,1.162109375,1.103515625,-0.234375,-0.234375
3918,1.201171875,1.201171875,-0.322265625,-0.263671875
3919,1.15234375,1.2109375,-0.2734375,-0.380859375
3920,1.142578125,1.07421875,-0.302734375,-0.205078125
3921,1.07421875,1.044921875,-0.126953125,-0.361328125
3922,1.220703125,1.11328125,-0.234375,-0.234375
3923,1.181640625,1.15234375,-0.21484375,-0.361328125
3924,1.123046875,1.201171875,-0.322265625,-0.244140625
3925,1.171875,1.26953125,-0.224609375,-0.3125
3926,1.19140625,1.1328125,-0.234375,-0.17578125
3927,1.181640625,1.11328125,-0.322265625,-0.322265625
3928,1.181640625,1.181640625,-0.341796875,-0.205078125
3929,1.2109375,1.181640625,-0.341796875,-0.3515625
3930,1.19140625,1.181640625,-0.5078125,-0.390625
3931,1.171875,1.19140625,-0.29296875,-0.3125
3932,1.11328125,1.123046875,-0.29296875,-0.234375
3933,1.162109375,1.171875,-0.263671875,-0.3125
3934,1.1328125,1.279296875,-0.37109375,-0.21484375
3935,1.083984375,1.23046875,-0.458984375,-0.224609375
3936,1.07421875,1.1328125,-0.341796875,-0.302734375
3937,1.171875,1.318359375,-0.361328125,-0.1953125
3938,1.171875,1.240234375,-0.1953125,-0.1953125
3939,1.1328125,1.142578125,-0.390625,-0.37109375
3940,1.240234375,1.240234375,-0.13671875,-0.21484375
3941,1.1328125,1.259765625,-0.25390625,-0.322265625
3942,1.044921875,1.25,-0.244140625,-0.263671875
3943,1.240234375,1.2109375,-0.341796875,-0.263671875
3944,1.083984375,1.279296875,-0.185546875,-0.21484375
3945,1.240234375,1.2109375,-0.205078125,-0.234375
3946,1.181640625,1.2109375,-0.380859375,-0.33203125
3947,1.181640625,1.279296875,-0.37109375,-0.361328125
3948,1.19140625,1.162109375,-0.244140625,-0.185546875
3949,1.25,1.26953125,-0.224609375,-0.13671875
3950,1.064453125,1.376953125,-0.25390625,-0.302734375
3951,1.240234375,1.259765625,-0.3125,-0.166015625
3952,1.142578125,1.1328125,-0.224609375,-0.322265625
3953,1.259765625,1.26953125,-0.263671875,-0.283203125
3954,1.259765625,1.201171875,-0.263671875,-0.37109375
3955,1.044921875,1.2109375,-0.25390625,-0.33203125
3956,1.240234375,1.298828125,-0.302734375,-0.205078125
3957,1.2890625,1.220703125,-0.322265625,-0.3515625
3958,1.220703125,1.2109375,-0.3125,-0.361328125
3959,1.171875,1.181640625,-0.21484375,-0.244140625
3960,1.162109375,1.1328125,-0.302734375,-0.205078125
3961,1.201171875,1.318359375,-0.3125,-0.244140625
3962,1.181640625,1.259765625,-0.302734375,-0.224609375
3963,1.19140625,1.318359375,-0.380859375,-0.302734375
3964,1.123046875,1.2109375,-0.48828125,-0.33203125
3965,1.23046875,1.26953125,-0.361328125,-0.29296875
3966,1.1328125,1.181640625,-0.302734375,-0.21484375
3967,1.15234375,1.240234375,-0.25390625,-0.361328125
3968,1.15234375,1.2890625,-0.21484375,-0.3125
3969,1.123046875,1.26953125,-0.283203125,-0.498046875
3970,1.2109375,1.171875,-0.361328125,-0.263671875
3971,1.240234375,1.26953125,-0.1953125,-0.419921875
3972,1.19140625,1.25,-0.3515625,-0.390625
3973,1.171875,1.259765625,-0.341796875,-0.21484375
3974,1.171875,1.337890625,-0.283203125,-0.361328125
3975,1.220703125,1.201171875,-0.361328125,-0.224609375
3976,1.19140625,1.171875,-0.185546875,-0.41015625
3977,1.123046875,1.123046875,-0.390625,-0.29296875
3978,1.279296875,1.1328125,-0.3515625,-0.419921875
3979,1.220703125,1.083984375,-0.263671875,-0.458984375
3980,1.181640625,1.1328125,-0.380859375,-0.3125
3981,1.123046875,1.162109375,-0.322265625,-0.400390625
3982,1.279296875,1.162109375,-0.302734375,-0.234375
3983,1.25,1.19140625,-0.322265625,-0.37109375
3984,1.103515625,1.19140625,-0.41015625,-0.244140625
3985,1.15234375,1.240234375,-0.283203125,-0.322265625
3986,1.171875,1.15234375,-0.185546875,-0.341796875
3987,1.1328125,1.19140625,-0.224609375,-0.322265625
3988,1.259765625,1.201171875,-0.224609375,-0.244140625
3989,1.171875,0.78125,-0.33203125,-0.3125
3990,1.23046875,1.2890625,-0.205078125,-0.25390625
3991,1.1328125,1.23046875,-0.37109375,-0.41015625
3992,1.25,1.240234375,-0.224609375,-0.361328125
3993,1.171875,1.26953125,-0.29296875,-0.302734375
3994,1.181640625,1.279296875,-0.15625,-0.3515625
3995,1.240234375,1.15234375,-0.107421875,-0.33203125
3996,1.07421875,1.23046875,-0.400390625,-0.4296875
3997,1.162109375,1.298828125,-0.25390625,-0.302734375
3998,1.044921875,1.15234375,-0.29296875,-0.33203125
3999,1.162109375,1.279296875,-0.322265625,-0.4296875
4000,1.30859375,1.30859375,-0.224609375,-0.1953125
4001,1.162109375,1.40625,-0.244140625,-0.380859375
4002,1.19140625,1.2890625,-0.322265625,-0.419921875
4003,1.220703125,1.26953125,-0.224609375,-0.341796875
4004,1.03515625,1.220703125,-0.302734375,-0.302734375
4005,1.09375,1.171875,-0.2734375,-0.107421875
4006,1.123046875,1.279296875,-0.283203125,-0.546875
4007,1.1328125,1.171875,-0.29296875,-0.341796875
4008,1.162109375,1.26953125,-0.302734375,-0.41015625
4009,1.298828125,1.201171875,-0.263671875,-0.4296875
4010,1.103515625,1.142578125,-0.13671875,-0.458984375
4011,1.15234375,1.171875,-0.05859375,-0.4296875
4012,1.0546875,1.23046875,-0.263671875,-0.302734375
4013,1.162109375,1.38671875,-0.3515625,-0.439453125
4014,1.162109375,1.15234375,-0.33203125,-0.361328125
4015,1.064453125,1.26953125,-0.21484375,-0.380859375
4016,1.09375,1.337890625,-0.2734375,-0.2734375
4017,1.11328125,1.46484375,-0.078125,-0.3515625
4018,1.064453125,1.30859375,-0.302734375,-0.419921875
4019,1.03515625,1.2890625,-0.2734375,-0.390625
4020,1.123046875,1.19140625,-0.244140625,-0.419921875
4021,1.07421875,1.2890625,-0.224609375,-0.205078125
4022,1.083984375,1.25,-0.263671875,-0.390625
4023,1.07421875,1.376953125,-0.205078125,-0.439453125
4024,1.07421875,1.240234375,-0.21484375,-0.419921875
4025,1.083984375,1.30859375,-0.3125,-0.419921875
4026,1.15234375,1.279296875,-0.15625,-0.390625
4027,1.1328125,1.220703125,-0.2734375,-0.322265625
4028,1.0546875,1.201171875,-0.3125,-0.478515625
4029,1.083984375,1.2890625,-0.2734375,-0.44921875
4030,1.123046875,1.240234375,-0.3125,-0.5078125
4031,1.083984375,1.220703125,-0.341796875,-0.4296875
4032,1.123046875,1.220703125,-0.29296875,-0.390625
4033,1.1328125,1.25,-0.1953125,-0.29296875
4034,1.083984375,1.220703125,-0.244140625,-0.380859375
4035,1.15234375,1.279296875,-0.25390625,-0.41015625
4036,1.171875,1.474609375,-0.29296875,-0.3515625
4037,1.15234375,1.2890625,-0.302734375,-0.41015625
4038,1.044921875,1.240234375,-0.25390625,-0.4296875
4039,1.09375,1.259765625,-0.283203125,-0.322265625
4040,1.09375,1.201171875,-0.224609375,-0.44921875
4041,1.15234375,1.240234375,-0.380859375,-0.439453125
4042,1.103515625,1.396484375,-0.283203125,-0.44921875
4043,1.123046875,1.220703125,-0.3125,-0.41015625
4044,1.103515625,1.23046875,-0.341796875,-0.390625
4045,1.064453125,1.2890625,-0.3125,-0.537109375
4046,1.2109375,1.25,-0.283203125,-0.44921875
4047,1.162109375,1.298828125,-0.390625,-0.380859375
4048,1.220703125,1.220703125,-0.283203125,-0.60546875
4049,1.025390625,1.220703125,-0.33203125,-0.361328125
4050,1.083984375,1.26953125,-0.41015625,-0.458984375
4051,1.1328125,1.2109375,-0.283203125,-0.44921875
4052,1.03515625,1.298828125,-0.234375,-0.37109375
4053,1.103515625,1.25,-0.224609375,-0.41015625
4054,1.142578125,1.15234375,-0.205078125,-0.361328125
4055,1.09375,1.298828125,-0.341796875,-0.439453125
4056,1.1328125,1.376953125,-0.166015625,-0.400390625
4057,1.09375,1.2109375,-0.322265625,-0.361328125
4058,1.064453125,1.259765625,-0.2734375,-0.361328125
4059,1.11328125,1.15234375,-0.205078125,-0.37109375
4060,1.09375,1.162109375,-0.3125,-0.361328125
4061,1.15234375,1.2109375,-0.166015625,-0.380859375
4062,1.103515625,1.19140625,-0.244140625,-0.37109375
4063,1.240234375,1.11328125,-0.302734375,-0.48828125
4064,1.09375,1.220703125,-0.244140625,-0.458984375
4065,1.005859375,1.259765625,-0.283203125,-0.419921875
4066,1.220703125,1.2109375,-0.37109375,-0.341796875
4067,1.162109375,1.220703125,-0.224609375,-0.52734375
4068,1.123046875,1.142578125,-0.29296875,-0.41015625
4069,1.083984375,1.181640625,-0.224609375,-0.37109375
4070,1.142578125,1.240234375,-0.25390625,-0.37109375
4071,1.26953125,1.357421875,-0.146484375,-0.3515625
4072,1.044921875,1.181640625,-0.263671875,-0.400390625
4073,1.1328125,1.25,-0.25390625,-0.44921875
4074,1.162109375,1.25,-0.283203125,-0.400390625
4075,1.005859375,1.23046875,-0.33203125,-0.29296875
4076,0.986328125,1.26953125,-0.361328125,-0.44921875
4077,1.123046875,1.142578125,-0.185546875,-0.44921875
4078,1.09375,1.220703125,-0.263671875,-0.37109375
4079,1.064453125,1.259765625,-0.244140625,-0.400390625
4080,1.064453125,1.201171875,-0.244140625,-0.400390625
4081,1.044921875,1.1328125,-0.2734375,-0.4296875
4082,0.9375,1.26953125,-0.21484375,-0.302734375
4083,1.09375,1.23046875,-0.1953125,-0.3125
4084,1.103515625,1.240234375,-0.13671875,-0.3125
4085,1.03515625,1.201171875,-0.166015625,-0.41015625
4086,1.11328125,1.19140625,-0.33203125,-0.244140625
4087,1.181640625,1.2109375,-0.17578125,-0.283203125
4088,1.064453125,1.2109375,-0.25390625,-0.283203125
4089,0.99609375,1.11328125,-0.1953125,-0.322265625
4090,1.142578125,1.30859375,-0.234375,-0.4296875
4091,1.1328125,1.2109375,-0.21484375,-0.390625
4092,1.015625,1.162109375,-0.25390625,-0.44921875
4093,1.07421875,1.171875,-0.29296875,-0.439453125
4094,1.09375,1.142578125,-0.17578125,-0.52734375
4095,1.083984375,1.171875,-0.2734375,-0.439453125
4096,1.083984375,1.1328125,-0.380859375,-0.419921875
4097,1.123046875,1.201171875,-0.33203125,-0.4296875
4098,1.07421875,1.240234375,-0.29296875,-0.37109375
4099,1.083984375,1.259765625,-0.439453125,-0.41015625
4100,1.103515625,1.298828125,-0.263671875,-0.576171875
4101,1.025390625,1.11328125,-0.2734375,-0.46875
4102,1.142578125,1.171875,-0.302734375,-0.37109375
4103,1.23046875,1.26953125,-0.361328125,-0.56640625
4104,1.181640625,1.162109375,-0.29296875,-0.37109375
4105,1.103515625,1.162109375,-0.341796875,-0.41015625
4106,1.09375,1.259765625,-0.2734375,-0.361328125
4107,1.11328125,1.142578125,-0.29296875,-0.37109375
4108,1.25,1.181640625,-0.185546875,-0.3515625
4109,1.025390625,1.279296875,-0.3125,-0.44921875
4110,1.23046875,1.15234375,-0.37109375,-0.29296875
4111,1.15234375,1.1328125,-0.205078125,-0.400390625
4112,1.123046875,1.25,-0.224609375,-0.263671875
4113,1.09375,1.2890625,-0.25390625,-0.322265625
4114,1.19140625,1.171875,-0.25390625,-0.419921875
4115,1.171875,1.15234375,-0.244140625,-0.46875
4116,1.142578125,1.07421875,-0.263671875,-0.33203125
4117,1.09375,1.220703125,-0.087890625,-0.341796875
4118,0.986328125,1.23046875,-0.1953125,-0.224609375
4119,1.220703125,1.015625,-0.2734375,-0.458984375
4120,1.09375,1.044921875,-0.244140625,-0.4296875
4121,1.240234375,1.201171875,-0.166015625,-0.56640625
4122,0.99609375,1.083984375,-0.25390625,-0.595703125
4123,1.005859375,1.09375,-0.09765625,-0.556640625
4124,1.11328125,1.1328125,-0.400390625,-0.48828125
4125,1.2109375,1.220703125,-0.263671875,-0.4296875
4126,1.11328125,1.171875,-0.341796875,-0.48828125
4127,1.09375,1.240234375,-0.3125,-0.52734375
4128,1.171875,1.2109375,-0.224609375,-0.46875
4129,1.103515625,1.162109375,-0.302734375,-0.439453125
4130,0.986328125,0.9375,-0.263671875,-0.4296875
4131,1.083984375,1.181640625,-0.390625,-0.419921875
4132,1.162109375,1.1328125,-0.205078125,-0.5078125
4133,1.19140625,1.279296875,-0.302734375,-0.46875
4134,1.123046875,1.142578125,-0.400390625,-0.41015625
4135,1.103515625,1.005859375,-0.25390625,-0.29296875
4136,1.11328125,1.201171875,-0.2734375,-0.4296875
4137,1.123046875,1.19140625,-0.25390625,-0.439453125
4138,1.09375,1.25,-0.17578125,-0.3515625
4139,1.181640625,1.2109375,-0.205078125,-0.380859375
4140,1.123046875,1.220703125,-0.21484375,-0.263671875
4141,1.1328125,1.09375,-0.3125,-0.44921875
4142,1.07421875,1.171875,-0.341796875,-0.419921875
4143,1.103515625,1.09375,-0.3125,-0.380859375
4144,1.1328125,1.123046875,-0.25390625,-0.37109375
4145,1.123046875,1.2109375,-0.185546875,-0.361328125
4146,1.064453125,1.23046875,-0.244140625,-0.361328125
4147,1.181640625,1.15234375,-0.09765625,-0.4296875
4148,1.09375,0.966796875,-0.244140625,-0.283203125
4149,1.15234375,1.171875,-0.263671875,-0.44921875
4150,1.103515625,1.162109375,-0.15625,-0.33203125
4151,1.171875,1.181640625,-0.25390625,-0.419921875
4152,1.1328125,1.1328125,-0.29296875,-0.37109375
4153,1.181640625,1.240234375,-0.341796875,-0.33203125
4154,1.162109375,1.181640625,-0.302734375,-0.419921875
4155,1.171875,1.142578125,-0.33203125,-0.37109375
4156,1.103515625,1.162109375,-0.302734375,-0.341796875
4157,1.201171875,1.1328125,-0.341796875,-0.380859375
4158,1.162109375,1.19140625,-0.244140625,-0.380859375
4159,1.259765625,1.2109375,-0.2734375,-0.419921875
4160,1.15234375,1.181640625,-0.322265625,-0.341796875
4161,1.201171875,1.11328125,-0.33203125,-0.263671875
4162,1.142578125,1.181640625,-0.33203125,-0.37109375
4163,1.2890625,1.142578125,-0.17578125,-0.341796875
4164,1.259765625,1.19140625,-0.3515625,-0.244140625
4165,1.064453125,1.23046875,-0.244140625,-0.4296875
4166,1.2109375,1.201171875,-0.3515625,-0.419921875
4167,1.083984375,0.986328125,-0.29296875,-0.361328125
4168,1.162109375,1.2109375,-0.419921875,-0.37109375
4169,1.2109375,1.19140625,-0.1171875,-0.4296875
4170,1.162109375,1.2109375,-0.3515625,-0.302734375
4171,1.25,1.2109375,-0.234375,-0.341796875
4172,1.240234375,1.23046875,-0.380859375,-0.3515625
4173,1.2109375,1.298828125,-0.3515625,-0.33203125
4174,1.220703125,1.162109375,-0.21484375,-0.361328125
4175,1.220703125,1.162109375,-0.322265625,-0.3515625
4176,1.279296875,1.103515625,-0.419921875,-0.234375
4177,1.19140625,1.240234375,-0.185546875,-0.2734375
4178,1.171875,1.220703125,-0.41015625,-0.302734375
4179,1.15234375,1.25,-0.25390625,-0.283203125
4180,1.142578125,1.11328125,-0.234375,-0.400390625
4181,1.201171875,1.2109375,-0.302734375,-0.29296875
4182,1.181640625,1.123046875,-0.263671875,-0.33203125
4183,1.23046875,1.259765625,-0.25390625,-0.41015625
4184,1.259765625,1.0546875,-0.078125,-0.302734375
4185,1.23046875,1.298828125,-0.302734375,-0.283203125
4186,1.19140625,1.23046875,-0.263671875,-0.41015625
4187,1.171875,1.162109375,-0.126953125,-0.25390625
4188,1.220703125,1.357421875,-0.419921875,-0.283203125
4189,1.34765625,1.26953125,-0.244140625,-0.390625
4190,1.318359375,1.201171875,-0.166015625,-0.244140625
4191,1.298828125,1.11328125,-0.224609375,-0.283203125
4192,1.337890625,1.2890625,-0.33203125,-0.400390625
4193,1.357421875,1.38671875,-0.33203125,-0.37109375
4194,1.30859375,1.064453125,-0.263671875,-0.37109375
4195,1.2890625,1.162109375,-0.33203125,-0.341796875
4196,1.201171875,1.171875,-0.3515625,-0.37109375
4197,1.2890625,1.2109375,-0.263671875,-0.322265625
4198,1.2890625,1.201171875,-0.283203125,-0.21484375
4199,1.19140625,1.220703125,-0.21484375,-0.302734375
4200,1.201171875,1.181640625,-0.361328125,-0.4296875
4201,1.181640625,1.19140625,-0.439453125,-0.439453125
4202,1.240234375,1.181640625,-0.2734375,-0.25390625
4203,1.23046875,1.240234375,-0.29296875,-0.37109375
4204,1.1328125,1.11328125,-0.3515625,-0.41015625
4205,1.142578125,1.15234375,-0.234375,-0.439453125
4206,1.220703125,1.15234375,-0.2734375,-0.41015625
4207,1.220703125,1.19140625,-0.21484375,-0.419921875
4208,1.337890625,1.259765625,-0.185546875,-0.37109375
4209,1.298828125,1.259765625,-0.1953125,-0.537109375
4210,1.25,1.23046875,-0.1953125,-0.341796875
4211,1.103515625,1.201171875,-0.166015625,-0.302734375
4212,1.181640625,1.142578125,-0.2734375,-0.361328125
4213,1.23046875,1.220703125,-0.185546875,-0.263671875
4214,1.259765625,1.083984375,-0.166015625,-0.41015625
4215,1.220703125,1.11328125,-0.25390625,-0.390625
4216,1.083984375,1.171875,-0.244140625,-0.25390625
4217,1.279296875,1.181640625,-0.21484375,-0.361328125
4218,1.26953125,1.25,-0.146484375,-0.244140625
4219,1.259765625,1.181640625,-0.224609375,-0.263671875
4220,1.240234375,1.298828125,-0.244140625,-0.439453125
4221,1.240234375,1.064453125,-0.234375,-0.390625
4222,1.2109375,1.19140625,-0.302734375,-0.3515625
4223,1.1328125,1.15234375,-0.25390625,-0.15625
4224,1.2109375,1.123046875,-0.25390625,-0.29296875
4225,1.162109375,1.123046875,-0.29296875,-0.458984375
4226,1.240234375,1.064453125,-0.2734375,-0.2734375
4227,1.2109375,0.947265625,-0.263671875,-0.3125
4228,1.279296875,1.19140625,-0.33203125,-0.17578125
4229,0.99609375,1.09375,-0.244140625,-0.224609375
4230,1.123046875,1.083984375,-0.2734375,-0.37109375
4231,1.07421875,1.11328125,-0.29296875,-0.29296875
4232,0.99609375,1.11328125,-0.302734375,-0.17578125
4233,1.162109375,1.07421875,-0.33203125,-0.341796875
4234,1.103515625,1.1328125,-0.29296875,-0.302734375
4235,1.162109375,1.11328125,-0.224609375,-0.341796875
4236,1.142578125,1.2890625,-0.224609375,-0.224609375
4237,1.123046875,0.966796875,-0.126953125,-0.517578125
4238,1.171875,1.15234375,-0.21484375,-0.234375
4239,1.142578125,1.0546875,-0.25390625,-0.234375
4240,1.171875,1.298828125,-0.146484375,-0.205078125
4241,1.279296875,1.142578125,-0.33203125,-0.3515625
4242,1.259765625,1.162109375,-0.21484375,-0.3515625
4243,1.26953125,1.103515625,-0.205078125,-0.234375
4244,1.337890625,1.123046875,-0.185546875,-0.205078125
4245,1.259765625,1.15234375,-0.322265625,-0.33203125
4246,1.171875,1.103515625,-0.146484375,-0.21484375
4247,1.40625,1.15234375,-0.244140625,-0.244140625
4248,1.171875,1.123046875,-0.244140625,-0.25390625
4249,1.19140625,1.318359375,-0.361328125,-0.234375
4250,1.171875,1.123046875,-0.283203125,-0.3125
4251,1.357421875,1.162109375,-0.244140625,-0.283203125
4252,1.171875,1.171875,-0.224609375,-0.322265625
4253,1.181640625,1.103515625,-0.283203125,-0.283203125
4254,1.201171875,1.142578125,-0.302734375,-0.29296875
4255,1.171875,1.162109375,-0.224609375,-0.302734375
4256,1.171875,1.03515625,-0.21484375,-0.2734375
4257,1.181640625,1.09375,-0.2734375,-0.29296875
4258,1.23046875,1.11328125,-0.29296875,-0.205078125
4259,1.07421875,1.09375,-0.1953125,-0.21484375
4260,1.298828125,1.103515625,-0.13671875,-0.25390625
4261,1.171875,1.0546875,-0.205078125,-0.1953125
4262,1.162109375,1.103515625,-0.3125,-0.263671875
4263,1.240234375,1.19140625,-0.234375,-0.17578125
4264,1.171875,1.03515625,-0.302734375,-0.244140625
4265,1.25,1.123046875,-0.205078125,-0.439453125
4266,1.25,1.171875,-0.29296875,-0.1953125
4267,1.220703125,1.123046875,-0.283203125,-0.3125
4268,1.142578125,1.142578125,-0.29296875,-0.244140625
4269,1.09375,1.1328125,-0.341796875,-0.302734375
4270,1.1328125,1.09375,-0.166015625,-0.29296875
4271,1.083984375,1.11328125,-0.25390625,-0.283203125
4272,1.240234375,1.07421875,-0.2734375,-0.322265625
4273,1.09375,1.123046875,-0.29296875,-0.3125
4274,1.1328125,1.03515625,-0.37109375,-0.400390625
4275,1.220703125,1.181640625,-0.244140625,-0.1953125
4276,1.142578125,1.23046875,-0.234375,-0.166015625
4277,1.07421875,1.181640625,-0.322265625,-0.244140625
4278,1.171875,1.083984375,-0.234375,-0.33203125
4279,1.15234375,1.123046875,-0.205078125,-0.2734375
4280,1.171875,1.123046875,-0.2734375,-0.390625
4281,1.103515625,1.11328125,-0.244140625,-0.234375
4282,1.171875,1.11328125,-0.1953125,-0.29296875
4283,1.181640625,1.1328125,-0.2734375,-0.283203125
4284,1.259765625,1.2109375,-0.244140625,-0.21484375
4285,1.23046875,1.171875,-0.283203125,-0.234375
4286,1.123046875,1.1328125,-0.2734375,-0.244140625
4287,1.15234375,1.181640625,-0.224609375,-0.244140625
4288,1.201171875,1.181640625,-0.244140625,-0.33203125
4289,1.171875,1.2109375,-0.33203125,-0.341796875
4290,1.23046875,1.19140625,-0.3125,-0.1953125
4291,1.220703125,1.25,-0.380859375,-0.234375
4292,1.181640625,1.083984375,-0.185546875,-0.44921875
4293,1.220703125,1.123046875,-0.361328125,-0.263671875
4294,1.162109375,1.396484375,-0.361328125,-0.244140625
4295,1.171875,1.07421875,-0.400390625,-0.185546875
4296,1.09375,1.162109375,-0.283203125,-0.25390625
4297,1.1328125,1.30859375,-0.283203125,-0.17578125
4298,1.240234375,1.044921875,-0.302734375,-0.419921875
4299,1.279296875,1.201171875,-0.25390625,-0.244140625
4300,1.171875,1.1328125,-0.302734375,-0.263671875
4301,1.318359375,1.181640625,-0.341796875,-0.25390625
4302,1.26953125,1.181640625,-0.322265625,-0.17578125
4303,1.2109375,1.1328125,-0.25390625,-0.224609375
4304,1.103515625,1.1328125,-0.283203125,-0.205078125
4305,1.15234375,1.171875,-0.2734375,-0.21484375
4306,1.142578125,1.162109375,-0.361328125,-0.25390625
4307,1.2109375,1.25,-0.234375,-0.13671875
4308,1.23046875,1.09375,-0.361328125,-0.166015625
4309,1.25,1.103515625,-0.302734375,-0.234375
4310,1.171875,1.07421875,-0.37109375,-0.166015625
4311,1.123046875,1.142578125,-0.1953125,-0.126953125
4312,1.083984375,1.162109375,-0.302734375,-0.33203125
4313,1.162109375,1.19140625,-0.322265625,-0.1953125
4314,1.220703125,1.07421875,-0.29296875,-0.3515625
4315,1.103515625,1.044921875,-0.3125,-0.21484375
4316,1.103515625,1.181640625,-0.458984375,-0.263671875
4317,1.171875,1.201171875,-0.419921875,-0.234375
4318,1.03515625,1.07421875,-0.2734375,-0.21484375
4319,1.11328125,1.171875,-0.3125,-0.25390625
4320,1.103515625,1.142578125,-0.33203125,-0.322265625
4321,1.064453125,1.09375,-0.361328125,-0.1953125
4322,1.19140625,1.142578125,-0.361328125,-0.283203125
4323,1.142578125,1.19140625,-0.25390625,-0.17578125
4324,1.103515625,1.19140625,-0.3125,-0.263671875
4325,1.025390625,1.1328125,-0.29296875,-0.21484375
4326,1.2109375,1.201171875,-0.37109375,-0.21484375
4327,1.103515625,1.25,-0.29296875,-0.283203125
4328,1.0546875,1.19140625,-0.341796875,-0.224609375
4329,1.220703125,1.171875,-0.41015625,-0.1953125
4330,1.15234375,1.09375,-0.3125,-0.283203125
4331,1.123046875,1.162109375,-0.25390625,-0.25390625
4332,1.1328125,1.1328125,-0.4296875,-0.283203125
4333,1.09375,1.103515625,-0.33203125,-0.234375
4334,1.162109375,1.19140625,-0.21484375,-0.263671875
4335,1.123046875,1.15234375,-0.283203125,-0.224609375
4336,1.1328125,1.142578125,-0.283203125,-0.283203125
4337,1.07421875,1.083984375,-0.283203125,-0.283203125
4338,1.162109375,1.15234375,-0.234375,-0.244140625
4339,1.220703125,1.25,-0.390625,-0.25390625
4340,1.162109375,1.162109375,-0.224609375,-0.21484375
4341,1.11328125,1.162109375,-0.283203125,-0.17578125
4342,1.19140625,1.162109375,-0.283203125,-0.224609375
4343,1.240234375,1.19140625,-0.283203125,-0.361328125
4344,1.25,1.25,-0.302734375,-0.13671875
4345,1.171875,1.103515625,-0.283203125,-0.439453125
4346,1.1328125,1.30859375,-0.29296875,-0.224609375
4347,1.162109375,1.240234375,-0.380859375,-0.341796875
4348,1.2109375,1.23046875,-0.37109375,-0.361328125
4349,1.064453125,1.220703125,-0.244140625,-0.302734375
4350,1.171875,1.25,-0.302734375,-0.2734375
4351,1.162109375,1.162109375,-0.29296875,-0.37109375
4352,1.2109375,1.064453125,-0.390625,-0.283203125
4353,1.259765625,1.376953125,-0.224609375,-0.263671875
4354,1.162109375,1.15234375,-0.185546875,-0.3125
4355,1.25,1.1328125,-0.322265625,-0.283203125
4356,1.201171875,0.99609375,-0.3125,-0.263671875
4357,1.298828125,1.2109375,-0.400390625,-0.322265625
4358,1.1328125,1.220703125,-0.15625,-0.17578125
4359,1.23046875,1.162109375,-0.3515625,-0.4296875
4360,1.25,1.142578125,-0.3125,-0.400390625
4361,1.064453125,1.181640625,-0.33203125,-0.25390625
4362,1.2109375,1.142578125,-0.234375,-0.322265625
4363,1.25,1.15234375,-0.244140625,-0.322265625
4364,1.19140625,1.240234375,-0.283203125,-0.29296875
4365,1.123046875,1.15234375,-0.33203125,-0.361328125
4366,1.1328125,1.259765625,-0.322265625,-0.263671875
4367,1.25,1.083984375,-0.2734375,-0.263671875
4368,1.181640625,1.240234375,-0.263671875,-0.2734375
4369,1.19140625,1.201171875,-0.185546875,-0.205078125
4370,1.142578125,1.220703125,-0.2734375,-0.25390625
4371,1.0546875,1.337890625,-0.263671875,-0.13671875
4372,1.064453125,1.23046875,-0.33203125,-0.263671875
4373,1.11328125,1.3671875,-0.263671875,-0.29296875
4374,1.09375,1.2890625,-0.244140625,-0.17578125
4375,1.09375,1.201171875,-0.234375,-0.263671875
4376,1.171875,1.162109375,-0.390625,-0.205078125
4377,1.064453125,1.083984375,-0.17578125,-0.44921875
4378,1.240234375,1.2109375,-0.302734375,-0.33203125
4379,1.162109375,1.11328125,-0.29296875,-0.224609375
4380,1.162109375,1.142578125,-0.146484375,-0.234375
4381,1.19140625,1.201171875,-0.166015625,-0.205078125
4382,1.240234375,1.259765625,-0.2734375,-0.37109375
4383,1.220703125,1.240234375,-0.283203125,-0.21484375
4384,1.2109375,1.19140625,-0.244140625,-0.234375
4385,1.09375,1.171875,-0.302734375,-0.3515625
4386,1.2109375,1.357421875,-0.3125,-0.263671875
4387,1.19140625,1.328125,-0.302734375,-0.4296875
4388,1.2109375,1.240234375,-0.302734375,-0.283203125
4389,1.19140625,1.23046875,-0.37109375,-0.302734375
4390,1.044921875,1.25,-0.361328125,-0.2734375
4391,1.201171875,1.240234375,-0.29296875,-0.341796875
4392,1.2109375,1.220703125,-0.517578125,-0.29296875
4393,1.279296875,1.318359375,-0.341796875,-0.205078125
4394,1.142578125,1.279296875,-0.2734375,-0.302734375
4395,1.15234375,1.30859375,-0.3125,-0.322265625
4396,1.142578125,1.23046875,-0.3515625,-0.234375
4397,1.11328125,1.2890625,-0.283203125,-0.29296875
4398,1.2109375,1.23046875,-0.3515625,-0.322265625
4399,1.220703125,1.376953125,-0.37109375,-0.419921875
4400,1.162109375,1.279296875,-0.29296875,-0.302734375
4401,1.201171875,1.201171875,-0.25390625,-0.380859375
4402,1.240234375,1.201171875,-0.439453125,-0.322265625
4403,1.171875,1.2109375,-0.283203125,-0.361328125
4404,1.25,1.26953125,-0.400390625,-0.234375
4405,1.11328125,1.201171875,-0.5078125,-0.44921875
4406,1.23046875,1.2890625,-0.29296875,-0.263671875
4407,1.15234375,1.162109375,-0.458984375,-0.341796875
4408,1.19140625,1.19140625,-0.25390625,-0.2734375
4409,1.279296875,1.142578125,-0.3125,-0.341796875
4410,1.19140625,1.044921875,-0.33203125,-0.263671875
4411,1.142578125,1.083984375,-0.37109375,-0.263671875
4412,1.2109375,1.162109375,-0.341796875,-0.283203125
4413,1.1328125,0.986328125,-0.41015625,-0.33203125
4414,1.15234375,1.2109375,-0.33203125,-0.263671875
4415,1.19140625,1.181640625,-0.234375,-0.185546875
4416,1.201171875,1.25,-0.283203125,-0.419921875
4417,1.11328125,1.07421875,-0.3515625,-0.263671875
4418,1.1328125,1.07421875,-0.224609375,-0.390625
4419,1.2109375,1.09375,-0.3125,-0.361328125
4420,1.201171875,1.1328125,-0.341796875,-0.33203125
4421,1.2109375,1.142578125,-0.17578125,-0.3515625
4422,1.015625,1.220703125,-0.234375,-0.361328125
4423,1.1328125,1.240234375,-0.234375,-0.21484375
4424,1.171875,1.1328125,-0.1953125,-0.322265625
4425,1.015625,1.2109375,-0.1953125,-0.302734375
4426,1.171875,1.25,-0.263671875,-0.283203125
4427,1.23046875,1.220703125,-0.205078125,-0.52734375
4428,1.1328125,1.2109375,-0.21484375,-0.302734375
4429,1.123046875,1.1328125,-0.302734375,-0.2734375
4430,1.162109375,1.26953125,-0.185546875,-0.205078125
4431,1.162109375,1.220703125,-0.29296875,-0.302734375
4432,1.07421875,1.279296875,-0.263671875,-0.283203125
4433,1.083984375,1.279296875,-0.302734375,-0.380859375
4434,1.23046875,1.259765625,-0.244140625,-0.361328125
4435,1.1328125,1.30859375,-0.3125,-0.400390625
4436,1.162109375,1.240234375,-0.302734375,-0.4296875
4437,1.171875,1.328125,-0.224609375,-0.25390625
4438,1.0546875,1.201171875,-0.166015625,-0.3125
4439,1.162109375,1.2109375,-0.244140625,-0.17578125
4440,1.162109375,1.2109375,-0.21484375,-0.419921875
4441,1.142578125,1.181640625,-0.234375,-0.33203125
4442,1.19140625,1.259765625,-0.3515625,-0.283203125
4443,1.181640625,1.2890625,-0.4296875,-0.341796875
4444,1.142578125,1.23046875,-0.341796875,-0.478515625
4445,1.0546875,1.23046875,-0.33203125,-0.1953125
4446,1.162109375,1.2890625,-0.185546875,-0.390625
4447,1.142578125,1.07421875,-0.3125,-0.478515625
4448,1.09375,1.19140625,-0.33203125,-0.419921875
4449,1.171875,1.23046875,-0.1953125,-0.37109375
4450,1.142578125,1.259765625,-0.17578125,-0.400390625
4451,1.1328125,1.26953125,-0.283203125,-0.390625
4452,1.220703125,1.25,-0.3125,-0.458984375
4453,1.23046875,1.103515625,-0.283203125,-0.3125
4454,1.083984375,1.30859375,-0.3515625,-0.478515625
4455,1.11328125,1.279296875,-0.3125,-0.458984375
4456,1.15234375,1.357421875,-0.263671875,-0.3125
4457,1.181640625,1.240234375,-0.1953125,-0.41015625
4458,1.123046875,1.30859375,-0.302734375,-0.458984375
4459,1.15234375,1.25,-0.224609375,-0.458984375
4460,1.142578125,1.26953125,-0.2734375,-0.4296875
4461,1.11328125,1.298828125,-0.2734375,-0.283203125
4462,1.1328125,1.279296875,-0.2734375,-0.322265625
4463,1.1328125,1.279296875,-0.25390625,-0.4296875
4464,1.2109375,1.162109375,-0.25390625,-0.546875
4465,1.26953125,1.259765625,-0.234375,-0.33203125
4466,1.2109375,1.220703125,-0.283203125,-0.595703125
4467,1.123046875,1.240234375,-0.224609375,-0.37109375
4468,1.220703125,1.15234375,-0.322265625,-0.380859375
4469,1.09375,1.2109375,-0.21484375,-0.4296875
4470,1.19140625,1.240234375,-0.361328125,-0.380859375
4471,1.1328125,1.396484375,-0.341796875,-0.3515625
4472,1.1328125,1.2109375,-0.3125,-0.341796875
4473,1.328125,1.2890625,-0.29296875,-0.439453125
4474,1.15234375,1.11328125,-0.302734375,-0.4296875
4475,1.1328125,1.337890625,-0.224609375,-0.439453125
4476,0.99609375,1.259765625,-0.322265625,-0.5078125
4477,1.07421875,1.09375,-0.361328125,-0.400390625
4478,1.083984375,1.142578125,-0.29296875,-0.4296875
4479,1.15234375,1.25,-0.244140625,-0.498046875
4480,1.123046875,1.259765625,-0.400390625,-0.46875
4481,1.1328125,1.181640625,-0.341796875,-0.4296875
4482,1.09375,1.2109375,-0.29296875,-0.46875
4483,1.123046875,1.455078125,-0.224609375,-0.3515625
4484,1.0546875,1.279296875,-0.244140625,-0.52734375
4485,1.07421875,1.15234375,-0.400390625,-0.498046875
4486,1.09375,1.279296875,-0.234375,-0.44921875
4487,1.103515625,1.298828125,-0.3125,-0.400390625
4488,0.99609375,1.298828125,-0.234375,-0.4296875
4489,1.142578125,1.162109375,-0.234375,-0.3515625
4490,1.015625,1.279296875,-0.283203125,-0.419921875
4491,1.142578125,1.123046875,-0.1171875,-0.458984375
4492,1.259765625,1.162109375,-0.322265625,-0.29296875
4493,1.162109375,1.201171875,-0.21484375,-0.44921875
4494,1.19140625,1.19140625,-0.25390625,-0.322265625
4495,1.123046875,1.201171875,-0.283203125,-0.41015625
4496,1.103515625,1.162109375,-0.234375,-0.33203125
4497,1.23046875,1.181640625,-0.1953125,-0.400390625
4498,1.181640625,1.15234375,-0.25390625,-0.439453125
4499,1.142578125,1.2109375,-0.17578125,-0.419921875
4500,1.201171875,1.220703125,-0.361328125,-0.439453125
4501,1.162109375,1.103515625,-0.224609375,-0.4296875
4502,1.19140625,1.318359375,-0.25390625,-0.400390625
4503,1.11328125,1.240234375,-0.244140625,-0.322265625
4504,1.19140625,1.2109375,-0.25390625,-0.419921875
4505,1.103515625,1.064453125,-0.439453125,-0.390625
4506,0.947265625,1.23046875,-0.390625,-0.302734375
4507,1.03515625,1.259765625,-0.234375,-0.3125
4508,1.07421875,1.3671875,-0.341796875,-0.458984375
4509,1.11328125,1.2890625,-0.244140625,-0.361328125
4510,1.11328125,1.083984375,-0.263671875,-0.41015625
4511,1.09375,1.240234375,-0.29296875,-0.390625
4512,1.083984375,1.181640625,-0.33203125,-0.400390625
4513,1.171875,1.19140625,-0.224609375,-0.37109375
4514,1.083984375,1.19140625,-0.1953125,-0.3515625
4515,1.142578125,1.181640625,-0.126953125,-0.244140625
4516,1.103515625,1.25,-0.146484375,-0.400390625
4517,1.044921875,1.201171875,-0.33203125,-0.419921875
4518,1.0546875,1.181640625,-0.419921875,-0.478515625
4519,1.11328125,1.201171875,-0.302734375,-0.33203125
4520,1.123046875,1.19140625,-0.380859375,-0.361328125
4521,1.2109375,1.220703125,-0.283203125,-0.419921875
4522,1.171875,1.1328125,-0.263671875,-0.380859375
4523,1.123046875,1.162109375,-0.25390625,-0.341796875
4524,1.083984375,0.966796875,-0.185546875,-0.4296875
4525,1.181640625,1.15234375,-0.29296875,-0.439453125
4526,1.123046875,1.19140625,-0.205078125,-0.361328125
4527,1.11328125,1.142578125,-0.283203125,-0.37109375
4528,1.181640625,1.279296875,-0.21484375,-0.390625
4529,1.103515625,1.259765625,-0.244140625,-0.361328125
4530,1.025390625,1.240234375,-0.263671875,-0.478515625
4531,1.19140625,1.162109375,-0.17578125,-0.400390625
4532,1.181640625,1.11328125,-0.341796875,-0.390625
4533,1.162109375,1.201171875,-0.380859375,-0.37109375
4534,1.2890625,1.142578125,-0.166015625,-0.33203125
4535,1.142578125,1.181640625,-0.3125,-0.380859375
4536,1.15234375,1.181640625,-0.341796875,-0.439453125
4537,1.142578125,1.240234375,-0.224609375,-0.400390625
4538,1.171875,1.03515625,-0.234375,-0.390625
4539,1.23046875,1.30859375,-0.3515625,-0.3515625
4540,1.015625,1.181640625,-0.283203125,-0.380859375
4541,1.15234375,1.220703125,-0.224609375,-0.322265625
4542,1.044921875,1.142578125,-0.224609375,-0.390625
4543,1.025390625,1.09375,-0.29296875,-0.263671875
4544,1.25,1.2890625,-0.15625,-0.3515625
4545,1.11328125,1.240234375,-0.29296875,-0.390625
4546,1.2109375,1.240234375,-0.205078125,-0.361328125
4547,1.123046875,1.064453125,-0.263671875,-0.380859375
4548,1.142578125,1.044921875,-0.2734375,-0.498046875
4549,1.142578125,1.19140625,-0.25390625,-0.517578125
4550,1.181640625,1.23046875,-0.2734375,-0.37109375
4551,1.123046875,1.15234375,-0.244140625,-0.37109375
4552,1.083984375,1.162109375,-0.302734375,-0.458984375
4553,1.09375,1.171875,-0.302734375,-0.458984375
4554,1.103515625,1.2890625,-0.400390625,-0.52734375
4555,0.9375,1.171875,-0.380859375,-0.400390625
4556,1.083984375,1.23046875,-0.107421875,-0.419921875
4557,1.09375,1.201171875,-0.3125,-0.439453125
4558,1.162109375,1.171875,-0.400390625,-0.498046875
4559,1.142578125,1.2109375,-0.166015625,-0.48828125
4560,1.19140625,1.259765625,-0.205078125,-0.48828125
4561,1.162109375,1.19140625,-0.2734375,-0.46875
4562,1.181640625,1.19140625,-0.48828125,-0.546875
4563,1.171875,1.181640625,-0.146484375,-0.46875
4564,1.11328125,1.201171875,-0.244140625,-0.439453125
4565,1.1328125,1.23046875,-0.3125,-0.4296875
4566,1.083984375,1.025390625,-0.21484375,-0.3125
4567,1.083984375,1.162109375,-0.283203125,-0.263671875
4568,1.1328125,1.19140625,-0.283203125,-0.41015625
4569,1.09375,1.181640625,-0.17578125,-0.380859375
4570,1.083984375,1.171875,-0.078125,-0.4296875
4571,1.064453125,1.201171875,-0.15625,-0.361328125
4572,1.123046875,1.220703125,-0.234375,-0.2734375
4573,1.123046875,1.162109375,-0.087890625,-0.205078125
4574,1.162109375,1.123046875,-0.13671875,-0.390625
4575,1.19140625,1.11328125,-0.341796875,-0.302734375
4576,1.162109375,1.11328125,-0.234375,-0.29296875
4577,1.19140625,1.15234375,-0.166015625,-0.33203125
4578,1.142578125,1.2109375,-0.17578125,-0.41015625
4579,1.1328125,1.07421875,-0.146484375,-0.244140625
4580,1.123046875,1.220703125,-0.244140625,-0.5078125
4581,1.09375,1.201171875,-0.2734375,-0.33203125
4582,1.171875,1.142578125,-0.302734375,-0.517578125
4583,1.201171875,1.2109375,-0.341796875,-0.44921875
4584,1.142578125,1.162109375,-0.48828125,-0.3515625
4585,1.142578125,1.171875,-0.2734375,-0.439453125
4586,1.171875,1.240234375,-0.361328125,-0.439453125
4587,1.1328125,1.19140625,-0.3125,-0.283203125
4588,1.2890625,1.298828125,-0.3125,-0.41015625
4589,1.26953125,1.201171875,-0.21484375,-0.341796875
4590,1.19140625,1.171875,-0.302734375,-0.390625
4591,1.220703125,1.220703125,-0.3125,-0.498046875
4592,1.201171875,1.15234375,-0.390625,-0.25390625
4593,1.11328125,1.2109375,-0.283203125,-0.341796875
4594,1.171875,1.162109375,-0.234375,-0.3515625
4595,1.181640625,1.142578125,-0.21484375,-0.21484375
4596,1.19140625,1.162109375,-0.283203125,-0.4296875
4597,1.26953125,1.0546875,-0.224609375,-0.263671875
4598,1.220703125,1.162109375,-0.283203125,-0.205078125
4599,1.30859375,1.19140625,-0.283203125,-0.458984375
4600,1.2890625,1.15234375,-0.29296875,-0.380859375
4601,1.23046875,1.240234375,-0.419921875,-0.3515625
4602,1.181640625,1.07421875,-0.283203125,-0.400390625
4603,1.171875,1.279296875,-0.322265625,-0.33203125
4604,1.240234375,1.162109375,-0.224609375,-0.419921875
4605,1.201171875,1.162109375,-0.283203125,-0.41015625
4606,1.30859375,1.123046875,-0.283203125,-0.37109375
4607,1.171875,1.181640625,-0.263671875,-0.302734375
4608,1.083984375,1.30859375,-0.263671875,-0.244140625
4609,1.259765625,1.083984375,-0.25390625,-0.283203125
4610,1.3671875,1.103515625,-0.283203125,-0.205078125
4611,1.220703125,1.19140625,-0.263671875,-0.234375
4612,1.201171875,1.07421875,-0.146484375,-0.400390625
4613,1.23046875,1.23046875,-0.234375,-0.380859375
4614,1.240234375,1.1328125,-0.263671875,-0.400390625
4615,1.15234375,1.1328125,-0.244140625,-0.37109375
4616,1.328125,1.2109375,-0.21484375,-0.302734375
4617,1.240234375,1.171875,-0.33203125,-0.244140625
4618,1.25,1.15234375,-0.17578125,-0.234375
4619,1.2890625,1.220703125,-0.244140625,-0.25390625
4620,1.318359375,1.162109375,-0.263671875,-0.283203125
4621,1.30859375,1.15234375,-0.283203125,-0.44921875
4622,1.25,1.15234375,-0.25390625,-0.41015625
4623,1.09375,1.328125,-0.25390625,-0.380859375
4624,1.240234375,1.240234375,-0.283203125,-0.44921875
4625,1.298828125,1.240234375,-0.3125,-0.390625
4626,1.279296875,1.171875,-0.25390625,-0.41015625
4627,1.23046875,1.11328125,-0.3125,-0.341796875
4628,1.259765625,1.19140625,-0.21484375,-0.400390625
4629,1.38671875,1.23046875,-0.3515625,-0.37109375
4630,1.2109375,1.162109375,-0.283203125,-0.4296875
4631,1.259765625,1.19140625,-0.263671875,-0.46875
4632,1.376953125,1.162109375,-0.3515625,-0.390625
4633,1.220703125,1.07421875,-0.29296875,-0.224609375
4634,1.142578125,1.142578125,-0.244140625,-0.29296875
4635,1.23046875,1.19140625,-0.13671875,-0.33203125
4636,1.201171875,1.044921875,-0.224609375,-0.390625
4637,1.171875,1.142578125,-0.390625,-0.341796875
4638,1.259765625,1.103515625,-0.234375,-0.4296875
4639,1.25,1.0546875,-0.361328125,-0.341796875
4640,1.376953125,1.162109375,-0.263671875,-0.37109375
4641,1.1328125,1.220703125,-0.234375,-0.419921875
4642,1.220703125,1.26953125,-0.21484375,-0.439453125
4643,1.201171875,1.201171875,-0.234375,-0.380859375
4644,1.240234375,1.2109375,-0.1953125,-0.390625
4645,1.240234375,1.23046875,-0.341796875,-0.33203125
4646,1.181640625,1.2890625,-0.126953125,-0.37109375
4647,1.2890625,1.201171875,-0.25390625,-0.439453125
4648,1.259765625,1.220703125,-0.234375,-0.380859375
4649,1.298828125,1.19140625,-0.15625,-0.263671875
4650,1.259765625,1.162109375,-0.15625,-0.341796875
4651,1.298828125,1.123046875,-0.302734375,-0.361328125
4652,1.240234375,1.142578125,-0.29296875,-0.29296875
4653,1.259765625,1.2109375,-0.2734375,-0.33203125
4654,1.2890625,1.30859375,-0.283203125,-0.2734375
4655,1.2109375,1.201171875,-0.3125,-0.234375
4656,1.09375,1.025390625,-0.263671875,-0.419921875
4657,1.15234375,1.181640625,-0.21484375,-0.390625
4658,1.142578125,1.240234375,-0.224609375,-0.29296875
4659,1.025390625,1.083984375,-0.302734375,-0.263671875
4660,1.1328125,1.240234375,-0.17578125,-0.41015625
4661,1.201171875,1.09375,-0.283203125,-0.283203125
4662,1.11328125,1.25,-0.234375,-0.361328125
4663,1.103515625,1.103515625,-0.3125,-0.3125
4664,1.11328125,1.123046875,-0.244140625,-0.419921875
4665,1.123046875,1.083984375,-0.224609375,-0.41015625
4666,1.298828125,1.044921875,-0.166015625,-0.3125
4667,1.201171875,0.8984375,-0.263671875,-0.263671875
4668,1.171875,1.103515625,-0.185546875,-0.419921875
4669,1.2109375,1.123046875,-0.21484375,-0.390625
4670,1.162109375,1.11328125,-0.13671875,-0.244140625
4671,1.083984375,1.0546875,-0.2734375,-0.41015625
4672,1.015625,0.947265625,-0.21484375,-0.33203125
4673,1.1328125,1.11328125,-0.17578125,-0.400390625
4674,0.9765625,1.142578125,-0.21484375,-0.33203125
4675,1.201171875,1.171875,-0.05859375,-0.234375
4676,1.240234375,1.181640625,-0.185546875,-0.224609375
4677,1.005859375,1.025390625,-0.25390625,-0.341796875
4678,1.11328125,1.07421875,-0.2734375,-0.2734375
4679,1.07421875,1.005859375,-0.146484375,-0.2734375
4680,1.181640625,1.162109375,-0.234375,-0.25390625
4681,1.09375,1.03515625,-0.244140625,-0.263671875
4682,1.1328125,1.064453125,-0.224609375,-0.3125
4683,1.171875,1.103515625,-0.1953125,-0.302734375
4684,1.171875,1.083984375,-0.1953125,-0.29296875
4685,1.15234375,1.083984375,-0.185546875,-0.3125
4686,1.220703125,1.083984375,-0.21484375,-0.302734375
4687,1.11328125,1.142578125,-0.15625,-0.3125
4688,1.23046875,1.171875,-0.15625,-0.283203125
4689,1.26953125,1.103515625,-0.1953125,-0.25390625
4690,1.103515625,1.083984375,-0.185546875,-0.21484375
4691,1.240234375,1.07421875,-0.166015625,-0.13671875
4692,1.240234375,1.11328125,-0.21484375,-0.1953125
4693,1.220703125,1.044921875,-0.205078125,-0.283203125
4694,1.162109375,1.171875,-0.15625,-0.3125
4695,1.240234375,1.09375,-0.29296875,-0.29296875
4696,1.19140625,1.0546875,-0.1953125,-0.224609375
4697,1.2109375,1.09375,-0.3125,-0.263671875
4698,1.181640625,1.103515625,-0.234375,-0.341796875
4699,1.03515625,1.142578125,-0.322265625,-0.3515625
4700,1.15234375,1.19140625,-0.33203125,-0.185546875
4701,1.142578125,1.142578125,-0.322265625,-0.37109375
4702,1.162109375,1.201171875,-0.283203125,-0.3515625
4703,1.220703125,1.044921875,-0.302734375,-0.302734375
4704,1.30859375,0.9765625,-0.29296875,-0.283203125
4705,1.240234375,1.11328125,-0.41015625,-0.3125
4706,1.1328125,1.09375,-0.224609375,-0.224609375
4707,1.142578125,1.123046875,-0.244140625,-0.21484375
4708,1.318359375,1.15234375,-0.205078125,-0.322265625
4709,1.15234375,0.859375,-0.205078125,-0.234375
4710,1.07421875,1.1328125,-0.185546875,-0.283203125
4711,1.220703125,1.103515625,-0.146484375,-0.361328125
4712,1.240234375,1.19140625,-0.29296875,-0.224609375
4713,1.1328125,1.259765625,-0.263671875,-0.341796875
4714,1.15234375,1.1328125,-0.2734375,-0.37109375
4715,1.201171875,1.044921875,-0.263671875,-0.185546875
4716,1.162109375,0.99609375,-0.1953125,-0.302734375
4717,1.30859375,1.2109375,-0.25390625,-0.166015625
4718,1.142578125,1.15234375,-0.25390625,-0.166015625
4719,1.220703125,1.201171875,-0.25390625,-0.3125
4720,1.2109375,1.1328125,-0.205078125,-0.3125
4721,1.279296875,1.044921875,-0.4296875,-0.185546875
4722,1.15234375,1.26953125,-0.341796875,-0.13671875
4723,1.259765625,1.2109375,-0.37109375,-0.439453125
4724,1.09375,1.123046875,-0.390625,-0.29296875
4725,1.2109375,1.025390625,-0.3515625,-0.185546875
4726,1.103515625,1.23046875,-0.380859375,-0.224609375
4727,1.171875,1.181640625,-0.3125,-0.322265625
4728,1.26953125,1.064453125,-0.400390625,-0.166015625
4729,1.19140625,1.07421875,-0.390625,-0.33203125
4730,1.11328125,1.11328125,-0.361328125,-0.146484375
4731,1.181640625,1.083984375,-0.283203125,-0.3125
4732,1.2109375,1.171875,-0.283203125,-0.283203125
4733,1.123046875,1.1328125,-0.361328125,-0.205078125
4734,1.162109375,1.123046875,-0.33203125,-0.185546875
4735,1.1328125,1.07421875,-0.244140625,-0.3125
4736,1.044921875,1.103515625,-0.205078125,-0.25390625
4737,1.171875,1.19140625,-0.4296875,-0.29296875
4738,1.259765625,1.15234375,-0.29296875,-0.205078125
4739,1.005859375,1.123046875,-0.302734375,-0.224609375
4740,1.19140625,1.171875,-0.234375,-0.234375
4741,1.220703125,1.044921875,-0.302734375,-0.263671875
4742,1.083984375,1.083984375,-0.166015625,-0.166015625
4743,1.201171875,0.9375,-0.322265625,-0.224609375
4744,1.220703125,1.142578125,-0.25390625,-0.25390625
4745,1.259765625,1.0546875,-0.361328125,-0.283203125
4746,1.171875,1.142578125,-0.263671875,-0.224609375
4747,1.07421875,1.15234375,-0.2734375,-0.361328125
4748,1.201171875,1.083984375,-0.3515625,-0.29296875
4749,1.162109375,1.07421875,-0.41015625,-0.400390625
4750,1.181640625,1.09375,-0.341796875,-0.205078125
4751,1.064453125,1.103515625,-0.4296875,-0.3125
4752,1.15234375,1.083984375,-0.380859375,-0.244140625
4753,1.15234375,1.07421875,-0.341796875,-0.322265625
4754,1.162109375,1.025390625,-0.361328125,-0.224609375
4755,1.142578125,1.1328125,-0.322265625,-0.244140625
4756,1.015625,1.3671875,-0.361328125,-0.33203125
4757,1.181640625,1.083984375,-0.37109375,-0.25390625
4758,1.11328125,1.103515625,-0.390625,-0.33203125
4759,1.19140625,1.26953125,-0.4296875,-0.1953125
4760,1.025390625,1.142578125,-0.380859375,-0.2734375
4761,1.11328125,1.1328125,-0.322265625,-0.25390625
4762,1.09375,1.171875,-0.361328125,-0.2734375
4763,1.23046875,1.171875,-0.341796875,-0.224609375
4764,1.103515625,1.162109375,-0.302734375,-0.302734375
4765,1.23046875,1.064453125,-0.2734375,-0.29296875
4766,1.0546875,1.1328125,-0.322265625,-0.302734375
4767,1.220703125,1.19140625,-0.341796875,-0.341796875
4768,1.162109375,1.220703125,-0.380859375,-0.244140625
4769,1.171875,1.11328125,-0.185546875,-0.302734375
4770,1.15234375,1.162109375,-0.33203125,-0.234375
4771,1.26953125,1.15234375,-0.25390625,-0.244140625
4772,1.220703125,1.171875,-0.380859375,-0.3125
4773,1.1328125,1.181640625,-0.263671875,-0.283203125
4774,1.11328125,1.2109375,-0.234375,-0.263671875
4775,1.11328125,1.2109375,-0.37109375,-0.33203125
4776,1.123046875,1.162109375,-0.44921875,-0.361328125
4777,1.09375,1.220703125,-0.263671875,-0.302734375
4778,1.181640625,1.23046875,-0.2734375,-0.15625
4779,1.162109375,1.181640625,-0.2734375,-0.244140625
4780,1.240234375,1.15234375,-0.244140625,-0.263671875
4781,1.142578125,1.220703125,-0.380859375,-0.2734375
4782,1.1328125,1.220703125,-0.25390625,-0.224609375
4783,1.162109375,1.03515625,-0.29296875,-0.244140625
4784,1.2890625,1.19140625,-0.244140625,-0.234375
4785,1.2890625,1.103515625,-0.322265625,-0.21484375
4786,1.259765625,1.171875,-0.283203125,-0.244140625
4787,1.142578125,1.15234375,-0.25390625,-0.1953125
4788,1.26953125,1.162109375,-0.244140625,-0.302734375
4789,1.181640625,1.123046875,-0.21484375,-0.283203125
4790,1.201171875,1.171875,-0.146484375,-0.33203125
4791,1.142578125,1.064453125,-0.3125,-0.390625
4792,1.240234375,1.015625,-0.2734375,-0.29296875
4793,1.318359375,1.2109375,-0.283203125,-0.2734375
4794,1.162109375,1.220703125,-0.15625,-0.1953125
4795,1.23046875,1.1328125,-0.3515625,-0.29296875
4796,1.318359375,1.044921875,-0.29296875,-0.166015625
4797,1.064453125,0.95703125,-0.224609375,-0.29296875
4798,1.19140625,1.09375,-0.33203125,-0.263671875
4799,1.25,1.2109375,-0.341796875,-0.234375
4800,1.201171875,1.123046875,-0.29296875,-0.25390625
4801,1.11328125,1.23046875,-0.302734375,-0.21484375
4802,1.123046875,1.19140625,-0.33203125,-0.341796875
4803,1.25,1.2109375,-0.205078125,-0.21484375
4804,1.220703125,1.220703125,-0.224609375,-0.244140625
4805,1.123046875,1.162109375,-0.205078125,-0.2734375
4806,1.220703125,1.103515625,-0.29296875,-0.29296875
4807,1.07421875,1.123046875,-0.2734375,-0.234375
4808,1.240234375,1.162109375,-0.263671875,-0.361328125
4809,1.220703125,1.064453125,-0.283203125,-0.234375
4810,1.25,1.162109375,-0.33203125,-0.29296875
4811,1.30859375,1.201171875,-0.302734375,-0.25390625
4812,1.181640625,1.2890625,-0.29296875,-0.146484375
4813,1.201171875,1.181640625,-0.322265625,-0.166015625
4814,1.318359375,1.2109375,-0.3125,-0.25390625
4815,1.142578125,1.2109375,-0.37109375,-0.234375
4816,1.279296875,1.240234375,-0.302734375,-0.419921875
4817,1.171875,1.220703125,-0.224609375,-0.3515625
4818,1.376953125,1.171875,-0.263671875,-0.3125
4819,1.220703125,1.26953125,-0.2734375,-0.263671875
4820,1.25,1.259765625,-0.33203125,-0.3125
4821,1.259765625,1.162109375,-0.224609375,-0.3125
4822,1.298828125,1.23046875,-0.3515625,-0.341796875
4823,1.19140625,1.19140625,-0.29296875,-0.341796875
4824,1.09375,1.171875,-0.283203125,-0.244140625
4825,1.15234375,1.220703125,-0.390625,-0.263671875
4826,1.171875,1.23046875,-0.263671875,-0.29296875
4827,1.162109375,1.181640625,-0.3125,-0.4296875
4828,1.171875,1.23046875,-0.21484375,-0.390625
4829,1.1328125,1.240234375,-0.234375,-0.185546875
4830,1.171875,1.2109375,-0.3125,-0.37109375
4831,1.181640625,1.07421875,-0.37109375,-0.33203125
4832,1.26953125,1.38671875,-0.341796875,-0.322265625
4833,1.142578125,1.240234375,-0.37109375,-0.341796875
4834,1.162109375,1.279296875,-0.322265625,-0.234375
4835,1.1328125,1.19140625,-0.302734375,-0.205078125
4836,1.162109375,1.23046875,-0.3515625,-0.283203125
4837,1.19140625,1.259765625,-0.244140625,-0.3125
4838,1.142578125,1.220703125,-0.322265625,-0.3125
4839,1.240234375,1.1328125,-0.361328125,-0.205078125
4840,1.15234375,1.142578125,-0.341796875,-0.25390625
4841,1.171875,1.1328125,-0.322265625,-0.3125
4842,1.142578125,1.142578125,-0.341796875,-0.322265625
4843,1.0546875,1.142578125,-0.341796875,-0.283203125
4844,1.19140625,1.09375,-0.2734375,-0.263671875
4845,1.181640625,1.15234375,-0.234375,-0.263671875
4846,1.220703125,1.0546875,-0.3125,-0.2734375
4847,1.201171875,1.181640625,-0.380859375,-0.37109375
4848,1.220703125,1.103515625,-0.341796875,-0.458984375
4849,1.171875,1.201171875,-0.2734375,-0.37109375
4850,1.103515625,1.15234375,-0.302734375,-0.33203125
4851,1.123046875,1.1328125,-0.2734375,-0.224609375
4852,1.19140625,1.181640625,-0.3515625,-0.244140625
4853,1.142578125,0.99609375,-0.244140625,-0.3515625
4854,1.005859375,1.25,-0.234375,-0.3125
4855,0.95703125,1.171875,-0.205078125,-0.33203125
4856,1.123046875,1.279296875,-0.322265625,-0.224609375
4857,1.09375,1.240234375,-0.29296875,-0.41015625
4858,1.1328125,1.2109375,-0.244140625,-0.380859375
4859,1.103515625,1.318359375,-0.205078125,-0.322265625
4860,0.966796875,1.26953125,-0.283203125,-0.13671875
4861,1.23046875,1.142578125,-0.244140625,-0.3125
4862,1.15234375,1.240234375,-0.263671875,-0.283203125
4863,1.240234375,1.2890625,-0.21484375,-0.361328125
4864,1.1328125,1.220703125,-0.283203125,-0.33203125
4865,1.2109375,0.99609375,-0.302734375,-0.322265625
4866,1.34765625,1.259765625,-0.234375,-0.3515625
4867,1.2109375,1.26953125,-0.302734375,-0.2734375
4868,1.23046875,1.220703125,-0.224609375,-0.361328125
4869,1.142578125,1.259765625,-0.1953125,-0.25390625
4870,1.103515625,1.26953125,-0.25390625,-0.3125
4871,1.171875,1.240234375,-0.185546875,-0.322265625
4872,1.201171875,1.240234375,-0.29296875,-0.322265625
4873,1.15234375,1.26953125,-0.2734375,-0.439453125
4874,1.15234375,1.328125,-0.37109375,-0.498046875
4875,1.09375,1.23046875,-0.244140625,-0.380859375
4876,1.201171875,1.240234375,-0.3125,-0.361328125
4877,1.201171875,1.259765625,-0.25390625,-0.478515625
4878,1.201171875,1.2890625,-0.205078125,-0.400390625
4879,1.162109375,1.2109375,-0.3515625,-0.419921875
4880,1.11328125,1.1328125,-0.283203125,-0.41015625
4881,1.123046875,1.220703125,-0.3125,-0.380859375
4882,1.220703125,1.220703125,-0.439453125,-0.341796875
4883,1.15234375,1.142578125,-0.21484375,-0.3515625
4884,1.2109375,1.23046875,-0.224609375,-0.41015625
4885,1.162109375,1.142578125,-0.361328125,-0.302734375
4886,1.220703125,1.181640625,-0.283203125,-0.48828125
4887,1.11328125,1.162109375,-0.283203125,-0.52734375
4888,1.25,1.26953125,-0.283203125,-0.41015625
4889,1.11328125,1.416015625,-0.33203125,-0.361328125
4890,1.142578125,1.26953125,-0.3125,-0.380859375
4891,0.9765625,1.19140625,-0.263671875,-0.46875
4892,1.171875,1.38671875,-0.390625,-0.439453125
4893,1.15234375,1.396484375,-0.21484375,-0.44921875
4894,1.25,1.279296875,-0.13671875,-0.302734375
4895,1.162109375,1.2890625,-0.3125,-0.478515625
4896,1.201171875,1.30859375,-0.244140625,-0.341796875
4897,1.15234375,1.259765625,-0.17578125,-0.37109375
4898,1.23046875,1.220703125,-0.234375,-0.4296875
4899,1.298828125,1.416015625,-0.263671875,-0.41015625
4900,1.11328125,1.240234375,-0.234375,-0.361328125
4901,1.19140625,1.435546875,-0.234375,-0.44921875
4902,1.376953125,1.279296875,-0.224609375,-0.322265625
4903,1.25,1.34765625,-0.2734375,-0.3125
4904,1.23046875,1.279296875,-0.263671875,-0.498046875
4905,1.357421875,1.19140625,-0.244140625,-0.400390625
4906,1.26953125,1.19140625,-0.1953125,-0.380859375
4907,1.123046875,1.240234375,-0.302734375,-0.44921875
4908,1.1328125,1.328125,-0.17578125,-0.341796875
4909,1.259765625,1.240234375,-0.107421875,-0.361328125
4910,1.044921875,1.34765625,-0.224609375,-0.37109375
4911,1.083984375,1.376953125,-0.25390625,-0.361328125
4912,1.123046875,1.171875,-0.29296875,-0.41015625
4913,1.2109375,1.201171875,-0.302734375,-0.4296875
4914,1.103515625,1.181640625,-0.185546875,-0.390625
4915,1.25,1.26953125,-0.1953125,-0.400390625
4916,1.220703125,1.171875,-0.263671875,-0.439453125
4917,1.11328125,1.357421875,-0.29296875,-0.41015625
4918,1.279296875,1.220703125,-0.234375,-0.361328125
4919,1.123046875,1.19140625,-0.263671875,-0.419921875
4920,1.11328125,1.25,-0.2734375,-0.3125
4921,1.142578125,1.2890625,-0.322265625,-0.4296875
4922,1.19140625,1.26953125,-0.341796875,-0.478515625
4923,1.220703125,1.2109375,-0.29296875,-0.400390625
4924,1.044921875,1.25,-0.2734375,-0.302734375
4925,1.142578125,1.09375,-0.185546875,-0.400390625
4926,1.09375,1.171875,-0.263671875,-0.46875
4927,1.15234375,1.15234375,-0.166015625,-0.361328125
4928,1.162109375,1.181640625,-0.166015625,-0.439453125
4929,1.171875,1.162109375,-0.29296875,-0.5078125
4930,1.15234375,1.19140625,-0.234375,-0.33203125
4931,1.162109375,1.171875,-0.33203125,-0.283203125
4932,1.09375,1.11328125,-0.2734375,-0.458984375
4933,1.220703125,1.2109375,-0.361328125,-0.44921875
4934,1.064453125,1.171875,-0.322265625,-0.439453125
4935,1.09375,1.259765625,-0.17578125,-0.322265625
4936,1.09375,1.181640625,-0.302734375,-0.3515625
4937,1.11328125,1.1328125,-0.263671875,-0.3515625
4938,1.11328125,1.181640625,-0.322265625,-0.44921875
4939,1.1328125,1.123046875,-0.2734375,-0.341796875
4940,1.09375,1.181640625,-0.283203125,-0.517578125
4941,1.07421875,1.25,-0.146484375,-0.37109375
4942,1.1328125,1.19140625,-0.244140625,-0.390625
4943,1.09375,1.1328125,-0.341796875,-0.400390625
4944,1.07421875,1.357421875,-0.283203125,-0.380859375
4945,1.220703125,1.240234375,-0.322265625,-0.44921875
4946,1.142578125,1.083984375,-0.2734375,-0.390625
4947,1.0546875,1.181640625,-0.205078125,-0.439453125
4948,1.171875,1.220703125,-0.302734375,-0.37109375
4949,1.1328125,1.09375,-0.3515625,-0.439453125
4950,1.064453125,1.181640625,-0.21484375,-0.3515625
4951,1.083984375,1.171875,-0.244140625,-0.29296875
4952,1.220703125,1.201171875,-0.322265625,-0.380859375
4953,1.025390625,1.34765625,-0.263671875,-0.380859375
4954,1.07421875,1.171875,-0.341796875,-0.361328125
4955,1.2890625,1.2109375,-0.244140625,-0.458984375
4956,1.23046875,1.240234375,-0.234375,-0.37109375
4957,1.1328125,1.11328125,-0.33203125,-0.390625
4958,1.19140625,1.162109375,-0.234375,-0.4296875
4959,1.103515625,1.11328125,-0.21484375,-0.439453125
4960,1.123046875,1.142578125,-0.205078125,-0.546875
4961,1.171875,1.25,-0.224609375,-0.380859375
4962,1.162109375,1.0546875,-0.361328125,-0.4296875
4963,1.181640625,1.25,-0.25390625,-0.4296875
4964,1.240234375,1.240234375,-0.1953125,-0.48828125
4965,1.201171875,1.11328125,-0.283203125,-0.3125
4966,1.09375,1.240234375,-0.17578125,-0.52734375
4967,1.259765625,1.2109375,-0.390625,-0.498046875
4968,1.103515625,1.19140625,-0.146484375,-0.400390625
4969,1.25,1.123046875,-0.224609375,-0.390625
4970,1.142578125,1.201171875,-0.205078125,-0.380859375
4971,1.19140625,1.1328125,-0.17578125,-0.3125
4972,1.181640625,1.181640625,-0.166015625,-0.478515625
4973,1.07421875,1.19140625,-0.234375,-0.400390625
4974,1.1328125,1.11328125,-0.29296875,-0.361328125
4975,1.15234375,1.09375,-0.1953125,-0.361328125
4976,1.025390625,1.2109375,-0.224609375,-0.390625
4977,1.142578125,1.181640625,-0.234375,-0.390625
4978,1.142578125,1.19140625,-0.2734375,-0.4296875
4979,1.064453125,1.123046875,-0.263671875,-0.576171875
4980,1.220703125,1.23046875,-0.302734375,-0.4296875
4981,1.09375,1.123046875,-0.205078125,-0.361328125
4982,1.123046875,1.201171875,-0.263671875,-0.41015625
4983,1.11328125,1.162109375,-0.29296875,-0.439453125
4984,1.19140625,1.09375,-0.322265625,-0.439453125
4985,1.162109375,1.23046875,-0.25390625,-0.380859375
4986,1.09375,1.298828125,-0.21484375,-0.41015625
4987,1.181640625,1.19140625,-0.224609375,-0.60546875
4988,1.11328125,1.171875,-0.263671875,-0.732421875
4989,1.220703125,1.23046875,-0.25390625,-0.439453125
4990,1.03515625,1.162109375,-0.185546875,-0.41015625
4991,1.044921875,1.171875,-0.29296875,-0.37109375
4992,1.15234375,1.201171875,-0.302734375,-0.46875
4993,1.123046875,1.181640625,-0.17578125,-0.41015625
4994,1.123046875,1.2109375,-0.3125,-0.380859375
4995,1.240234375,1.15234375,-0.234375,-0.4296875
4996,1.0546875,1.142578125,-0.146484375,-0.390625
4997,1.083984375,1.19140625,-0.29296875,-0.3125
4998,1.064453125,1.23046875,-0.234375,-0.361328125
4999,1.09375,1.123046875,-0.263671875,-0.3125
5000,1.1328125,1.162109375,-0.1953125,-0.3515625
5001,1.025390625,1.103515625,-0.126953125,-0.361328125
5002,1.171875,1.23046875,-0.185546875,-0.37109375
5003,1.142578125,1.23046875,-0.302734375,-0.4296875
5004,1.26953125,1.220703125,-0.205078125,-0.37109375
5005,1.201171875,1.171875,-0.263671875,-0.41015625
5006,1.25,1.2109375,-0.17578125,-0.224609375
5007,1.19140625,1.162109375,-0.05859375,-0.400390625
5008,1.1328125,1.15234375,-0.263671875,-0.41015625
5009,1.083984375,1.142578125,-0.234375,-0.361328125
5010,1.23046875,1.15234375,-0.3125,-0.33203125
5011,1.2890625,1.162109375,-0.15625,-0.390625
5012,1.0546875,1.220703125,-0.146484375,-0.5078125
5013,1.15234375,1.171875,-0.302734375,-0.4296875
5014,1.23046875,1.07421875,-0.224609375,-0.37109375
5015,1.23046875,1.171875,-0.17578125,-0.390625
5016,1.09375,1.07421875,-0.244140625,-0.37109375
5017,1.15234375,1.123046875,-0.263671875,-0.380859375
5018,1.25,1.171875,-0.33203125,-0.361328125
5019,1.103515625,1.1328125,-0.25390625,-0.498046875
5020,1.220703125,1.201171875,-0.17578125,-0.3515625
5021,1.181640625,1.11328125,-0.244140625,-0.380859375
5022,1.1328125,1.142578125,-0.302734375,-0.458984375
5023,1.1328125,1.15234375,-0.48828125,-0.37109375
5024,1.220703125,1.25,-0.2734375,-0.390625
5025,1.11328125,1.240234375,-0.17578125,-0.361328125
5026,1.171875,1.201171875,-0.244140625,-0.33203125
5027,1.298828125,1.298828125,-0.2734375,-0.33203125
5028,1.25,1.19140625,-0.185546875,-0.341796875
5029,1.259765625,1.26953125,-0.205078125,-0.361328125
5030,1.181640625,1.162109375,-0.3125,-0.458984375
5031,1.2890625,1.15234375,-0.2734375,-0.380859375
5032,1.162109375,1.181640625,-0.263671875,-0.419921875
5033,1.07421875,1.1328125,-0.283203125,-0.400390625
5034,1.15234375,1.1328125,-0.283203125,-0.3515625
5035,1.11328125,1.181640625,-0.126953125,-0.390625
5036,1.220703125,1.23046875,-0.146484375,-0.380859375
5037,1.2109375,1.26953125,-0.244140625,-0.2734375
5038,1.30859375,1.142578125,-0.29296875,-0.3515625
5039,1.220703125,1.26953125,-0.224609375,-0.29296875
5040,1.19140625,1.142578125,-0.29296875,-0.41015625
5041,1.25,1.201171875,-0.185546875,-0.263671875
5042,1.240234375,1.201171875,-0.17578125,-0.37109375
5043,1.083984375,1.19140625,-0.205078125,-0.244140625
5044,1.171875,1.123046875,-0.17578125,-0.322265625
5045,1.19140625,1.2109375,-0.2734375,-0.3125
5046,1.259765625,1.142578125,-0.244140625,-0.341796875
5047,1.279296875,1.220703125,-0.263671875,-0.3515625
5048,1.25,1.162109375,-0.205078125,-0.2734375
5049,1.279296875,1.142578125,-0.263671875,-0.361328125
5050,1.181640625,1.181640625,-0.33203125,-0.380859375
5051,1.181640625,1.123046875,-0.13671875,-0.37109375
5052,1.083984375,1.162109375,-0.234375,-0.56640625
5053,1.26953125,1.15234375,-0.283203125,-0.29296875
5054,1.2890625,1.11328125,-0.2734375,-0.2734375
5055,1.2109375,1.201171875,-0.263671875,-0.341796875
5056,1.298828125,1.220703125,-0.1953125,-0.341796875
5057,1.201171875,1.201171875,-0.37109375,-0.361328125
5058,1.26953125,1.201171875,-0.263671875,-0.44921875
5059,1.30859375,1.26953125,-0.224609375,-0.400390625
5060,1.23046875,1.2109375,-0.33203125,-0.361328125
5061,1.279296875,1.2109375,-0.234375,-0.37109375
5062,1.25,1.171875,-0.234375,-0.37109375
5063,1.2109375,1.201171875,-0.361328125,-0.380859375
5064,1.2109375,1.162109375,-0.244140625,-0.15625
5065,1.298828125,1.19140625,-0.205078125,-0.380859375
5066,1.30859375,1.171875,-0.166015625,-0.380859375
5067,1.328125,1.181640625,-0.25390625,-0.25390625
5068,1.25,1.1328125,-0.126953125,-0.302734375
5069,1.298828125,1.123046875,-0.21484375,-0.322265625
5070,1.181640625,1.19140625,-0.13671875,-0.341796875
5071,1.298828125,1.142578125,-0.29296875,-0.29296875
5072,1.123046875,1.396484375,-0.29296875,-0.419921875
5073,1.25,1.162109375,-0.244140625,-0.3515625
5074,1.318359375,1.240234375,-0.25390625,-0.419921875
5075,1.083984375,1.279296875,-0.205078125,-0.439453125
5076,1.23046875,1.005859375,-0.390625,-0.400390625
5077,1.19140625,1.083984375,-0.166015625,-0.458984375
5078,1.2109375,1.11328125,-0.302734375,-0.3125
5079,1.298828125,1.357421875,-0.244140625,-0.3515625
5080,1.318359375,1.201171875,-0.341796875,-0.46875
5081,1.2890625,1.328125,-0.2734375,-0.341796875
5082,1.25,1.181640625,-0.244140625,-0.3125
5083,1.2109375,1.201171875,-0.302734375,-0.2734375
5084,1.279296875,1.09375,-0.33203125,-0.29296875
5085,1.298828125,1.201171875,-0.1953125,-0.263671875
5086,1.181640625,1.15234375,-0.13671875,-0.3125
5087,1.201171875,1.015625,-0.146484375,-0.400390625
5088,1.123046875,1.25,-0.224609375,-0.419921875
5089,1.11328125,1.162109375,-0.21484375,-0.2734375
5090,1.1328125,1.083984375,-0.283203125,-0.400390625
5091,1.298828125,1.123046875,-0.234375,-0.2734375
5092,1.318359375,1.162109375,-0.244140625,-0.33203125
5093,1.171875,1.005859375,-0.29296875,-0.37109375
5094,1.23046875,1.162109375,-0.1953125,-0.322265625
5095,1.25,1.123046875,-0.224609375,-0.3515625
5096,1.337890625,1.162109375,-0.21484375,-0.3515625
5097,1.220703125,1.103515625,-0.29296875,-0.439453125
5098,1.19140625,1.171875,-0.263671875,-0.41015625
5099,1.1328125,1.15234375,-0.341796875,-0.37109375
5100,1.142578125,1.07421875,-0.283203125,-0.419921875
5101,1.23046875,1.064453125,-0.234375,-0.419921875
5102,1.171875,1.171875,-0.224609375,-0.33203125
5103,1.15234375,1.142578125,-0.3125,-0.390625
5104,1.1328125,1.142578125,-0.283203125,-0.341796875
5105,1.15234375,1.19140625,-0.3125,-0.41015625
5106,1.19140625,1.23046875,-0.283203125,-0.302734375
5107,1.171875,1.171875,-0.1953125,-0.380859375
5108,1.171875,1.09375,-0.1171875,-0.419921875
5109,1.220703125,1.19140625,-0.205078125,-0.390625
5110,1.123046875,1.181640625,-0.166015625,-0.400390625
5111,1.1328125,1.1328125,-0.283203125,-0.361328125
5112,1.09375,1.30859375,-0.21484375,-0.2734375
5113,1.318359375,1.15234375,-0.17578125,-0.205078125
5114,1.201171875,1.142578125,-0.185546875,-0.361328125
5115,1.181640625,1.083984375,-0.205078125,-0.25390625
5116,1.2109375,1.11328125,-0.29296875,-0.244140625
5117,1.15234375,1.11328125,-0.224609375,-0.29296875
5118,1.220703125,0.99609375,-0.2734375,-0.25390625
5119,1.181640625,1.044921875,-0.2734375,-0.185546875
5120,1.1328125,1.0546875,-0.25390625,-0.29296875
5121,1.15234375,1.015625,-0.2734375,-0.29296875
5122,1.1328125,1.083984375,-0.244140625,-0.498046875
5123,1.044921875,1.025390625,-0.234375,-0.205078125
5124,1.171875,0.9375,-0.341796875,-0.302734375
5125,1.15234375,1.123046875,-0.2734375,-0.29296875
5126,1.259765625,1.142578125,-0.3515625,-0.2734375
5127,1.1328125,1.0546875,-0.341796875,-0.263671875
5128,1.15234375,1.083984375,-0.33203125,-0.4296875
5129,1.30859375,1.044921875,-0.25390625,-0.244140625
5130,1.19140625,1.11328125,-0.302734375,-0.3515625
5131,1.162109375,1.07421875,-0.3515625,-0.302734375
5132,1.23046875,1.142578125,-0.3125,-0.29296875
5133,1.171875,1.015625,-0.2734375,-0.33203125
5134,1.142578125,1.03515625,-0.263671875,-0.3125
5135,1.142578125,1.103515625,-0.33203125,-0.3515625
5136,1.15234375,1.1328125,-0.3125,-0.29296875
5137,1.26953125,1.240234375,-0.234375,-0.234375
5138,1.123046875,1.19140625,-0.244140625,-0.25390625
5139,1.162109375,1.044921875,-0.1953125,-0.25390625
5140,1.09375,1.0546875,-0.15625,-0.244140625
5141,1.015625,1.123046875,-0.185546875,-0.2734375
5142,1.181640625,1.09375,-0.166015625,-0.25390625
5143,1.279296875,0.99609375,-0.205078125,-0.322265625
5144,1.123046875,1.1328125,-0.302734375,0
5145,1.357421875,1.07421875,-0.13671875,-0.263671875
5146,1.23046875,1.2890625,-0.15625,-0.37109375
5147,1.240234375,1.142578125,-0.21484375,-0.234375
5148,1.259765625,1.220703125,-0.244140625,-0.322265625
5149,1.123046875,1.19140625,-0.4296875,-0.234375
5150,1.23046875,1.15234375,-0.21484375,-0.107421875
5151,1.25,1.07421875,-0.41015625,-0.234375
5152,1.279296875,1.11328125,-0.302734375,-0.341796875
5153,1.259765625,1.181640625,-0.361328125,-0.263671875
5154,1.171875,1.25,-0.302734375,-0.2734375
5155,1.162109375,1.181640625,-0.3515625,-0.2734375
5156,1.171875,1.15234375,-0.283203125,-0.33203125
5157,1.19140625,1.064453125,-0.361328125,-0.322265625
5158,1.220703125,1.2109375,-0.283203125,-0.341796875
5159,1.11328125,1.103515625,-0.322265625,-0.21484375
5160,1.1328125,1.2890625,-0.400390625,-0.25390625
5161,1.162109375,1.15234375,-0.205078125,-0.21484375
5162,1.201171875,1.03515625,-0.302734375,-0.234375
5163,1.171875,1.083984375,-0.380859375,-0.2734375
5164,1.162109375,0.986328125,-0.244140625,-0.2734375
5165,1.2109375,1.142578125,-0.244140625,-0.263671875
5166,1.11328125,1.2109375,-0.283203125,-0.234375
5167,1.103515625,1.123046875,-0.283203125,-0.283203125
5168,1.19140625,1.171875,-0.322265625,-0.244140625
5169,1.1328125,1.123046875,-0.1953125,-0.283203125
5170,1.171875,1.103515625,-0.322265625,-0.21484375
5171,1.396484375,1.07421875,-0.224609375,-0.15625
5172,1.162109375,1.123046875,-0.4296875,-0.234375
5173,1.34765625,1.03515625,-0.224609375,-0.3125
5174,1.171875,1.07421875,-0.2734375,-0.185546875
5175,1.25,1.083984375,-0.41015625,-0.283203125
5176,1.240234375,1.083984375,-0.234375,-0.263671875
5177,1.220703125,1.123046875,-0.21484375,-0.21484375
5178,1.15234375,1.1328125,-0.458984375,-0.185546875
5179,1.19140625,1.123046875,-0.3515625,-0.302734375
5180,1.181640625,1.15234375,-0.302734375,-0.400390625
5181,1.19140625,1.07421875,-0.37109375,-0.244140625
5182,1.2109375,0.986328125,-0.33203125,-0.302734375
5183,1.142578125,1.142578125,-0.361328125,-0.234375
5184,1.15234375,1.03515625,-0.400390625,-0.078125
5185,1.171875,1.09375,-0.517578125,-0.29296875
5186,1.201171875,1.1328125,-0.380859375,-0.4296875
5187,1.171875,1.11328125,-0.283203125,-0.244140625
5188,1.181640625,1.11328125,-0.478515625,-0.234375
5189,1.162109375,1.15234375,-0.224609375,-0.224609375
5190,1.328125,1.171875,-0.341796875,-0.263671875
5191,1.2109375,1.044921875,-0.283203125,-0.205078125
5192,1.123046875,1.083984375,-0.390625,-0.185546875
5193,1.103515625,1.171875,-0.322265625,-0.1953125
5194,1.15234375,1.2109375,-0.205078125,-0.25390625
5195,1.123046875,1.162109375,-0.2734375,-0.3125
5196,1.064453125,1.19140625,-0.400390625,-0.283203125
5197,1.162109375,1.15234375,-0.4296875,-0.3515625
5198,1.142578125,1.259765625,-0.52734375,-0.205078125
5199,1.103515625,1.162109375,-0.341796875,-0.283203125
5200,1.171875,1.09375,-0.5078125,-0.3515625
5201,1.23046875,1.171875,-0.283203125,-0.2734375
5202,1.2109375,1.11328125,-0.361328125,-0.33203125
5203,1.171875,1.23046875,-0.25390625,-0.205078125
5204,1.15234375,1.11328125,-0.29296875,-0.166015625
5205,1.142578125,1.11328125,-0.25390625,-0.25390625
5206,1.19140625,1.11328125,-0.341796875,-0.263671875
5207,1.23046875,1.09375,-0.283203125,-0.33203125
5208,1.171875,1.181640625,-0.400390625,-0.21484375
5209,1.11328125,1.15234375,-0.302734375,-0.25390625
5210,1.025390625,1.171875,-0.390625,-0.33203125
5211,1.240234375,1.142578125,-0.263671875,-0.21484375
5212,1.083984375,1.25,-0.439453125,-0.25390625
5213,1.181640625,1.220703125,-0.25390625,-0.25390625
5214,1.1328125,1.162109375,-0.419921875,-0.25390625
5215,1.142578125,1.201171875,-0.244140625,-0.234375
5216,1.1328125,1.103515625,-0.224609375,-0.25390625
5217,1.142578125,1.142578125,-0.302734375,-0.283203125
5218,1.1328125,1.15234375,-0.263671875,-0.185546875
5219,1.15234375,1.171875,-0.1171875,-0.224609375
5220,1.2109375,1.1328125,-0.15625,-0.322265625
5221,1.201171875,1.142578125,-0.205078125,-0.205078125
5222,1.171875,1.171875,-0.263671875,-0.341796875
5223,1.181640625,1.25,-0.3125,-0.283203125
5224,1.162109375,1.259765625,-0.33203125,-0.2734375
5225,1.23046875,1.15234375,-0.3125,-0.17578125
5226,1.181640625,1.15234375,-0.2734375,-0.244140625
5227,1.337890625,1.1328125,-0.33203125,-0.263671875
5228,1.23046875,1.005859375,-0.3125,-0.3515625
5229,1.298828125,1.171875,-0.2734375,-0.2734375
5230,1.279296875,1.162109375,-0.1953125,-0.283203125
5231,1.25,1.298828125,-0.29296875,-0.37109375
5232,1.259765625,1.1328125,-0.302734375,-0.2734375
5233,1.2109375,1.15234375,-0.419921875,-0.2734375
5234,1.279296875,1.09375,-0.41015625,-0.302734375
5235,1.240234375,1.162109375,-0.3125,-0.361328125
5236,1.40625,1.09375,-0.322265625,-0.283203125
5237,1.201171875,1.171875,-0.302734375,-0.244140625
5238,1.25,1.15234375,-0.263671875,-0.33203125
5239,1.23046875,1.103515625,-0.302734375,-0.302734375
5240,1.15234375,1.19140625,-0.263671875,-0.185546875
5241,1.142578125,1.201171875,-0.263671875,-0.224609375
5242,1.181640625,1.171875,-0.33203125,-0.25390625
5243,1.23046875,1.15234375,-0.29296875,-0.21484375
5244,1.279296875,1.162109375,-0.29296875,-0.33203125
5245,1.162109375,1.201171875,-0.205078125,-0.224609375
5246,1.220703125,1.19140625,-0.3125,-0.25390625
5247,1.201171875,1.162109375,-0.400390625,-0.263671875
5248,1.3671875,1.1328125,-0.322265625,-0.17578125
5249,1.279296875,1.123046875,-0.37109375,-0.205078125
5250,1.328125,1.26953125,-0.185546875,-0.068359375
5251,1.2109375,1.123046875,-0.2734375,-0.29296875
5252,1.240234375,1.318359375,-0.302734375,-0.322265625
5253,1.181640625,0.986328125,-0.322265625,-0.185546875
5254,1.09375,1.259765625,-0.25390625,-0.33203125
5255,1.15234375,1.0546875,-0.33203125,-0.33203125
5256,1.171875,1.142578125,-0.390625,-0.322265625
5257,1.23046875,1.201171875,-0.283203125,-0.3515625
5258,1.201171875,1.328125,-0.21484375,-0.419921875
5259,1.25,1.162109375,-0.21484375,-0.234375
5260,1.201171875,1.201171875,-0.234375,-0.09765625
5261,1.19140625,1.26953125,-0.263671875,-0.3125
5262,1.19140625,1.2890625,-0.3125,-0.322265625
5263,1.220703125,1.1328125,-0.283203125,-0.17578125
5264,1.26953125,1.142578125,-0.244140625,-0.29296875
5265,1.201171875,1.298828125,-0.283203125,-0.3125
5266,1.279296875,1.357421875,-0.263671875,-0.205078125
5267,1.2109375,1.396484375,-0.166015625,-0.380859375
5268,1.220703125,1.416015625,-0.361328125,-0.390625
5269,1.162109375,1.220703125,-0.37109375,-0.439453125
5270,1.2109375,1.26953125,-0.390625,-0.29296875
5271,1.142578125,0.908203125,-0.322265625,-0.341796875
5272,1.220703125,1.103515625,-0.341796875,-0.263671875
5273,1.220703125,1.15234375,-0.283203125,-0.390625
5274,1.23046875,1.201171875,-0.263671875,-0.25390625
5275,1.15234375,1.19140625,-0.322265625,-0.37109375
5276,1.30859375,1.15234375,-0.224609375,-0.33203125
5277,1.328125,1.103515625,-0.1953125,-0.44921875
5278,1.103515625,1.2109375,-0.283203125,-0.29296875
5279,1.201171875,1.171875,-0.2734375,-0.33203125
5280,1.220703125,1.162109375,-0.41015625,-0.29296875
5281,1.162109375,1.142578125,-0.302734375,-0.41015625
5282,1.2109375,1.23046875,-0.25390625,-0.283203125
5283,1.259765625,1.2109375,-0.37109375,-0.380859375
5284,1.26953125,1.19140625,-0.244140625,-0.244140625
5285,1.220703125,1.09375,-0.283203125,-0.341796875
5286,1.201171875,1.201171875,-0.302734375,-0.341796875
5287,1.279296875,1.240234375,-0.21484375,-0.419921875
5288,1.23046875,1.201171875,-0.322265625,-0.224609375
5289,1.220703125,1.25,-0.234375,-0.400390625
5290,1.1328125,1.259765625,-0.25390625,-0.380859375
5291,1.220703125,1.220703125,-0.3515625,-0.322265625
5292,1.171875,1.201171875,-0.263671875,-0.400390625
5293,1.220703125,1.25,-0.263671875,-0.244140625
5294,1.15234375,1.19140625,-0.283203125,-0.3515625
5295,1.181640625,1.162109375,-0.29296875,-0.41015625
5296,1.09375,1.171875,-0.283203125,-0.302734375
5297,1.15234375,1.240234375,-0.21484375,-0.44921875
5298,1.0546875,1.240234375,-0.146484375,-0.3515625
5299,1.09375,1.2109375,-0.341796875,-0.283203125
5300,1.201171875,1.23046875,-0.33203125,-0.322265625
5301,1.2109375,1.240234375,-0.2734375,-0.302734375
5302,1.15234375,1.25,-0.25390625,-0.37109375
5303,1.07421875,1.1328125,-0.29296875,-0.439453125
5304,1.162109375,1.279296875,-0.2734375,-0.302734375
5305,1.15234375,1.279296875,-0.302734375,-0.3125
5306,1.181640625,1.201171875,-0.224609375,-0.390625
5307,1.1328125,1.142578125,-0.380859375,-0.400390625
5308,1.2109375,1.259765625,-0.322265625,-0.2734375
5309,1.083984375,1.220703125,-0.3125,-0.380859375
5310,1.142578125,1.26953125,-0.087890625,-0.390625
5311,1.083984375,1.259765625,-0.3125,-0.361328125
5312,1.142578125,1.181640625,-0.21484375,-0.4296875
5313,1.11328125,1.26953125,-0.361328125,-0.41015625
5314,1.142578125,1.298828125,-0.390625,-0.537109375
5315,1.181640625,1.201171875,-0.302734375,-0.458984375
5316,1.064453125,1.083984375,-0.361328125,-0.439453125
5317,1.11328125,1.328125,-0.126953125,-0.498046875
5318,1.15234375,1.259765625,-0.302734375,-0.33203125
5319,1.103515625,1.337890625,-0.234375,-0.3125
5320,1.162109375,1.220703125,-0.244140625,-0.576171875
5321,1.26953125,1.23046875,-0.146484375,-0.556640625
5322,1.123046875,1.259765625,-0.224609375,-0.419921875
5323,1.142578125,1.25,-0.380859375,-0.3515625
5324,1.09375,1.25,-0.283203125,-0.37109375
5325,1.19140625,1.23046875,-0.146484375,-0.44921875
5326,1.220703125,1.318359375,-0.322265625,-0.380859375
5327,1.162109375,1.328125,-0.1953125,-0.361328125
5328,1.1328125,1.2109375,-0.224609375,-0.419921875
5329,1.19140625,1.4453125,-0.166015625,-0.33203125
5330,1.201171875,1.26953125,-0.1953125,-0.3125
5331,1.19140625,1.259765625,-0.29296875,-0.390625
5332,1.0546875,1.15234375,-0.302734375,-0.48828125
5333,1.26953125,1.240234375,-0.244140625,-0.537109375
5334,1.171875,1.3671875,-0.234375,-0.361328125
5335,1.181640625,1.2890625,-0.341796875,-0.439453125
5336,1.2890625,1.34765625,-0.283203125,-0.15625
5337,1.19140625,1.279296875,-0.2734375,-0.361328125
5338,1.240234375,1.34765625,-0.244140625,-0.3515625
5339,1.19140625,1.240234375,-0.283203125,-0.46875
5340,1.123046875,1.220703125,-0.2734375,-0.4296875
5341,1.259765625,1.09375,-0.29296875,-0.380859375
5342,1.3671875,1.26953125,-0.302734375,-0.37109375
5343,1.201171875,1.2109375,-0.146484375,-0.390625
5344,1.23046875,1.26953125,-0.234375,-0.439453125
5345,1.2890625,1.240234375,-0.3125,-0.17578125
5346,1.240234375,1.181640625,-0.361328125,-0.44921875
5347,1.2109375,1.25,-0.185546875,-0.41015625
5348,1.2890625,1.259765625,-0.263671875,-0.322265625
5349,1.259765625,1.2109375,-0.322265625,-0.37109375
5350,1.181640625,1.25,-0.33203125,-0.439453125
5351,1.240234375,1.240234375,-0.302734375,-0.283203125
5352,1.1328125,1.25,-0.3515625,-0.458984375
5353,1.15234375,1.25,-0.15625,-0.361328125
5354,1.181640625,1.23046875,-0.263671875,-0.439453125
5355,0.99609375,1.2109375,-0.1953125,-0.3125
5356,1.201171875,1.25,-0.166015625,-0.341796875
5357,1.181640625,1.201171875,-0.380859375,-0.46875
5358,1.162109375,1.201171875,-0.322265625,-0.478515625
5359,1.181640625,1.181640625,-0.087890625,-0.380859375
5360,1.1328125,1.298828125,-0.263671875,-0.2734375
5361,1.23046875,1.181640625,-0.33203125,-0.439453125
5362,1.181640625,1.19140625,-0.15625,-0.439453125
5363,1.181640625,1.171875,-0.146484375,-0.29296875
5364,1.11328125,1.19140625,-0.283203125,-0.595703125
5365,1.005859375,1.259765625,-0.322265625,-0.46875
5366,1.2109375,1.2890625,-0.380859375,-0.4296875
5367,1.279296875,1.2109375,-0.341796875,-0.400390625
5368,1.142578125,1.15234375,-0.234375,-0.400390625
5369,1.201171875,1.11328125,-0.185546875,-0.33203125
5370,1.181640625,1.25,-0.17578125,-0.4296875
5371,1.19140625,1.19140625,-0.244140625,-0.380859375
5372,1.1328125,1.19140625,-0.224609375,-0.439453125
5373,1.0546875,1.2109375,-0.2734375,-0.390625
5374,1.19140625,1.15234375,-0.341796875,-0.44921875
5375,1.15234375,1.11328125,-0.17578125,-0.283203125
5376,1.201171875,1.19140625,-0.29296875,-0.361328125
5377,1.142578125,1.162109375,-0.302734375,-0.341796875
5378,1.09375,1.11328125,-0.400390625,-0.48828125
5379,1.240234375,1.142578125,-0.29296875,-0.2734375
5380,1.15234375,1.240234375,-0.29296875,-0.390625
5381,1.171875,1.26953125,-0.3125,-0.400390625
5382,1.07421875,1.1328125,-0.3515625,-0.41015625
5383,1.25,1.19140625,-0.302734375,-0.322265625
5384,1.19140625,1.181640625,-0.263671875,-0.341796875
5385,1.298828125,1.181640625,-0.33203125,-0.37109375
5386,1.1328125,1.19140625,-0.341796875,-0.341796875
5387,1.1328125,1.1328125,-0.17578125,-0.341796875
5388,1.171875,1.1328125,-0.185546875,-0.380859375
5389,1.30859375,1.279296875,-0.224609375,-0.44921875
5390,1.25,1.201171875,-0.283203125,-0.498046875
5391,1.318359375,1.19140625,-0.29296875,-0.458984375
5392,1.1328125,1.162109375,-0.1171875,-0.390625
5393,1.25,1.19140625,-0.283203125,-0.419921875
5394,1.171875,1.162109375,-0.205078125,-0.46875
5395,1.357421875,1.240234375,-0.400390625,-0.419921875
5396,1.123046875,1.123046875,-0.244140625,-0.37109375
5397,1.171875,1.25,-0.3125,-0.361328125
5398,1.181640625,1.162109375,-0.21484375,-0.517578125
5399,1.23046875,1.201171875,-0.341796875,-0.478515625
5400,1.201171875,1.220703125,-0.078125,-0.41015625
5401,1.142578125,1.15234375,-0.126953125,-0.390625
5402,1.162109375,1.142578125,-0.234375,-0.419921875
5403,1.2890625,1.23046875,-0.224609375,-0.44921875
5404,1.103515625,1.34765625,-0.146484375,-0.341796875
5405,1.2109375,1.123046875,-0.25390625,-0.33203125
5406,1.171875,1.15234375,-0.263671875,-0.458984375
5407,1.19140625,1.064453125,-0.234375,-0.419921875
5408,1.142578125,1.15234375,-0.2734375,-0.361328125
5409,1.2109375,1.220703125,-0.341796875,-0.41015625
5410,1.103515625,1.162109375,-0.361328125,-0.41015625
5411,1.19140625,1.220703125,-0.234375,-0.380859375
5412,1.240234375,1.15234375,-0.234375,-0.380859375
5413,1.2109375,1.103515625,-0.126953125,-0.33203125
5414,1.181640625,1.181640625,-0.25390625,-0.390625
5415,1.15234375,1.181640625,-0.185546875,-0.60546875
5416,1.142578125,1.171875,-0.25390625,-0.380859375
5417,1.11328125,1.15234375,-0.33203125,-0.400390625
5418,1.201171875,1.171875,-0.185546875,-0.48828125
5419,1.181640625,1.201171875,-0.126953125,-0.419921875
5420,1.23046875,1.30859375,-0.09765625,-0.41015625
5421,1.19140625,1.181640625,-0.244140625,-0.419921875
5422,1.181640625,1.2109375,-0.3125,-0.419921875
5423,1.23046875,1.15234375,-0.166015625,-0.439453125
5424,1.2109375,1.015625,-0.1953125,-0.52734375
5425,1.171875,1.142578125,-0.244140625,-0.5078125
5426,1.1328125,1.26953125,-0.21484375,-0.458984375
5427,1.240234375,1.181640625,-0.17578125,-0.48828125
5428,1.201171875,1.171875,-0.263671875,-0.44921875
5429,1.25,1.07421875,-0.224609375,-0.380859375
5430,1.064453125,1.123046875,-0.21484375,-0.390625
5431,1.07421875,1.259765625,-0.224609375,-0.419921875
5432,1.2109375,1.19140625,-0.25390625,-0.3125
5433,1.2109375,1.2890625,-0.126953125,-0.390625
5434,1.279296875,1.11328125,-0.234375,-0.390625
5435,1.240234375,1.1328125,-0.166015625,-0.25390625
5436,1.240234375,1.15234375,-0.166015625,-0.29296875
5437,1.240234375,1.26953125,-0.21484375,-0.37109375
5438,1.201171875,1.044921875,-0.21484375,-0.390625
5439,1.181640625,1.2109375,-0.21484375,-0.33203125
5440,1.318359375,1.142578125,-0.15625,-0.29296875
5441,1.23046875,1.09375,-0.400390625,-0.302734375
5442,1.279296875,1.298828125,-0.166015625,-0.2734375
5443,1.23046875,1.0546875,-0.166015625,-0.400390625
5444,1.11328125,1.23046875,-0.205078125,-0.4296875
5445,1.201171875,1.0546875,-0.107421875,-0.419921875
5446,1.25,1.064453125,-0.1953125,-0.439453125
5447,1.2109375,1.259765625,-0.21484375,-0.439453125
5448,1.2109375,1.279296875,-0.244140625,-0.52734375
5449,1.259765625,1.142578125,-0.15625,-0.390625
5450,1.201171875,1.171875,-0.234375,-0.3515625
5451,1.19140625,1.279296875,-0.17578125,-0.37109375
5452,1.23046875,1.142578125,-0.224609375,-0.3125
5453,1.142578125,1.07421875,-0.2734375,-0.419921875
5454,1.240234375,1.2109375,-0.283203125,-0.361328125
5455,1.201171875,1.2109375,-0.21484375,-0.46875
5456,1.064453125,1.2109375,-0.302734375,-0.3515625
5457,1.1328125,1.15234375,-0.234375,-0.283203125
5458,1.201171875,1.103515625,-0.224609375,-0.44921875
5459,1.240234375,1.171875,-0.205078125,-0.361328125
5460,1.181640625,1.30859375,-0.224609375,-0.341796875
5461,1.123046875,1.09375,-0.33203125,-0.361328125
5462,1.19140625,1.19140625,-0.1953125,-0.439453125
5463,1.259765625,1.162109375,-0.1953125,-0.41015625
5464,1.25,1.11328125,-0.205078125,-0.390625
5465,1.220703125,1.083984375,-0.244140625,-0.37109375
5466,1.181640625,1.162109375,-0.205078125,-0.283203125
5467,1.171875,1.162109375,-0.205078125,-0.263671875
5468,1.240234375,1.171875,-0.244140625,-0.380859375
5469,1.23046875,1.123046875,-0.224609375,-0.390625
5470,1.26953125,1.2109375,-0.13671875,-0.439453125
5471,1.2890625,1.15234375,-0.283203125,-0.361328125
5472,1.25,1.07421875,-0.361328125,-0.419921875
5473,1.181640625,1.11328125,-0.224609375,-0.37109375
5474,1.19140625,1.09375,-0.478515625,-0.302734375
5475,1.2109375,1.171875,-0.21484375,-0.33203125
5476,1.220703125,1.2109375,-0.25390625,-0.37109375
5477,1.220703125,1.171875,-0.25390625,-0.25390625
5478,1.181640625,1.1328125,-0.17578125,-0.2734375
5479,1.240234375,1.123046875,-0.341796875,-0.25390625
5480,1.259765625,1.15234375,-0.37109375,-0.322265625
5481,1.201171875,1.171875,-0.205078125,-0.33203125
5482,1.279296875,1.201171875,-0.224609375,-0.4296875
5483,1.220703125,1.2109375,-0.205078125,-0.380859375
5484,1.259765625,1.19140625,-0.33203125,-0.341796875
5485,1.2890625,1.083984375,-0.3125,-0.302734375
5486,1.162109375,1.11328125,-0.33203125,-0.400390625
5487,1.220703125,1.11328125,-0.25390625,-0.390625
5488,1.201171875,1.181640625,-0.166015625,-0.4296875
5489,1.38671875,1.1328125,-0.37109375,-0.380859375
5490,1.298828125,1.240234375,-0.2734375,-0.29296875
5491,1.25,1.171875,-0.234375,-0.3125
5492,1.328125,1.171875,-0.224609375,-0.361328125
5493,1.318359375,1.142578125,-0.15625,-0.33203125
5494,1.357421875,1.171875,-0.15625,-0.322265625
5495,1.298828125,1.15234375,-0.1953125,-0.283203125
5496,1.328125,1.2890625,-0.3515625,-0.4296875
5497,1.2109375,1.123046875,-0.3125,-0.234375
5498,1.337890625,1.162109375,-0.185546875,-0.48828125
5499,1.25,1.171875,-0.224609375,-0.341796875
5500,1.357421875,1.162109375,-0.1953125,-0.2734375
5501,1.2890625,1.171875,-0.25390625,-0.29296875
5502,1.376953125,1.123046875,-0.25390625,-0.390625
5503,1.240234375,1.005859375,-0.244140625,-0.322265625
5504,1.357421875,1.19140625,-0.17578125,-0.478515625
5505,1.2109375,1.123046875,-0.263671875,-0.3125
5506,1.123046875,1.19140625,-0.341796875,-0.3515625
5507,1.25,1.15234375,-0.224609375,-0.390625
5508,1.25,1.25,-0.234375,-0.244140625
5509,1.318359375,0.986328125,-0.1953125,-0.380859375
5510,1.1328125,1.142578125,-0.25390625,-0.302734375
5511,1.201171875,1.083984375,-0.185546875,-0.33203125
5512,1.279296875,1.171875,-0.44921875,-0.283203125
5513,1.259765625,1.15234375,-0.185546875,-0.400390625
5514,1.07421875,1.171875,-0.185546875,-0.341796875
5515,1.2109375,1.083984375,-0.302734375,-0.25390625
5516,1.279296875,1.162109375,-0.166015625,-0.244140625
5517,1.279296875,1.19140625,-0.146484375,-0.29296875
5518,1.181640625,1.103515625,-0.263671875,-0.33203125
5519,1.23046875,1.1328125,-0.1953125,-0.41015625
5520,1.220703125,1.15234375,-0.087890625,-0.44921875
5521,1.26953125,1.103515625,-0.244140625,-0.322265625
5522,1.220703125,1.171875,-0.166015625,-0.400390625
5523,1.123046875,1.103515625,-0.126953125,-0.390625
5524,1.19140625,1.09375,-0.21484375,-0.3515625
5525,1.240234375,1.19140625,-0.234375,-0.37109375
5526,1.1328125,1.1328125,-0.3125,-0.283203125
5527,1.1328125,1.07421875,-0.205078125,-0.341796875
5528,1.220703125,1.142578125,-0.224609375,-0.37109375
5529,1.240234375,1.171875,-0.146484375,-0.390625
5530,1.201171875,1.15234375,-0.25390625,-0.4296875
5531,1.2890625,1.1328125,-0.283203125,-0.380859375
5532,1.123046875,1.201171875,-0.283203125,-0.380859375
5533,1.19140625,1.11328125,-0.185546875,-0.380859375
5534,1.1328125,1.15234375,-0.25390625,-0.458984375
5535,1.171875,1.103515625,-0.1953125,-0.439453125
5536,1.15234375,1.005859375,-0.3515625,-0.3515625
5537,1.220703125,1.09375,-0.234375,-0.419921875
5538,1.220703125,1.240234375,-0.17578125,-0.41015625
5539,1.23046875,1.181640625,-0.244140625,-0.419921875
5540,1.1328125,1.1328125,-0.2734375,-0.33203125
5541,1.15234375,1.220703125,-0.25390625,-0.546875
5542,1.09375,1.2109375,-0.341796875,-0.2734375
5543,1.171875,1.15234375,-0.25390625,-0.29296875
5544,1.19140625,1.09375,-0.126953125,-0.29296875
5545,1.298828125,1.142578125,-0.126953125,-0.29296875
5546,1.2890625,1.142578125,-0.25390625,-0.166015625
5547,1.07421875,1.103515625,-0.087890625,-0.302734375
5548,1.171875,1.2109375,-0.244140625,-0.3125
5549,1.30859375,1.11328125,-0.21484375,-0.439453125
5550,1.1328125,1.2109375,-0.283203125,-0.419921875
5551,1.328125,1.005859375,-0.3515625,-0.234375
5552,1.142578125,1.123046875,-0.341796875,-0.33203125
5553,1.162109375,1.11328125,-0.302734375,-0.48828125
5554,1.2109375,1.03515625,-0.234375,-0.302734375
5555,1.220703125,1.07421875,-0.33203125,-0.33203125
5556,1.26953125,1.123046875,-0.29296875,-0.37109375
5557,1.240234375,1.201171875,-0.21484375,-0.29296875
5558,1.15234375,1.03515625,-0.283203125,-0.3125
5559,1.171875,1.005859375,-0.283203125,-0.29296875
5560,1.181640625,1.142578125,-0.29296875,-0.2734375
5561,1.15234375,1.220703125,-0.21484375,-0.361328125
5562,1.15234375,1.025390625,-0.185546875,-0.21484375
5563,1.162109375,1.07421875,-0.283203125,-0.3515625
5564,1.25,1.162109375,-0.234375,-0.1953125
5565,1.09375,1.07421875,-0.390625,-0.205078125
5566,1.25,1.123046875,-0.25390625,-0.283203125
5567,1.123046875,1.142578125,-0.1953125,-0.29296875
5568,1.181640625,1.064453125,-0.09765625,-0.390625
5569,1.103515625,1.09375,-0.29296875,-0.2734375
5570,1.123046875,1.162109375,-0.400390625,-0.302734375
5571,1.181640625,1.123046875,-0.224609375,-0.283203125
5572,1.11328125,1.142578125,-0.185546875,-0.263671875
5573,1.181640625,1.064453125,-0.234375,-0.263671875
5574,1.162109375,1.103515625,-0.244140625,-0.13671875
5575,1.103515625,1.181640625,-0.25390625,-0.244140625
5576,1.171875,1.0546875,-0.29296875,-0.21484375
5577,1.19140625,1.044921875,-0.21484375,-0.29296875
5578,1.1328125,1.103515625,-0.205078125,-0.13671875
5579,1.162109375,0.986328125,-0.283203125,-0.25390625
5580,1.142578125,1.123046875,-0.166015625,-0.2734375
5581,1.23046875,1.181640625,-0.302734375,-0.263671875
5582,1.15234375,1.103515625,-0.244140625,-0.3515625
5583,1.162109375,1.181640625,-0.17578125,-0.29296875
5584,1.19140625,1.15234375,-0.09765625,-0.244140625
5585,1.201171875,1.103515625,-0.341796875,-0.283203125
5586,1.162109375,1.2109375,-0.29296875,-0.302734375
5587,1.259765625,1.201171875,-0.29296875,-0.3125
5588,1.19140625,1.11328125,-0.322265625,-0.25390625
5589,1.240234375,1.1328125,-0.37109375,-0.322265625
5590,1.142578125,1.083984375,-0.3125,-0.3125
5591,1.103515625,1.123046875,-0.283203125,-0.2734375
5592,1.1328125,1.1328125,-0.322265625,-0.2734375
5593,1.25,1.09375,-0.3125,-0.244140625
5594,1.15234375,1.142578125,-0.21484375,-0.234375
5595,1.103515625,1.11328125,-0.322265625,-0.234375
5596,1.328125,1.123046875,-0.205078125,-0.341796875
5597,1.123046875,1.201171875,-0.166015625,-0.21484375
5598,1.11328125,1.15234375,-0.21484375,-0.29296875
5599,1.171875,1.1328125,-0.21484375,-0.224609375
5600,1.162109375,1.07421875,-0.3125,-0.234375
5601,1.11328125,1.103515625,-0.244140625,-0.244140625
5602,1.279296875,1.1328125,-0.25390625,-0.21484375
5603,1.162109375,1.123046875,-0.400390625,-0.25390625
5604,1.123046875,1.171875,-0.419921875,-0.302734375
5605,1.103515625,1.07421875,-0.33203125,-0.1953125
5606,1.162109375,1.19140625,-0.25390625,-0.2734375
5607,1.123046875,1.162109375,-0.263671875,-0.29296875
5608,1.240234375,1.07421875,-0.283203125,-0.25390625
5609,1.171875,1.064453125,-0.322265625,-0.25390625
5610,1.19140625,1.2109375,-0.361328125,-0.400390625
5611,1.142578125,1.201171875,-0.302734375,-0.2734375
5612,1.201171875,1.103515625,-0.2734375,-0.263671875
5613,1.0546875,1.064453125,-0.4296875,-0.244140625
5614,1.162109375,1.07421875,-0.2734375,-0.185546875
5615,1.19140625,1.015625,-0.341796875,-0.17578125
5616,1.07421875,1.11328125,-0.390625,-0.2734375
5617,1.259765625,0.986328125,-0.283203125,-0.3125
5618,1.123046875,1.2109375,-0.37109375,-0.25390625
5619,1.123046875,1.11328125,-0.283203125,-0.234375
5620,1.2109375,1.064453125,-0.283203125,-0.146484375
5621,1.201171875,1.11328125,-0.37109375,-0.263671875
5622,1.171875,1.025390625,-0.33203125,-0.33203125
5623,1.19140625,1.1328125,-0.33203125,-0.546875
5624,1.083984375,1.298828125,-0.322265625,-0.224609375
5625,1.123046875,1.171875,-0.234375,-0.25390625
5626,1.083984375,1.162109375,-0.3125,-0.205078125
5627,1.1328125,1.171875,-0.3515625,-0.37109375
5628,1.171875,0.859375,-0.3515625,-0.3125
5629,1.318359375,1.1328125,-0.322265625,-0.419921875
5630,1.11328125,1.162109375,-0.3515625,-0.263671875
5631,1.2109375,1.220703125,-0.37109375,-0.2734375
5632,1.171875,1.123046875,-0.302734375,-0.25390625
5633,1.064453125,1.15234375,-0.390625,-0.302734375
5634,1.171875,1.044921875,-0.41015625,-0.380859375
5635,1.181640625,1.1328125,-0.37109375,-0.224609375
5636,1.07421875,1.15234375,-0.33203125,-0.205078125
5637,1.201171875,1.1328125,-0.283203125,-0.263671875
5638,1.123046875,1.123046875,-0.3515625,-0.3125
5639,1.123046875,1.1328125,-0.3515625,-0.17578125
5640,1.220703125,1.23046875,-0.302734375,-0.263671875
5641,1.259765625,1.201171875,-0.322265625,-0.3515625
5642,1.259765625,1.103515625,-0.37109375,-0.205078125
5643,1.11328125,1.15234375,-0.263671875,-0.21484375
5644,1.11328125,1.162109375,-0.2734375,-0.3125
5645,1.03515625,1.03515625,-0.25390625,-0.3125
5646,1.07421875,1.09375,-0.3125,-0.25390625
5647,1.123046875,1.15234375,-0.2734375,-0.341796875
5648,1.1328125,1.103515625,-0.205078125,-0.166015625
5649,1.15234375,1.123046875,-0.25390625,-0.3125
5650,1.1328125,1.162109375,-0.33203125,-0.25390625
5651,1.2109375,1.123046875,-0.21484375,-0.302734375
5652,1.171875,1.15234375,-0.3125,-0.29296875
5653,1.15234375,1.142578125,-0.25390625,-0.1953125
5654,1.171875,1.19140625,-0.185546875,-0.33203125
5655,1.162109375,1.19140625,-0.234375,-0.3125
5656,1.220703125,1.15234375,-0.263671875,-0.17578125
5657,1.240234375,1.0546875,-0.21484375,-0.244140625
5658,1.298828125,1.142578125,-0.302734375,-0.29296875
5659,1.220703125,1.15234375,-0.2734375,-0.263671875
5660,1.259765625,1.083984375,-0.224609375,-0.029296875
5661,1.142578125,1.26953125,-0.1171875,-0.1953125
5662,1.19140625,1.11328125,-0.244140625,-0.263671875
5663,1.259765625,1.1328125,-0.3125,-0.263671875
5664,1.23046875,1.083984375,-0.185546875,-0.263671875
5665,1.2890625,1.19140625,-0.33203125,-0.05859375
5666,1.30859375,1.083984375,-0.400390625,-0.166015625
5667,1.1328125,1.2109375,-0.478515625,-0.29296875
5668,1.201171875,1.09375,-0.33203125,-0.302734375
5669,1.34765625,1.15234375,-0.283203125,-0.263671875
5670,1.162109375,1.181640625,-0.4296875,-0.29296875
5671,1.23046875,1.11328125,-0.283203125,-0.234375
5672,1.23046875,1.162109375,-0.33203125,-0.078125
5673,1.2109375,1.09375,-0.25390625,-0.29296875
5674,1.298828125,1.103515625,-0.29296875,-0.205078125
5675,1.2109375,1.19140625,-0.322265625,-0.2734375
5676,1.240234375,1.181640625,-0.361328125,-0.400390625
5677,1.083984375,1.26953125,-0.234375,-0.185546875
5678,1.181640625,1.171875,-0.29296875,-0.29296875
5679,1.220703125,1.201171875,-0.263671875,-0.2734375
5680,1.2109375,1.259765625,-0.263671875,-0.33203125
5681,1.259765625,1.171875,-0.283203125,-0.29296875
5682,1.23046875,1.25,-0.3515625,-0.341796875
5683,1.2109375,1.07421875,-0.341796875,-0.380859375
5684,1.15234375,1.181640625,-0.283203125,-0.283203125
5685,1.318359375,1.1328125,-0.3515625,-0.33203125
5686,1.123046875,1.181640625,-0.244140625,-0.3515625
5687,1.09375,1.181640625,-0.361328125,-0.224609375
5688,1.259765625,1.162109375,-0.341796875,-0.263671875
5689,1.26953125,1.19140625,-0.302734375,-0.361328125
5690,1.044921875,1.181640625,-0.302734375,-0.33203125
5691,1.220703125,1.259765625,-0.263671875,-0.3125
5692,1.15234375,1.142578125,-0.185546875,-0.234375
5693,1.23046875,1.181640625,-0.283203125,-0.44921875
5694,1.11328125,1.30859375,-0.2734375,-0.263671875
5695,1.103515625,1.162109375,-0.224609375,-0.234375
5696,1.181640625,1.2109375,-0.17578125,-0.1953125
5697,1.2109375,1.259765625,-0.224609375,-0.09765625
5698,1.279296875,1.1328125,-0.166015625,-0.322265625
5699,1.25,1.240234375,-0.341796875,-0.244140625
5700,1.123046875,1.279296875,-0.37109375,-0.283203125
5701,1.201171875,1.1328125,-0.21484375,-0.341796875
5702,1.318359375,1.171875,-0.322265625,-0.185546875
5703,1.25,1.279296875,-0.400390625,-0.3515625
5704,1.240234375,1.201171875,-0.3515625,-0.283203125
5705,1.19140625,1.15234375,-0.33203125,-0.17578125
5706,1.26953125,1.025390625,-0.400390625,-0.341796875
5707,1.25,1.298828125,-0.234375,-0.25390625
5708,1.259765625,1.1328125,-0.41015625,-0.25390625
5709,1.357421875,1.123046875,-0.3515625,-0.263671875
5710,1.220703125,1.162109375,-0.244140625,-0.302734375
5711,1.259765625,1.09375,-0.244140625,-0.244140625
5712,1.171875,1.19140625,-0.302734375,-0.361328125
5713,1.201171875,1.171875,-0.29296875,-0.1953125
5714,1.30859375,0.986328125,-0.244140625,-0.25390625
5715,1.25,1.142578125,-0.341796875,-0.263671875
5716,1.181640625,1.142578125,-0.25390625,-0.244140625
5717,1.328125,1.259765625,-0.3515625,-0.29296875
5718,1.19140625,1.259765625,-0.224609375,-0.3125
5719,1.19140625,1.142578125,-0.322265625,-0.25390625
5720,1.181640625,1.2109375,-0.263671875,-0.263671875
5721,1.2890625,1.25,-0.244140625,-0.263671875
5722,1.298828125,1.201171875,-0.283203125,-0.341796875
5723,1.162109375,1.103515625,-0.263671875,-0.3515625
5724,1.23046875,1.171875,-0.400390625,-0.361328125
5725,1.19140625,1.15234375,-0.283203125,-0.302734375
5726,1.1328125,1.181640625,-0.419921875,-0.25390625
5727,1.1328125,1.11328125,-0.341796875,-0.380859375
5728,1.15234375,1.171875,-0.263671875,-0.322265625
5729,1.240234375,1.181640625,-0.29296875,-0.234375
5730,1.240234375,1.171875,-0.224609375,-0.361328125
5731,1.171875,1.171875,-0.15625,-0.302734375
5732,1.259765625,1.376953125,-0.3125,-0.21484375
5733,1.1328125,1.25,-0.244140625,-0.341796875
5734,1.142578125,1.142578125,-0.33203125,-0.361328125
5735,1.162109375,1.25,-0.166015625,-0.3515625
5736,1.025390625,1.19140625,-0.341796875,-0.3515625
5737,1.142578125,1.1328125,-0.2734375,-0.29296875
5738,1.11328125,1.181640625,-0.2734375,-0.400390625
5739,1.103515625,1.259765625,-0.263671875,-0.46875
5740,1.064453125,1.259765625,-0.244140625,-0.48828125
5741,1.19140625,0.859375,-0.25390625,-0.361328125
5742,1.23046875,1.19140625,-0.322265625,-0.56640625
5743,1.103515625,1.171875,-0.224609375,-0.400390625
5744,1.25,1.162109375,-0.341796875,-0.478515625
5745,1.220703125,1.171875,-0.3125,-0.52734375
5746,1.25,1.318359375,-0.21484375,-0.419921875
5747,1.19140625,1.298828125,-0.29296875,-0.44921875
5748,1.201171875,1.328125,-0.21484375,-0.380859375
5749,1.181640625,1.171875,-0.224609375,-0.37109375
5750,1.181640625,1.34765625,-0.25390625,-0.3515625
5751,1.2890625,1.26953125,-0.15625,-0.44921875
5752,1.298828125,1.259765625,-0.1953125,-0.439453125
5753,1.15234375,1.2109375,-0.1953125,-0.3515625
5754,1.09375,1.26953125,-0.146484375,-0.400390625
5755,1.11328125,1.279296875,-0.283203125,-0.41015625
5756,1.171875,1.19140625,-0.15625,-0.390625
5757,1.162109375,1.171875,-0.322265625,-0.341796875
5758,1.181640625,1.337890625,-0.234375,-0.458984375
5759,1.19140625,1.298828125,-0.21484375,-0.439453125
5760,1.240234375,1.26953125,-0.166015625,-0.2734375
5761,1.162109375,1.181640625,-0.166015625,-0.44921875
5762,1.09375,1.26953125,-0.25390625,-0.41015625
5763,1.19140625,1.259765625,-0.283203125,-0.46875
5764,1.123046875,1.259765625,-0.185546875,-0.341796875
5765,1.162109375,1.19140625,-0.15625,-0.33203125
5766,1.103515625,1.171875,-0.234375,-0.33203125
5767,1.318359375,1.19140625,-0.21484375,-0.3515625
5768,1.25,1.25,-0.263671875,-0.380859375
5769,1.220703125,1.181640625,-0.361328125,-0.244140625
5770,1.240234375,1.240234375,-0.263671875,-0.380859375
5771,1.201171875,1.201171875,-0.302734375,-0.380859375
5772,1.181640625,1.23046875,-0.244140625,-0.361328125
5773,1.23046875,1.279296875,-0.1953125,-0.41015625
5774,1.25,1.2890625,-0.146484375,-0.419921875
5775,1.162109375,1.240234375,-0.244140625,-0.2734375
5776,1.30859375,1.201171875,-0.263671875,-0.390625
5777,1.23046875,1.23046875,-0.107421875,-0.46875
5778,1.142578125,1.26953125,-0.3515625,-0.380859375
5779,1.201171875,1.201171875,-0.263671875,-0.400390625
5780,1.23046875,1.25,-0.322265625,-0.439453125
5781,1.1328125,1.201171875,-0.185546875,-0.37109375
5782,1.103515625,1.25,-0.25390625,-0.419921875
5783,1.11328125,1.279296875,-0.3125,-0.322265625
5784,1.1328125,1.23046875,-0.234375,-0.3515625
5785,1.1328125,1.142578125,-0.244140625,-0.21484375
5786,1.23046875,1.259765625,-0.2734375,-0.419921875
5787,1.181640625,1.19140625,-0.205078125,-0.361328125
5788,1.171875,1.1328125,-0.322265625,-0.41015625
5789,1.171875,1.19140625,-0.283203125,-0.419921875
5790,1.044921875,1.240234375,-0.33203125,-0.302734375
5791,1.15234375,1.19140625,-0.322265625,-0.341796875
5792,1.240234375,1.142578125,-0.185546875,-0.33203125
5793,1.19140625,1.15234375,-0.1953125,-0.478515625
5794,1.171875,1.240234375,-0.3125,-0.380859375
5795,1.15234375,1.1328125,-0.263671875,-0.33203125
5796,1.240234375,0.9765625,-0.205078125,-0.419921875
5797,1.259765625,1.171875,-0.2734375,-0.380859375
5798,1.19140625,1.2890625,-0.244140625,-0.361328125
5799,1.240234375,1.2109375,-0.322265625,-0.390625
5800,1.259765625,1.201171875,-0.283203125,-0.33203125
5801,1.25,1.25,-0.234375,-0.341796875
5802,1.162109375,1.171875,-0.29296875,-0.41015625
5803,1.279296875,1.201171875,-0.25390625,-0.3515625
5804,1.15234375,1.162109375,-0.302734375,-0.4296875
5805,1.259765625,1.162109375,-0.29296875,-0.3515625
5806,1.15234375,1.25,-0.244140625,-0.33203125
5807,1.337890625,1.171875,-0.29296875,-0.419921875
5808,1.142578125,1.09375,-0.2734375,-0.2734375
5809,1.064453125,1.123046875,-0.234375,-0.341796875
5810,1.162109375,1.15234375,-0.1953125,-0.380859375
5811,1.1328125,1.123046875,-0.234375,-0.341796875
5812,1.220703125,1.142578125,-0.13671875,-0.3125
5813,1.15234375,1.09375,-0.283203125,-0.44921875
5814,1.171875,1.19140625,-0.107421875,-0.33203125
5815,1.30859375,1.19140625,-0.25390625,-0.400390625
5816,1.181640625,1.220703125,-0.25390625,-0.380859375
5817,1.15234375,1.07421875,-0.29296875,-0.361328125
5818,1.259765625,1.15234375,-0.263671875,-0.390625
5819,1.279296875,1.201171875,-0.283203125,-0.44921875
5820,1.201171875,0.966796875,-0.15625,-0.302734375
5821,1.328125,1.1328125,-0.166015625,-0.4296875
5822,1.201171875,1.07421875,-0.1953125,-0.419921875
5823,1.162109375,1.123046875,-0.21484375,-0.283203125
5824,1.162109375,1.103515625,-0.185546875,-0.458984375
5825,1.171875,1.2890625,-0.224609375,-0.390625
5826,1.201171875,1.09375,-0.341796875,-0.478515625
5827,1.171875,1.162109375,-0.166015625,-0.478515625
5828,1.005859375,1.11328125,-0.25390625,-0.33203125
5829,1.1328125,1.15234375,-0.263671875,-0.44921875
5830,1.1328125,1.123046875,-0.205078125,-0.3515625
5831,1.103515625,1.083984375,-0.21484375,-0.390625
5832,1.15234375,1.2109375,-0.2734375,-0.439453125
5833,1.162109375,1.19140625,-0.224609375,-0.419921875
5834,1.171875,1.09375,-0.283203125,-0.37109375
5835,1.201171875,1.162109375,-0.087890625,-0.4296875
5836,1.259765625,1.15234375,-0.234375,-0.380859375
5837,1.30859375,1.171875,-0.33203125,-0.380859375
5838,1.2109375,1.15234375,-0.29296875,-0.3515625
5839,1.25,0.966796875,-0.302734375,-0.33203125
5840,1.181640625,1.19140625,-0.263671875,-0.400390625
5841,1.220703125,1.171875,-0.15625,-0.380859375
5842,1.171875,1.181640625,-0.29296875,-0.283203125
5843,1.201171875,1.11328125,-0.1953125,-0.390625
5844,1.1328125,1.23046875,-0.205078125,-0.4296875
5845,1.162109375,1.142578125,-0.224609375,-0.263671875
5846,1.181640625,1.240234375,-0.224609375,-0.390625
5847,1.23046875,1.181640625,-0.09765625,-0.361328125
5848,1.123046875,1.03515625,-0.234375,-0.439453125
5849,1.23046875,1.2109375,-0.1171875,-0.37109375
5850,1.23046875,1.07421875,-0.244140625,-0.419921875
5851,1.25,1.19140625,-0.21484375,-0.52734375
5852,1.328125,1.318359375,-0.224609375,-0.400390625
5853,1.220703125,1.376953125,-0.107421875,-0.380859375
5854,1.044921875,1.162109375,-0.3125,-0.390625
5855,1.07421875,1.1328125,-0.13671875,-0.302734375
5856,1.181640625,1.1328125,-0.1171875,-0.48828125
5857,1.26953125,1.240234375,-0.234375,-0.3125
5858,1.279296875,1.220703125,-0.244140625,-0.498046875
5859,1.201171875,1.19140625,-0.25390625,-0.4296875
5860,1.123046875,1.044921875,-0.126953125,-0.33203125
5861,1.123046875,1.11328125,-0.224609375,-0.458984375
5862,1.220703125,1.220703125,-0.166015625,-0.361328125
5863,1.162109375,1.181640625,-0.29296875,-0.361328125
5864,1.103515625,1.181640625,-0.244140625,-0.29296875
5865,1.201171875,1.171875,-0.224609375,-0.37109375
5866,1.30859375,1.171875,-0.09765625,-0.33203125
5867,1.11328125,1.220703125,-0.17578125,-0.478515625
5868,1.171875,1.396484375,-0.29296875,-0.390625
5869,1.123046875,1.2890625,-0.166015625,-0.48828125
5870,1.25,1.181640625,-0.224609375,-0.380859375
5871,1.162109375,1.220703125,-0.224609375,-0.439453125
5872,1.279296875,1.083984375,-0.1953125,-0.33203125
5873,1.09375,1.181640625,-0.263671875,-0.41015625
5874,1.25,1.083984375,-0.25390625,-0.3515625
5875,1.26953125,1.03515625,-0.21484375,-0.33203125
5876,1.103515625,1.1328125,-0.322265625,-0.439453125
5877,1.259765625,1.23046875,-0.126953125,-0.48828125
5878,1.240234375,1.03515625,-0.185546875,-0.400390625
5879,1.15234375,1.181640625,-0.205078125,-0.46875
5880,1.2890625,1.2109375,-0.1953125,-0.46875
5881,1.23046875,1.240234375,-0.17578125,-0.5078125
5882,1.142578125,1.181640625,-0.25390625,-0.4296875
5883,1.162109375,1.064453125,-0.25390625,-0.37109375
5884,1.240234375,1.15234375,-0.185546875,-0.478515625
5885,1.23046875,1.201171875,-0.263671875,-0.537109375
5886,1.11328125,1.0546875,-0.126953125,-0.400390625
5887,1.23046875,1.171875,-0.244140625,-0.458984375
5888,1.162109375,1.083984375,-0.2734375,-0.3125
5889,1.23046875,1.064453125,-0.341796875,-0.3125
5890,1.2109375,1.123046875,-0.05859375,-0.33203125
5891,1.26953125,1.103515625,-0.234375,-0.380859375
5892,1.2109375,1.103515625,-0.17578125,-0.15625
5893,1.25,1.123046875,-0.302734375,-0.283203125
5894,1.259765625,1.064453125,-0.17578125,-0.41015625
5895,1.23046875,1.083984375,-0.17578125,-0.361328125
5896,1.240234375,1.298828125,-0.17578125,-0.390625
5897,1.25,1.123046875,-0.234375,-0.380859375
5898,1.2109375,1.03515625,-0.283203125,-0.37109375
5899,1.2890625,1.25,-0.29296875,-0.302734375
5900,1.25,1.15234375,-0.1953125,-0.400390625
5901,1.318359375,1.083984375,-0.234375,-0.322265625
5902,1.259765625,1.259765625,-0.087890625,-0.3515625
5903,1.240234375,1.15234375,-0.205078125,-0.419921875
5904,1.25,1.1328125,-0.234375,-0.33203125
5905,1.201171875,1.103515625,-0.21484375,-0.3125
5906,1.318359375,1.181640625,-0.17578125,-0.400390625
5907,1.220703125,1.142578125,-0.224609375,-0.419921875
5908,1.328125,1.162109375,-0.166015625,-0.361328125
5909,1.220703125,1.142578125,-0.146484375,-0.302734375
5910,1.23046875,1.201171875,-0.234375,-0.283203125
5911,1.1328125,1.181640625,-0.15625,-0.3515625
5912,1.23046875,1.123046875,-0.146484375,-0.3125
5913,1.240234375,1.044921875,-0.15625,-0.29296875
5914,1.30859375,1.259765625,-0.126953125,-0.48828125
5915,1.25,1.201171875,-0.224609375,-0.37109375
5916,1.26953125,1.171875,-0.15625,-0.302734375
5917,1.181640625,1.015625,-0.21484375,-0.419921875
5918,1.34765625,1.259765625,-0.205078125,-0.390625
5919,1.064453125,1.07421875,-0.3125,-0.400390625
5920,1.181640625,1.1328125,-0.1171875,-0.361328125
5921,1.3671875,1.171875,-0.302734375,-0.380859375
5922,1.4453125,1.201171875,-0.166015625,-0.380859375
5923,1.279296875,1.181640625,-0.205078125,-0.29296875
5924,1.2890625,1.19140625,-0.166015625,-0.37109375
5925,1.318359375,1.181640625,-0.224609375,-0.2734375
5926,1.25,1.298828125,-0.205078125,-0.390625
5927,1.25,1.19140625,-0.1171875,-0.322265625
5928,1.2109375,1.19140625,-0.25390625,-0.37109375
5929,1.26953125,1.26953125,-0.263671875,-0.341796875
5930,1.38671875,1.298828125,-0.25390625,-0.283203125
5931,1.376953125,1.23046875,-0.3125,-0.33203125
5932,1.328125,1.220703125,-0.302734375,-0.37109375
5933,1.240234375,1.181640625,-0.3125,-0.390625
5934,1.30859375,1.142578125,-0.234375,-0.380859375
5935,1.142578125,1.15234375,-0.3125,-0.341796875
5936,1.142578125,1.1328125,-0.234375,-0.2734375
5937,1.181640625,1.201171875,-0.25390625,-0.361328125
5938,1.328125,1.11328125,-0.41015625,-0.419921875
5939,1.25,1.0546875,-0.17578125,-0.3515625
5940,1.171875,1.123046875,-0.283203125,-0.48828125
5941,1.23046875,1.19140625,-0.126953125,-0.37109375
5942,1.162109375,1.181640625,-0.15625,-0.400390625
5943,1.171875,1.142578125,-0.146484375,-0.37109375
5944,1.259765625,1.19140625,-0.25390625,-0.37109375
5945,1.298828125,1.123046875,-0.107421875,-0.37109375
5946,1.123046875,1.23046875,-0.205078125,-0.205078125
5947,1.2890625,1.09375,-0.1953125,-0.283203125
5948,1.23046875,1.11328125,-0.185546875,-0.37109375
5949,1.220703125,1.19140625,-0.17578125,-0.41015625
5950,1.328125,1.07421875,-0.1953125,-0.3125
5951,1.201171875,1.162109375,-0.185546875,-0.4296875
5952,1.26953125,1.171875,-0.25390625,-0.33203125
5953,1.2890625,1.103515625,-0.224609375,-0.37109375
5954,1.25,1.19140625,-0.13671875,-0.341796875
5955,1.11328125,1.1328125,-0.1171875,-0.400390625
5956,1.2109375,1.1328125,-0.322265625,-0.3515625
5957,1.2109375,1.220703125,-0.17578125,-0.322265625
5958,1.23046875,1.083984375,-0.21484375,-0.244140625
5959,1.42578125,1.15234375,-0.205078125,-0.3515625
5960,1.30859375,1.123046875,-0.234375,-0.380859375
5961,1.064453125,1.11328125,-0.244140625,-0.322265625
5962,1.162109375,1.19140625,-0.283203125,-0.419921875
5963,1.162109375,1.123046875,-0.263671875,-0.3515625
5964,1.123046875,1.181640625,-0.244140625,-0.458984375
5965,1.142578125,1.09375,-0.0390625,-0.380859375
5966,1.09375,1.123046875,-0.185546875,-0.4296875
5967,1.123046875,1.15234375,-0.205078125,-0.283203125
5968,1.25,1.15234375,-0.146484375,-0.400390625
5969,1.19140625,0.99609375,-0.1953125,-0.361328125
5970,1.162109375,1.103515625,-0.224609375,-0.44921875
5971,1.064453125,1.123046875,-0.166015625,-0.390625
5972,1.142578125,1.23046875,-0.087890625,-0.4296875
5973,1.142578125,1.23046875,-0.09765625,-0.439453125
5974,1.03515625,1.123046875,-0.263671875,-0.283203125
5975,1.15234375,1.279296875,-0.13671875,-0.25390625
5976,1.2109375,1.015625,-0.17578125,-0.33203125
5977,1.298828125,1.181640625,-0.283203125,-0.2734375
5978,1.064453125,1.11328125,-0.322265625,-0.283203125
5979,1.181640625,1.03515625,-0.17578125,-0.37109375
5980,1.064453125,1.044921875,-0.263671875,-0.283203125
5981,1.201171875,0.908203125,-0.205078125,-0.166015625
5982,1.23046875,1.142578125,-0.341796875,-0.3125
5983,1.15234375,1.0546875,-0.166015625,-0.37109375
5984,1.171875,0.947265625,-0.224609375,-0.3515625
5985,1.123046875,1.09375,-0.205078125,-0.29296875
5986,1.19140625,1.103515625,-0.263671875,-0.33203125
5987,1.083984375,1.11328125,-0.17578125,-0.33203125
5988,1.240234375,1.19140625,-0.21484375,-0.234375
5989,1.25,1.123046875,-0.244140625,-0.3515625
5990,1.259765625,0.9765625,-0.17578125,-0.361328125
5991,1.083984375,1.181640625,-0.234375,-0.390625
5992,1.181640625,1.0546875,-0.09765625,-0.146484375
5993,1.240234375,1.279296875,-0.322265625,-0.3125
5994,1.25,1.07421875,-0.224609375,-0.263671875
5995,1.23046875,1.07421875,-0.244140625,-0.322265625
5996,1.142578125,0.927734375,-0.2734375,-0.25390625
5997,1.1328125,1.2109375,-0.263671875,-0.33203125
5998,1.30859375,1.11328125,-0.302734375,-0.322265625
5999,1.171875,1.181640625,-0.185546875,-0.283203125
6000,1.259765625,0.9375,-0.1953125,-0.244140625
6001,1.23046875,1.123046875,-0.1953125,-0.29296875
6002,1.15234375,1.11328125,-0.390625,-0.341796875
6003,1.162109375,1.123046875,-0.185546875,-0.302734375
6004,1.142578125,1.123046875,-0.29296875,-0.2734375
6005,0.986328125,1.083984375,-0.166015625,-0.3125
6006,1.181640625,1.03515625,-0.283203125,-0.283203125
6007,1.103515625,1.103515625,-0.263671875,-0.380859375
6008,1.123046875,1.1328125,-0.29296875,-0.400390625
6009,1.123046875,1.09375,-0.205078125,-0.322265625
6010,1.181640625,1.1328125,-0.283203125,-0.25390625
6011,1.201171875,1.15234375,-0.185546875,-0.25390625
6012,1.1328125,1.123046875,-0.263671875,-0.185546875
6013,1.15234375,1.15234375,-0.205078125,-0.322265625
6014,1.103515625,1.171875,-0.283203125,-0.29296875
6015,1.181640625,1.103515625,-0.185546875,-0.25390625
6016,1.201171875,1.083984375,-0.263671875,-0.302734375
6017,1.181640625,1.07421875,-0.25390625,-0.244140625
6018,1.162109375,1.044921875,-0.302734375,-0.224609375
6019,1.201171875,1.142578125,-0.234375,-0.25390625
6020,1.30859375,1.103515625,-0.283203125,-0.166015625
6021,1.162109375,1.15234375,-0.205078125,-0.263671875
6022,1.1328125,1.15234375,-0.205078125,-0.21484375
6023,1.15234375,1.1328125,-0.2734375,-0.21484375
6024,1.162109375,1.171875,-0.341796875,-0.185546875
6025,1.181640625,1.123046875,-0.3125,-0.234375
6026,1.123046875,1.15234375,-0.33203125,-0.13671875
6027,1.123046875,1.19140625,-0.400390625,-0.205078125
6028,1.162109375,1.064453125,-0.234375,-0.21484375
6029,1.2109375,1.171875,-0.185546875,-0.263671875
6030,1.15234375,1.15234375,-0.244140625,-0.283203125
6031,1.11328125,1.171875,-0.1953125,-0.25390625
6032,1.181640625,1.15234375,-0.234375,-0.21484375
6033,1.142578125,0.947265625,-0.244140625,-0.263671875
6034,1.03515625,1.181640625,-0.234375,-0.17578125
6035,1.103515625,1.162109375,-0.3125,-0.244140625
6036,0.927734375,1.201171875,-0.341796875,-0.33203125
6037,1.11328125,1.279296875,-0.224609375,-0.224609375
6038,1.015625,1.19140625,-0.29296875,-0.283203125
6039,1.171875,1.11328125,-0.185546875,-0.283203125
6040,1.03515625,1.0546875,-0.361328125,-0.283203125
6041,1.259765625,1.07421875,-0.234375,-0.244140625
6042,1.240234375,1.142578125,-0.439453125,-0.361328125
6043,1.1328125,0.99609375,-0.3515625,-0.29296875
6044,1.103515625,1.220703125,-0.263671875,-0.283203125
6045,1.11328125,1.083984375,-0.2734375,-0.2734375
6046,1.142578125,1.025390625,-0.361328125,-0.302734375
6047,1.015625,1.083984375,-0.400390625,-0.1953125
6048,1.123046875,1.201171875,-0.33203125,-0.25390625
6049,1.171875,1.15234375,-0.37109375,-0.25390625
6050,1.15234375,1.064453125,-0.37109375,-0.234375
6051,1.015625,1.162109375,-0.17578125,-0.224609375
6052,1.1328125,1.064453125,-0.341796875,-0.341796875
6053,1.083984375,1.259765625,-0.25390625,-0.263671875
6054,1.123046875,1.11328125,-0.3125,-0.2734375
6055,1.1328125,1.142578125,-0.3125,-0.263671875
6056,1.11328125,1.103515625,-0.302734375,-0.283203125
6057,1.1328125,1.19140625,-0.37109375,-0.3125
6058,1.15234375,1.1328125,-0.400390625,-0.244140625
6059,1.11328125,1.1328125,-0.33203125,-0.2734375
6060,1.0546875,1.162109375,-0.361328125,-0.2734375
6061,1.19140625,1.19140625,-0.302734375,-0.3515625
6062,1.103515625,1.15234375,-0.2734375,-0.185546875
6063,1.064453125,1.181640625,-0.400390625,-0.37109375
6064,1.162109375,1.123046875,-0.224609375,-0.341796875
6065,0.99609375,1.2890625,-0.4296875,-0.341796875
6066,1.15234375,1.171875,-0.3125,-0.224609375
6067,1.23046875,1.328125,-0.263671875,-0.390625
6068,1.123046875,1.142578125,-0.263671875,-0.361328125
6069,1.142578125,0.95703125,-0.244140625,-0.29296875
6070,1.15234375,1.083984375,-0.2734375,-0.341796875
6071,1.044921875,1.15234375,-0.25390625,-0.302734375
6072,1.103515625,1.171875,-0.341796875,-0.263671875
6073,1.171875,1.103515625,-0.37109375,-0.380859375
6074,1.15234375,1.11328125,-0.29296875,-0.234375
6075,1.171875,1.083984375,-0.33203125,-0.224609375
6076,1.11328125,1.171875,-0.29296875,-0.25390625
6077,1.083984375,0.966796875,-0.302734375,-0.1953125
6078,1.181640625,1.162109375,-0.263671875,-0.25390625
6079,1.162109375,1.103515625,-0.263671875,-0.302734375
6080,1.11328125,1.171875,-0.205078125,-0.224609375
6081,1.142578125,1.171875,-0.185546875,-0.341796875
6082,1.23046875,1.171875,-0.302734375,-0.283203125
6083,1.142578125,1.15234375,-0.185546875,-0.263671875
6084,1.181640625,1.181640625,-0.29296875,-0.41015625
6085,1.23046875,1.142578125,-0.341796875,-0.263671875
6086,1.298828125,1.2109375,-0.341796875,-0.37109375
6087,1.279296875,1.162109375,-0.341796875,-0.234375
6088,1.26953125,1.2109375,-0.244140625,-0.3515625
6089,1.181640625,1.09375,-0.234375,-0.17578125
6090,1.26953125,1.19140625,-0.25390625,-0.224609375
6091,1.259765625,0.99609375,-0.224609375,-0.341796875
6092,1.357421875,1.0546875,-0.361328125,-0.283203125
6093,1.1328125,1.162109375,-0.29296875,-0.185546875
6094,1.25,1.240234375,-0.205078125,-0.302734375
6095,1.03515625,1.201171875,-0.37109375,-0.283203125
6096,1.201171875,1.064453125,-0.361328125,-0.1953125
6097,1.240234375,1.083984375,-0.25390625,-0.1953125
6098,1.2109375,0.9765625,-0.302734375,-0.283203125
6099,1.103515625,1.123046875,-0.33203125,-0.2734375
6100,1.181640625,1.123046875,-0.33203125,-0.263671875
6101,1.171875,0.888671875,-0.302734375,-0.322265625
6102,1.0546875,1.15234375,-0.341796875,-0.2734375
6103,1.23046875,1.181640625,-0.25390625,-0.244140625
6104,1.25,1.005859375,-0.185546875,-0.1953125
6105,1.220703125,1.15234375,-0.25390625,-0.283203125
6106,1.2890625,1.19140625,-0.244140625,-0.302734375
6107,1.23046875,1.26953125,-0.3125,-0.283203125
6108,1.0546875,1.171875,-0.244140625,-0.2734375
6109,1.181640625,1.2109375,-0.400390625,-0.146484375
6110,1.15234375,1.07421875,-0.283203125,-0.224609375
6111,1.23046875,1.1328125,-0.283203125,-0.224609375
6112,1.298828125,1.142578125,-0.224609375,-0.263671875
6113,1.240234375,1.171875,-0.400390625,-0.283203125
6114,1.25,1.181640625,-0.322265625,-0.380859375
6115,1.2109375,1.201171875,-0.322265625,-0.322265625
6116,1.15234375,1.15234375,-0.341796875,-0.341796875
6117,1.15234375,1.1328125,-0.33203125,-0.224609375
6118,1.2109375,1.03515625,-0.185546875,-0.205078125
6119,1.240234375,1.015625,-0.302734375,-0.361328125
6120,1.142578125,1.1328125,-0.1953125,-0.244140625
6121,1.064453125,1.1328125,-0.3515625,-0.380859375
6122,1.25,1.220703125,-0.263671875,-0.2734375
6123,1.181640625,1.19140625,-0.25390625,-0.3125
6124,1.1328125,1.11328125,-0.439453125,-0.29296875
6125,1.201171875,1.1328125,-0.361328125,-0.2734375
6126,1.298828125,1.201171875,-0.302734375,-0.205078125
6127,1.298828125,1.171875,-0.29296875,-0.322265625
6128,1.201171875,1.15234375,-0.33203125,-0.263671875
6129,1.279296875,1.171875,-0.3515625,-0.263671875
6130,1.1328125,1.1328125,-0.361328125,-0.29296875
6131,1.19140625,1.15234375,-0.341796875,-0.244140625
6132,1.25,1.19140625,-0.41015625,-0.29296875
6133,1.103515625,1.19140625,-0.341796875,-0.29296875
6134,1.240234375,1.171875,-0.52734375,-0.244140625
6135,1.279296875,1.19140625,-0.263671875,-0.37109375
6136,1.171875,1.201171875,-0.400390625,-0.283203125
6137,1.259765625,1.142578125,-0.15625,-0.25390625
6138,1.279296875,1.064453125,-0.244140625,-0.341796875
6139,1.083984375,1.11328125,-0.25390625,-0.2734375
6140,1.171875,1.103515625,-0.234375,-0.380859375
6141,1.23046875,1.201171875,-0.2734375,-0.322265625
6142,1.23046875,1.07421875,-0.380859375,-0.3515625
6143,1.19140625,1.201171875,-0.302734375,-0.21484375
6144,1.15234375,1.162109375,-0.322265625,-0.380859375
6145,1.11328125,1.181640625,-0.302734375,-0.21484375
6146,1.201171875,1.19140625,-0.400390625,-0.33203125
6147,1.09375,1.171875,-0.3515625,-0.33203125
6148,1.181640625,1.09375,-0.234375,-0.302734375
6149,1.201171875,1.123046875,-0.078125,-0.21484375
6150,1.2109375,1.220703125,-0.302734375,-0.2734375
6151,1.09375,1.181640625,-0.2734375,-0.33203125
6152,1.103515625,1.26953125,-0.29296875,-0.224609375
6153,1.15234375,1.162109375,-0.263671875,-0.390625
6154,1.25,1.26953125,-0.146484375,-0.234375
6155,1.103515625,1.201171875,-0.25390625,-0.302734375
6156,1.181640625,1.298828125,-0.234375,-0.185546875
6157,1.083984375,1.220703125,-0.25390625,-0.166015625
6158,1.240234375,1.435546875,-0.2734375,-0.341796875
6159,1.2109375,1.064453125,-0.263671875,-0.2734375
6160,1.240234375,1.26953125,-0.2734375,-0.41015625
6161,1.15234375,1.259765625,-0.3125,-0.37109375
6162,1.123046875,1.318359375,-0.33203125,-0.302734375
6163,1.328125,1.162109375,-0.21484375,-0.439453125
6164,1.201171875,1.025390625,-0.41015625,-0.37109375
6165,1.259765625,1.23046875,-0.166015625,-0.322265625
6166,1.1328125,1.19140625,-0.21484375,-0.25390625
6167,1.162109375,1.240234375,-0.185546875,-0.3515625
6168,1.162109375,1.11328125,-0.185546875,-0.3515625
6169,1.142578125,1.044921875,-0.3125,-0.439453125
6170,1.1328125,1.1328125,-0.3125,-0.3125
6171,1.123046875,1.11328125,-0.185546875,-0.44921875
6172,1.103515625,1.162109375,-0.15625,-0.4296875
6173,1.123046875,1.23046875,-0.21484375,-0.29296875
6174,1.11328125,1.03515625,-0.302734375,-0.361328125
6175,1.09375,1.1328125,-0.224609375,-0.361328125
6176,1.142578125,1.240234375,-0.48828125,-0.380859375
6177,1.201171875,1.2109375,-0.341796875,-0.37109375
6178,1.162109375,1.19140625,-0.25390625,-0.46875
6179,1.0546875,1.23046875,-0.2734375,-0.3515625
6180,1.181640625,1.2109375,-0.3515625,-0.390625
6181,1.07421875,1.2890625,-0.263671875,-0.390625
6182,1.19140625,1.15234375,-0.283203125,-0.400390625
6183,1.240234375,1.279296875,-0.263671875,-0.400390625
6184,1.181640625,1.25,-0.244140625,-0.4296875
6185,1.083984375,1.279296875,-0.185546875,-0.41015625
6186,1.123046875,1.2109375,-0.3515625,-0.3515625
6187,1.142578125,1.240234375,-0.390625,-0.283203125
6188,1.171875,1.220703125,-0.3125,-0.439453125
6189,1.1328125,1.19140625,-0.400390625,-0.498046875
6190,1.19140625,1.25,-0.244140625,-0.224609375
6191,1.142578125,1.240234375,-0.302734375,-0.3515625
6192,1.142578125,1.19140625,-0.048828125,-0.400390625
6193,1.25,1.23046875,-0.2734375,-0.41015625
6194,1.11328125,1.240234375,-0.234375,-0.361328125
6195,1.103515625,1.23046875,-0.224609375,-0.3125
6196,1.1328125,1.201171875,-0.244140625,-0.439453125
6197,1.103515625,1.2109375,-0.2734375,-0.439453125
6198,1.171875,1.220703125,-0.068359375,-0.46875
6199,1.181640625,1.201171875,-0.25390625,-0.46875
6200,1.083984375,1.23046875,-0.185546875,-0.302734375
6201,1.181640625,1.044921875,-0.3125,-0.400390625
6202,1.318359375,1.279296875,-0.400390625,-0.400390625
6203,1.1328125,1.19140625,-0.302734375,-0.48828125
6204,1.201171875,1.2109375,-0.33203125,-0.439453125
6205,1.23046875,1.240234375,-0.2734375,-0.517578125
6206,1.25,1.09375,-0.244140625,-0.4296875
6207,1.26953125,1.142578125,-0.224609375,-0.361328125
6208,1.1328125,1.201171875,-0.166015625,-0.439453125
6209,1.15234375,1.201171875,-0.2734375,-0.390625
6210,1.171875,1.23046875,-0.29296875,-0.46875
6211,1.123046875,1.11328125,-0.205078125,-0.400390625
6212,1.240234375,1.162109375,-0.33203125,-0.341796875
6213,1.162109375,1.162109375,-0.263671875,-0.341796875
6214,1.07421875,1.220703125,-0.33203125,-0.458984375
6215,1.07421875,1.19140625,-0.3515625,-0.41015625
6216,1.07421875,1.19140625,-0.25390625,-0.498046875
6217,1.142578125,1.337890625,-0.21484375,-0.322265625
6218,1.25,1.19140625,-0.302734375,-0.4296875
6219,1.11328125,1.11328125,-0.29296875,-0.302734375
6220,1.171875,1.171875,-0.361328125,-0.4296875
6221,1.23046875,1.19140625,-0.25390625,-0.498046875
6222,1.142578125,1.1328125,-0.13671875,-0.41015625
6223,1.015625,1.162109375,-0.1953125,-0.341796875
6224,1.279296875,1.162109375,-0.302734375,-0.458984375
6225,1.4453125,1.162109375,-0.302734375,-0.4296875
6226,1.103515625,1.171875,-0.302734375,-0.322265625
6227,1.25,1.25,-0.2734375,-0.33203125
6228,1.201171875,1.005859375,-0.29296875,-0.29296875
6229,1.171875,1.171875,-0.25390625,-0.302734375
6230,1.30859375,1.162109375,-0.21484375,-0.458984375
6231,1.09375,1.09375,-0.29296875,-0.390625
6232,1.2890625,1.171875,-0.263671875,-0.498046875
6233,1.25,1.1328125,-0.302734375,-0.419921875
6234,1.357421875,1.279296875,-0.205078125,-0.2734375
6235,1.259765625,1.15234375,-0.205078125,-0.419921875
6236,1.34765625,1.1328125,-0.322265625,-0.48828125
6237,1.162109375,1.181640625,-0.21484375,-0.33203125
6238,1.2109375,1.201171875,-0.263671875,-0.380859375
6239,1.26953125,1.162109375,-0.25390625,-0.244140625
6240,1.201171875,1.103515625,-0.205078125,-0.390625
6241,1.181640625,1.1328125,-0.244140625,-0.400390625
6242,1.103515625,1.19140625,-0.21484375,-0.3515625
6243,1.181640625,1.220703125,-0.263671875,-0.341796875
6244,1.240234375,1.123046875,-0.166015625,-0.361328125
6245,1.25,1.259765625,-0.302734375,-0.458984375
6246,1.171875,1.162109375,-0.361328125,-0.33203125
6247,1.201171875,1.19140625,-0.17578125,-0.439453125
6248,1.2109375,1.201171875,-0.205078125,-0.46875
6249,1.201171875,1.103515625,-0.234375,-0.439453125
6250,1.1328125,1.23046875,-0.224609375,-0.361328125
6251,1.15234375,1.162109375,-0.17578125,-0.37109375
6252,1.0546875,1.142578125,-0.205078125,-0.41015625
6253,1.142578125,1.15234375,-0.244140625,-0.37109375
6254,1.03515625,1.171875,-0.234375,-0.390625
6255,1.064453125,1.09375,-0.234375,-0.419921875
6256,1.123046875,1.2890625,-0.1953125,-0.46875
6257,1.15234375,1.103515625,-0.224609375,-0.52734375
6258,1.162109375,1.162109375,-0.234375,-0.390625
6259,1.11328125,1.1328125,-0.185546875,-0.33203125
6260,1.15234375,1.2109375,-0.244140625,-0.498046875
6261,1.142578125,1.123046875,-0.3125,-0.390625
6262,1.19140625,1.1328125,-0.283203125,-0.390625
6263,1.0546875,1.11328125,-0.302734375,-0.478515625
6264,1.0546875,1.11328125,-0.322265625,-0.4296875
6265,1.162109375,1.11328125,-0.33203125,-0.4296875
6266,1.240234375,1.142578125,-0.263671875,-0.322265625
6267,1.25,1.09375,-0.263671875,-0.400390625
6268,1.240234375,1.142578125,-0.21484375,-0.3515625
6269,1.162109375,1.142578125,-0.2734375,-0.4296875
6270,1.123046875,1.220703125,-0.21484375,-0.478515625
6271,1.15234375,1.142578125,-0.29296875,-0.37109375
6272,1.162109375,1.103515625,-0.1171875,-0.5078125
6273,1.083984375,1.11328125,-0.263671875,-0.361328125
6274,1.2890625,1.15234375,-0.244140625,-0.439453125
6275,1.181640625,1.11328125,-0.185546875,-0.5078125
6276,1.123046875,1.1328125,-0.224609375,-0.29296875
6277,1.19140625,1.1328125,-0.3125,-0.3515625
6278,1.2109375,1.279296875,-0.17578125,-0.56640625
6279,1.220703125,1.171875,-0.224609375,-0.390625
6280,1.123046875,1.1328125,-0.234375,-0.400390625
6281,1.15234375,1.11328125,-0.25390625,-0.33203125
6282,1.142578125,1.171875,-0.146484375,-0.478515625
6283,1.15234375,1.220703125,-0.1171875,-0.3125
6284,1.123046875,1.09375,-0.380859375,-0.498046875
6285,1.259765625,1.123046875,-0.21484375,-0.625
6286,1.15234375,1.15234375,-0.166015625,-0.322265625
6287,1.19140625,1.103515625,-0.205078125,-0.2734375
6288,1.171875,1.19140625,-0.1171875,-0.458984375
6289,1.103515625,1.181640625,-0.302734375,-0.322265625
6290,1.142578125,1.23046875,-0.1953125,-0.361328125
6291,1.09375,1.1328125,-0.263671875,-0.517578125
6292,1.142578125,1.103515625,-0.234375,-0.439453125
6293,1.123046875,1.083984375,-0.15625,-0.263671875
6294,1.123046875,1.201171875,-0.25390625,-0.33203125
6295,1.279296875,1.03515625,-0.25390625,-0.419921875
6296,1.19140625,1.11328125,-0.1171875,-0.3515625
6297,1.298828125,1.15234375,-0.224609375,-0.380859375
6298,1.1328125,1.103515625,-0.29296875,-0.3515625
6299,1.103515625,1.1328125,-0.224609375,-0.25390625
6300,1.201171875,1.15234375,-0.13671875,-0.283203125
6301,1.23046875,1.15234375,-0.21484375,-0.37109375
6302,1.171875,1.201171875,-0.146484375,-0.361328125
6303,1.171875,1.1328125,-0.146484375,-0.302734375
6304,1.103515625,1.11328125,-0.13671875,-0.341796875
6305,1.19140625,1.162109375,-0.224609375,-0.283203125
6306,1.09375,1.1328125,-0.15625,-0.244140625
6307,1.19140625,1.162109375,-0.21484375,-0.3125
6308,1.142578125,1.171875,-0.029296875,-0.380859375
6309,1.2890625,1.11328125,-0.13671875,-0.380859375
6310,0.95703125,1.123046875,-0.17578125,-0.419921875
6311,1.201171875,1.1328125,-0.05859375,-0.400390625
6312,1.25,1.103515625,-0.205078125,-0.37109375
6313,1.162109375,1.19140625,-0.21484375,-0.400390625
6314,1.15234375,1.0546875,-0.107421875,-0.52734375
6315,1.19140625,1.142578125,-0.21484375,-0.52734375
6316,1.171875,1.15234375,-0.224609375,-0.302734375
6317,1.201171875,1.064453125,-0.048828125,-0.48828125
6318,1.181640625,1.103515625,-0.322265625,-0.52734375
6319,1.0546875,1.103515625,-0.3125,-0.419921875
6320,1.220703125,1.044921875,-0.3125,-0.46875
6321,1.240234375,1.19140625,-0.283203125,-0.380859375
6322,1.181640625,1.044921875,-0.33203125,-0.29296875
6323,1.34765625,1.15234375,-0.234375,-0.322265625
6324,1.2109375,1.298828125,-0.25390625,-0.3125
6325,1.025390625,1.083984375,-0.33203125,-0.33203125
6326,1.162109375,1.0546875,-0.25390625,-0.33203125
6327,1.1328125,1.142578125,-0.234375,-0.458984375
6328,1.142578125,1.19140625,-0.25390625,-0.3515625
6329,1.201171875,1.142578125,-0.13671875,-0.41015625
6330,1.07421875,1.025390625,-0.185546875,-0.361328125
6331,1.044921875,1.005859375,-0.244140625,-0.517578125
6332,1.15234375,1.298828125,-0.234375,-0.3125
6333,1.15234375,0.927734375,-0.224609375,-0.458984375
6334,1.171875,1.11328125,-0.224609375,-0.419921875
6335,1.181640625,1.064453125,-0.205078125,-0.341796875
6336,1.240234375,1.26953125,-0.15625,-0.25390625
6337,1.240234375,1.162109375,-0.185546875,-0.400390625
6338,1.26953125,1.07421875,-0.390625,-0.44921875
6339,1.23046875,0.91796875,-0.29296875,-0.3515625
6340,1.181640625,1.171875,-0.1953125,-0.17578125
6341,1.123046875,1.123046875,-0.1953125,-0.41015625
6342,1.34765625,1.1328125,-0.33203125,-0.400390625
6343,1.25,1.025390625,-0.107421875,-0.478515625
6344,1.171875,1.2109375,-0.1171875,-0.33203125
6345,1.259765625,1.171875,-0.21484375,-0.37109375
6346,1.11328125,1.201171875,-0.25390625,-0.56640625
6347,1.19140625,1.318359375,-0.244140625,-0.380859375
6348,1.259765625,1.25,-0.166015625,-0.33203125
6349,1.220703125,1.162109375,-0.146484375,-0.44921875
6350,1.259765625,0.927734375,-0.244140625,-0.380859375
6351,1.25,1.1328125,-0.25390625,-0.400390625
6352,1.19140625,1.171875,-0.205078125,-0.361328125
6353,1.328125,1.1328125,-0.126953125,-0.33203125
6354,1.279296875,1.15234375,-0.068359375,-0.37109375
6355,1.279296875,1.201171875,-0.205078125,-0.29296875
6356,1.30859375,1.201171875,-0.234375,-0.341796875
6357,1.2890625,1.1328125,-0.263671875,-0.380859375
6358,1.26953125,1.162109375,-0.15625,-0.48828125
6359,1.2890625,1.162109375,-0.283203125,-0.390625
6360,1.328125,1.15234375,-0.234375,-0.37109375
6361,1.26953125,1.11328125,-0.33203125,-0.3125
6362,1.259765625,1.240234375,-0.13671875,-0.341796875
6363,1.2890625,1.11328125,-0.244140625,-0.341796875
6364,1.11328125,1.142578125,-0.224609375,-0.478515625
6365,1.064453125,1.103515625,-0.185546875,-0.361328125
6366,1.1328125,1.23046875,-0.234375,-0.419921875
6367,1.171875,1.09375,-0.29296875,-0.4296875
6368,1.19140625,0.947265625,-0.21484375,-0.33203125
6369,1.171875,1.1328125,-0.17578125,-0.3515625
6370,1.19140625,1.123046875,-0.1953125,-0.419921875
6371,1.11328125,1.240234375,-0.224609375,-0.341796875
6372,1.23046875,1.123046875,-0.302734375,-0.37109375
6373,1.142578125,1.171875,-0.166015625,-0.322265625
6374,1.09375,1.162109375,-0.107421875,-0.3125
6375,1.162109375,1.1328125,-0.166015625,-0.3125
6376,1.162109375,1.171875,-0.05859375,-0.400390625
6377,1.201171875,1.162109375,-0.029296875,-0.390625
6378,1.15234375,1.142578125,-0.185546875,-0.341796875
6379,1.19140625,1.171875,-0.1953125,-0.517578125
6380,1.220703125,1.19140625,-0.224609375,-0.3515625
6381,1.279296875,1.142578125,-0.146484375,-0.21484375
6382,1.26953125,1.162109375,-0.15625,-0.37109375
6383,1.171875,1.09375,-0.078125,-0.380859375
6384,1.171875,1.103515625,-0.068359375,-0.3515625
6385,1.23046875,1.2109375,-0.234375,-0.41015625
6386,1.15234375,1.142578125,-0.166015625,-0.25390625
6387,1.259765625,1.015625,-0.17578125,-0.361328125
6388,1.19140625,1.123046875,-0.2734375,-0.33203125
6389,1.19140625,1.123046875,-0.29296875,-0.302734375
6390,1.23046875,1.181640625,-0.283203125,-0.37109375
6391,1.0546875,1.11328125,-0.224609375,-0.322265625
6392,1.11328125,1.19140625,-0.380859375,-0.48828125
6393,1.220703125,0.99609375,-0.126953125,-0.3515625
6394,1.171875,1.103515625,-0.263671875,-0.341796875
6395,1.123046875,1.03515625,-0.17578125,-0.380859375
6396,1.09375,1.09375,-0.25390625,-0.400390625
6397,1.123046875,1.142578125,-0.087890625,-0.458984375
6398,1.15234375,1.123046875,-0.234375,-0.546875
6399,1.103515625,1.1328125,-0.087890625,-0.400390625
6400,1.142578125,1.064453125,-0.244140625,-0.44921875
6401,1.083984375,1.103515625,-0.2734375,-0.361328125
6402,1.0546875,0.966796875,-0.17578125,-0.41015625
6403,1.09375,1.171875,-0.17578125,-0.478515625
6404,1.123046875,1.025390625,-0.2734375,-0.361328125
6405,1.123046875,1.09375,-0.146484375,-0.390625
6406,1.123046875,1.103515625,-0.2734375,-0.224609375
6407,1.259765625,1.11328125,-0.05859375,-0.322265625
6408,1.19140625,1.181640625,-0.166015625,-0.244140625
6409,1.2109375,1.0546875,-0.17578125,-0.380859375
6410,1.19140625,1.142578125,-0.21484375,-0.224609375
6411,1.083984375,1.015625,-0.224609375,-0.3125
6412,1.171875,1.171875,-0.205078125,-0.341796875
6413,1.181640625,1.123046875,-0.21484375,-0.224609375
6414,1.2109375,1.171875,-0.2734375,-0.263671875
6415,1.220703125,1.103515625,-0.17578125,-0.302734375
6416,1.09375,1.064453125,-0.185546875,-0.302734375
6417,1.171875,1.11328125,-0.1171875,-0.322265625
6418,1.181640625,0.986328125,-0.234375,-0.390625
6419,1.171875,1.03515625,-0.185546875,-0.341796875
6420,1.07421875,1.103515625,-0.2734375,-0.380859375
6421,1.181640625,1.025390625,-0.166015625,-0.302734375
6422,1.2109375,1.0546875,-0.146484375,-0.302734375
6423,1.23046875,1.0546875,-0.146484375,-0.390625
6424,1.201171875,1.15234375,-0.17578125,-0.302734375
6425,1.30859375,1.09375,-0.21484375,-0.224609375
6426,1.09375,1.025390625,-0.302734375,-0.302734375
6427,1.171875,1.103515625,-0.205078125,-0.380859375
6428,1.25,1.025390625,-0.302734375,-0.341796875
6429,1.162109375,1.064453125,-0.263671875,-0.322265625
6430,1.181640625,1.181640625,-0.185546875,-0.3515625
6431,1.123046875,1.162109375,-0.21484375,-0.322265625
6432,1.19140625,1.142578125,-0.234375,-0.37109375
6433,1.171875,1.181640625,-0.244140625,-0.341796875
6434,1.09375,1.123046875,-0.25390625,-0.224609375
6435,1.103515625,1.162109375,-0.3125,-0.29296875
6436,1.123046875,1.181640625,-0.2734375,-0.3515625
6437,1.142578125,1.11328125,-0.2734375,-0.3515625
6438,1.201171875,1.09375,-0.21484375,-0.302734375
6439,1.142578125,1.123046875,-0.244140625,-0.283203125
6440,1.1328125,1.07421875,-0.244140625,-0.3125
6441,1.19140625,1.083984375,-0.244140625,-0.478515625
6442,1.15234375,1.044921875,-0.21484375,-0.302734375
6443,1.181640625,1.171875,-0.2734375,-0.1171875
6444,1.15234375,1.103515625,-0.17578125,-0.29296875
6445,1.1328125,1.07421875,-0.205078125,-0.234375
6446,1.181640625,1.142578125,-0.21484375,-0.29296875
6447,1.240234375,1.220703125,-0.146484375,-0.322265625
6448,1.171875,1.2109375,-0.205078125,-0.263671875
6449,1.123046875,1.2890625,-0.29296875,-0.33203125
6450,1.259765625,1.103515625,-0.09765625,-0.3125
6451,1.181640625,1.162109375,-0.21484375,-0.263671875
6452,0.986328125,0.95703125,-0.205078125,-0.29296875
6453,1.181640625,1.15234375,-0.29296875,-0.126953125
6454,1.142578125,1.015625,-0.15625,-0.234375
6455,1.19140625,1.11328125,-0.205078125,-0.244140625
6456,1.162109375,1.064453125,-0.283203125,-0.185546875
6457,1.123046875,1.15234375,-0.244140625,-0.283203125
6458,1.25,0.91796875,-0.361328125,-0.166015625
6459,1.142578125,1.142578125,-0.400390625,-0.361328125
6460,1.162109375,1.03515625,-0.21484375,-0.17578125
6461,1.103515625,1.09375,-0.234375,-0.25390625
6462,1.15234375,1.15234375,-0.244140625,-0.283203125
6463,1.103515625,1.142578125,-0.3515625,-0.29296875
6464,1.1328125,1.09375,-0.25390625,-0.15625
6465,1.220703125,1.123046875,-0.29296875,-0.25390625
6466,1.0546875,1.005859375,-0.439453125,-0.234375
6467,1.11328125,1.103515625,-0.224609375,-0.1953125
6468,1.23046875,1.103515625,-0.15625,-0.205078125
6469,1.220703125,1.171875,-0.21484375,-0.234375
6470,1.142578125,1.181640625,-0.29296875,-0.1953125
6471,1.15234375,1.11328125,-0.3125,-0.29296875
6472,1.171875,1.201171875,-0.33203125,-0.234375
6473,1.162109375,1.044921875,-0.380859375,-0.17578125
6474,1.07421875,1.09375,-0.3125,-0.302734375
6475,1.181640625,1.015625,-0.244140625,-0.302734375
6476,1.1328125,1.19140625,-0.419921875,-0.25390625
6477,1.1328125,1.103515625,-0.3125,-0.25390625
6478,1.044921875,1.064453125,-0.322265625,-0.283203125
6479,1.2109375,1.03515625,-0.185546875,-0.234375
6480,1.201171875,1.03515625,-0.361328125,-0.390625
6481,1.15234375,1.103515625,-0.2734375,-0.2734375
6482,1.19140625,1.09375,-0.25390625,-0.1953125
6483,1.11328125,1.083984375,-0.33203125,-0.25390625
6484,1.2109375,1.07421875,-0.283203125,-0.224609375
6485,1.025390625,1.2109375,-0.3515625,-0.185546875
6486,1.201171875,1.123046875,-0.3515625,-0.078125
6487,1.142578125,1.044921875,-0.37109375,-0.263671875
6488,1.15234375,1.201171875,-0.41015625,-0.322265625
6489,1.1328125,1.083984375,-0.41015625,-0.283203125
6490,1.123046875,1.103515625,-0.283203125,-0.244140625
6491,1.123046875,1.103515625,-0.302734375,-0.234375
6492,1.181640625,1.123046875,-0.380859375,-0.2734375
6493,1.103515625,1.09375,-0.37109375,-0.244140625
6494,1.11328125,1.162109375,-0.41015625,-0.341796875
6495,1.03515625,1.123046875,-0.3515625,-0.244140625
6496,0.986328125,1.0546875,-0.419921875,-0.17578125
6497,1.19140625,1.25,-0.361328125,-0.234375
6498,1.171875,1.123046875,-0.29296875,-0.25390625
6499,1.15234375,1.123046875,-0.419921875,-0.185546875
6500,1.1328125,1.083984375,-0.1953125,-0.322265625
6501,1.083984375,1.11328125,-0.29296875,-0.087890625
6502,1.064453125,1.09375,-0.25390625,-0.3125
6503,1.083984375,1.11328125,-0.263671875,-0.244140625
6504,1.1328125,1.103515625,-0.29296875,-0.244140625
6505,1.162109375,1.09375,-0.17578125,-0.234375
6506,1.005859375,1.142578125,-0.234375,-0.33203125
6507,1.220703125,1.11328125,-0.283203125,-0.283203125
6508,1.162109375,1.19140625,-0.302734375,-0.380859375
6509,1.23046875,1.162109375,-0.380859375,-0.234375
6510,1.1328125,1.279296875,-0.341796875,-0.17578125
6511,1.11328125,1.083984375,-0.234375,-0.263671875
6512,1.19140625,1.181640625,-0.244140625,-0.302734375
6513,1.11328125,1.162109375,-0.1171875,-0.244140625
6514,1.171875,1.1328125,-0.263671875,-0.244140625
6515,1.1328125,1.181640625,-0.322265625,-0.25390625
6516,1.201171875,1.07421875,-0.302734375,-0.2734375
6517,1.201171875,1.123046875,-0.41015625,-0.322265625
6518,1.123046875,1.064453125,-0.3515625,-0.33203125
6519,1.181640625,1.015625,-0.302734375,-0.166015625
6520,1.220703125,1.19140625,-0.244140625,-0.17578125
6521,1.279296875,1.142578125,-0.263671875,-0.283203125
6522,1.171875,1.09375,-0.361328125,-0.25390625
6523,1.298828125,1.181640625,-0.1953125,-0.1953125
6524,1.201171875,1.162109375,-0.33203125,-0.3515625
6525,1.220703125,1.083984375,-0.3125,-0.244140625
6526,1.181640625,1.15234375,-0.283203125,-0.234375
6527,1.279296875,1.09375,-0.234375,-0.1953125
6528,1.23046875,1.25,-0.3125,-0.185546875
6529,1.279296875,1.11328125,-0.244140625,-0.2734375
6530,1.240234375,1.123046875,-0.380859375,-0.244140625
6531,1.19140625,1.07421875,-0.390625,-0.33203125
6532,1.07421875,1.07421875,-0.3515625,-0.244140625
6533,1.19140625,1.15234375,-0.322265625,-0.302734375
6534,1.23046875,1.23046875,-0.390625,-0.13671875
6535,1.23046875,1.09375,-0.3125,-0.21484375
6536,1.23046875,1.15234375,-0.302734375,-0.263671875
6537,1.15234375,1.142578125,-0.244140625,-0.13671875
6538,1.19140625,1.1328125,-0.3515625,-0.185546875
6539,1.201171875,1.083984375,-0.322265625,-0.322265625
6540,1.181640625,1.0546875,-0.2734375,-0.29296875
6541,1.2890625,1.11328125,-0.302734375,-0.234375
6542,1.15234375,1.162109375,-0.341796875,-0.263671875
6543,1.181640625,1.2109375,-0.283203125,-0.185546875
6544,1.181640625,1.0546875,-0.322265625,-0.17578125
6545,1.220703125,1.19140625,-0.25390625,-0.33203125
6546,1.171875,1.083984375,-0.2734375,-0.263671875
6547,1.279296875,1.1328125,-0.322265625,-0.302734375
6548,1.23046875,1.171875,-0.341796875,-0.361328125
6549,1.19140625,1.064453125,-0.29296875,-0.25390625
6550,1.26953125,1.15234375,-0.29296875,-0.419921875
6551,1.201171875,1.220703125,-0.3125,-0.341796875
6552,1.201171875,1.26953125,-0.341796875,-0.283203125
6553,1.2109375,1.11328125,-0.33203125,-0.17578125
6554,1.2109375,1.103515625,-0.283203125,-0.3125
6555,1.11328125,1.19140625,-0.37109375,-0.341796875
6556,1.201171875,1.103515625,-0.341796875,-0.1171875
6557,1.025390625,1.240234375,-0.205078125,-0.3125
6558,1.19140625,1.201171875,-0.302734375,-0.283203125
6559,1.09375,1.103515625,-0.33203125,-0.283203125
6560,1.220703125,1.171875,-0.322265625,-0.2734375
6561,1.171875,1.19140625,-0.322265625,-0.2734375
6562,1.171875,1.171875,-0.29296875,-0.458984375
6563,1.30859375,1.123046875,-0.380859375,-0.29296875
6564,1.1328125,1.103515625,-0.4296875,-0.322265625
6565,1.2109375,1.005859375,-0.33203125,-0.46875
6566,1.0546875,1.171875,-0.4296875,-0.322265625
6567,1.201171875,1.328125,-0.234375,-0.3515625
6568,1.103515625,1.2109375,-0.263671875,-0.1953125
6569,1.162109375,1.142578125,-0.341796875,-0.2734375
6570,1.1328125,1.23046875,-0.400390625,-0.361328125
6571,1.240234375,1.220703125,-0.341796875,-0.25390625
6572,1.220703125,1.171875,-0.2734375,-0.3125
6573,1.220703125,1.279296875,-0.41015625,-0.302734375
6574,1.25,1.123046875,-0.283203125,-0.3125
6575,1.26953125,1.19140625,-0.29296875,-0.3125
6576,1.318359375,1.279296875,-0.283203125,-0.2734375
6577,1.171875,1.0546875,-0.56640625,-0.25390625
6578,1.337890625,1.15234375,-0.400390625,-0.283203125
6579,1.2109375,1.142578125,-0.17578125,-0.205078125
6580,1.171875,1.220703125,-0.25390625,-0.498046875
6581,1.19140625,1.09375,-0.25390625,-0.341796875
6582,1.11328125,1.25,-0.263671875,-0.322265625
6583,1.171875,1.1328125,-0.234375,-0.244140625
6584,1.19140625,1.2890625,-0.1953125,-0.29296875
6585,1.181640625,1.259765625,-0.322265625,-0.283203125
6586,1.103515625,1.2890625,-0.263671875,-0.390625
6587,1.171875,1.25,-0.302734375,-0.21484375
6588,1.181640625,1.279296875,-0.21484375,-0.29296875
6589,1.19140625,1.259765625,-0.234375,-0.439453125
6590,1.11328125,1.220703125,-0.205078125,-0.390625
6591,1.19140625,1.38671875,-0.224609375,-0.263671875
6592,1.15234375,1.318359375,-0.09765625,-0.390625
6593,1.240234375,1.279296875,-0.185546875,-0.3125
6594,1.181640625,1.162109375,-0.3125,-0.29296875
6595,1.123046875,1.09375,-0.21484375,-0.302734375
6596,1.19140625,1.201171875,-0.21484375,-0.322265625
6597,1.171875,1.25,-0.361328125,-0.46875
6598,1.201171875,1.25,-0.234375,-0.458984375
6599,1.171875,1.220703125,-0.224609375,-0.126953125
6600,1.23046875,1.26953125,-0.2734375,-0.390625
6601,1.1328125,1.26953125,-0.17578125,-0.400390625
6602,1.201171875,1.201171875,-0.322265625,-0.380859375
6603,1.123046875,1.103515625,-0.244140625,-0.361328125
6604,1.201171875,1.328125,-0.224609375,-0.302734375
6605,1.044921875,1.162109375,-0.17578125,-0.576171875
6606,1.201171875,1.201171875,-0.15625,-0.419921875
6607,1.15234375,1.25,-0.205078125,-0.37109375
6608,1.142578125,1.25,-0.2734375,-0.283203125
6609,1.0546875,1.2890625,-0.439453125,-0.341796875
6610,1.1328125,1.123046875,-0.390625,-0.33203125
6611,1.025390625,1.220703125,-0.37109375,-0.33203125
6612,1.15234375,1.26953125,-0.33203125,-0.33203125
6613,1.2109375,1.25,-0.33203125,-0.29296875
6614,1.171875,1.259765625,-0.263671875,-0.400390625
6615,1.181640625,1.181640625,-0.263671875,-0.390625
6616,1.123046875,1.220703125,-0.263671875,-0.439453125
6617,1.162109375,1.220703125,-0.380859375,-0.4296875
6618,1.171875,1.240234375,-0.37109375,-0.576171875
6619,1.1328125,1.25,-0.2734375,-0.380859375
6620,1.220703125,1.171875,-0.322265625,-0.44921875
6621,1.171875,1.23046875,-0.3515625,-0.3515625
6622,1.123046875,1.2890625,-0.21484375,-0.3125
6623,1.0546875,1.142578125,-0.25390625,-0.33203125
6624,1.171875,1.2109375,-0.166015625,-0.3515625
6625,1.201171875,1.318359375,-0.25390625,-0.3515625
6626,1.1328125,1.279296875,-0.2734375,-0.498046875
6627,1.15234375,1.25,-0.1953125,-0.29296875
6628,1.15234375,1.09375,-0.3125,-0.361328125
6629,1.162109375,1.171875,-0.21484375,-0.29296875
6630,1.09375,1.201171875,-0.322265625,-0.322265625
6631,1.2109375,1.09375,-0.29296875,-0.439453125
6632,1.142578125,1.123046875,-0.224609375,-0.234375
6633,1.259765625,1.2890625,-0.29296875,-0.419921875
6634,1.162109375,1.162109375,-0.302734375,-0.458984375
6635,1.142578125,1.328125,-0.2734375,-0.361328125
6636,1.181640625,1.181640625,-0.1953125,-0.41015625
6637,1.103515625,1.23046875,-0.1171875,-0.46875
6638,1.064453125,1.220703125,-0.224609375,-0.46875
6639,1.15234375,1.201171875,-0.3515625,-0.33203125
6640,1.25,1.201171875,-0.234375,-0.478515625
6641,1.15234375,1.09375,-0.2734375,-0.41015625
6642,1.064453125,1.1328125,-0.25390625,-0.400390625
6643,1.2109375,1.30859375,-0.1953125,-0.380859375
6644,1.09375,1.1328125,-0.25390625,-0.283203125
6645,1.123046875,1.15234375,-0.2734375,-0.322265625
6646,1.11328125,1.11328125,-0.33203125,-0.380859375
6647,1.1328125,1.103515625,-0.2734375,-0.341796875
6648,1.19140625,1.201171875,-0.1953125,-0.498046875
6649,1.03515625,1.259765625,-0.283203125,-0.302734375
6650,1.171875,1.09375,-0.166015625,-0.458984375
6651,1.005859375,1.201171875,-0.2734375,-0.3125
6652,1.083984375,1.279296875,-0.263671875,-0.33203125
6653,1.064453125,1.240234375,-0.234375,-0.46875
6654,1.07421875,1.171875,-0.224609375,-0.341796875
6655,1.26953125,1.337890625,-0.29296875,-0.400390625
6656,1.2109375,1.181640625,-0.29296875,-0.439453125
6657,1.220703125,1.162109375,-0.21484375,-0.390625
6658,1.2109375,1.220703125,-0.2734375,-0.439453125
6659,1.142578125,1.044921875,-0.3125,-0.283203125
6660,1.259765625,1.1328125,-0.244140625,-0.302734375
6661,1.083984375,1.220703125,-0.283203125,-0.361328125
6662,1.2109375,1.162109375,-0.44921875,-0.3515625
6663,1.2109375,1.162109375,-0.29296875,-0.60546875
6664,1.26953125,1.142578125,-0.263671875,-0.3125
6665,1.2109375,1.123046875,-0.3125,-0.37109375
6666,1.220703125,1.123046875,-0.2734375,-0.341796875
6667,1.23046875,1.15234375,-0.3125,-0.380859375
6668,1.240234375,1.25,-0.3125,-0.166015625
6669,1.240234375,1.19140625,-0.283203125,-0.33203125
6670,1.162109375,1.171875,-0.234375,-0.3125
6671,1.171875,1.07421875,-0.341796875,-0.400390625
6672,1.298828125,1.181640625,-0.21484375,-0.4296875
6673,1.181640625,1.044921875,-0.2734375,-0.4296875
6674,1.181640625,1.30859375,-0.263671875,-0.380859375
6675,1.162109375,1.1328125,-0.341796875,-0.419921875
6676,1.23046875,1.279296875,-0.2734375,-0.341796875
6677,1.1328125,1.181640625,-0.3125,-0.4296875
6678,1.064453125,1.181640625,-0.2734375,-0.400390625
6679,1.162109375,1.220703125,-0.1953125,-0.419921875
6680,1.240234375,1.1328125,-0.21484375,-0.41015625
6681,1.162109375,1.171875,-0.263671875,-0.37109375
6682,1.1328125,1.09375,-0.341796875,-0.234375
6683,1.1328125,1.142578125,-0.244140625,-0.361328125
6684,1.142578125,1.2890625,-0.263671875,-0.244140625
6685,1.03515625,1.23046875,-0.322265625,-0.4296875
6686,1.11328125,1.19140625,-0.17578125,-0.48828125
6687,1.083984375,1.162109375,-0.224609375,-0.341796875
6688,1.064453125,1.123046875,-0.224609375,-0.37109375
6689,1.083984375,1.15234375,-0.244140625,-0.37109375
6690,1.044921875,1.279296875,-0.283203125,-0.537109375
6691,1.044921875,1.171875,-0.185546875,-0.341796875
6692,1.07421875,1.142578125,-0.1953125,-0.439453125
6693,1.07421875,1.240234375,-0.3125,-0.5078125
6694,0.99609375,1.201171875,-0.126953125,-0.400390625
6695,1.09375,1.201171875,-0.25390625,-0.439453125
6696,1.103515625,1.103515625,-0.107421875,-0.46875
6697,0.99609375,1.09375,-0.15625,-0.341796875
6698,1.103515625,1.201171875,-0.234375,-0.400390625
6699,1.11328125,1.005859375,-0.2734375,-0.41015625
6700,1.064453125,1.07421875,-0.234375,-0.283203125
6701,1.142578125,1.162109375,-0.244140625,-0.380859375
6702,1.15234375,1.181640625,-0.13671875,-0.478515625
6703,1.19140625,1.162109375,-0.15625,-0.2734375
6704,1.181640625,1.2890625,-0.283203125,-0.390625
6705,1.064453125,1.240234375,-0.244140625,-0.380859375
6706,1.015625,1.142578125,-0.185546875,-0.41015625
6707,1.064453125,1.083984375,-0.09765625,-0.341796875
6708,1.162109375,1.171875,-0.087890625,-0.341796875
6709,0.91796875,1.201171875,-0.13671875,-0.458984375
6710,1.15234375,1.279296875,-0.13671875,-0.390625
6711,1.07421875,1.07421875,-0.146484375,-0.41015625
6712,1.142578125,1.1328125,-0.3125,-0.419921875
6713,1.064453125,1.11328125,-0.2734375,-0.390625
6714,1.15234375,1.11328125,-0.126953125,-0.29296875
6715,1.11328125,1.1328125,-0.185546875,-0.576171875
6716,1.09375,1.240234375,-0.205078125,-0.400390625
6717,1.083984375,1.15234375,-0.185546875,-0.322265625
6718,1.083984375,1.171875,-0.21484375,-0.419921875
6719,1.025390625,1.09375,-0.234375,-0.48828125
6720,1.083984375,1.11328125,-0.205078125,-0.4296875
6721,1.171875,1.142578125,-0.2734375,-0.361328125
6722,1.19140625,1.279296875,-0.25390625,-0.46875
6723,1.103515625,1.259765625,-0.234375,-0.41015625
6724,1.083984375,1.19140625,-0.224609375,-0.46875
6725,1.103515625,1.142578125,-0.244140625,-0.419921875
6726,1.083984375,1.19140625,-0.21484375,-0.390625
6727,1.2109375,1.11328125,-0.21484375,-0.400390625
6728,1.1328125,1.181640625,-0.244140625,-0.3515625
6729,1.181640625,1.09375,-0.224609375,-0.263671875
6730,1.162109375,1.15234375,-0.25390625,-0.5859375
6731,1.1328125,1.015625,-0.25390625,-0.33203125
6732,1.220703125,1.181640625,-0.205078125,-0.380859375
6733,1.1328125,1.23046875,-0.185546875,-0.29296875
6734,1.181640625,1.123046875,-0.205078125,-0.400390625
6735,1.201171875,1.201171875,-0.21484375,-0.419921875
6736,1.103515625,1.181640625,-0.185546875,-0.37109375
6737,1.09375,1.123046875,-0.1953125,-0.380859375
6738,1.11328125,1.07421875,-0.224609375,-0.25390625
6739,1.181640625,1.103515625,-0.166015625,-0.419921875
6740,1.2109375,1.1328125,-0.17578125,-0.400390625
6741,1.201171875,1.162109375,-0.078125,-0.361328125
6742,1.171875,1.123046875,-0.09765625,-0.322265625
6743,1.279296875,1.240234375,-0.107421875,-0.322265625
6744,1.240234375,1.181640625,-0.107421875,-0.419921875
6745,1.376953125,1.19140625,-0.17578125,-0.52734375
6746,1.15234375,1.123046875,-0.234375,-0.263671875
6747,1.171875,1.240234375,-0.166015625,-0.439453125
6748,1.19140625,1.19140625,-0.41015625,-0.361328125
6749,1.240234375,1.064453125,-0.322265625,-0.322265625
6750,1.298828125,1.025390625,-0.3125,-0.37109375
6751,1.298828125,1.123046875,-0.283203125,-0.400390625
6752,1.259765625,1.181640625,-0.15625,-0.390625
6753,1.201171875,1.181640625,-0.29296875,-0.341796875
6754,1.181640625,1.123046875,-0.224609375,-0.302734375
6755,1.171875,1.19140625,-0.2734375,-0.234375
6756,1.103515625,1.0546875,-0.263671875,-0.458984375
6757,1.142578125,1.103515625,-0.3515625,-0.37109375
6758,1.15234375,1.09375,-0.283203125,-0.3125
6759,1.15234375,1.2890625,-0.087890625,-0.29296875
6760,1.162109375,1.083984375,-0.224609375,-0.33203125
6761,1.171875,1.083984375,-0.244140625,-0.302734375
6762,1.19140625,1.09375,-0.2734375,-0.341796875
6763,1.11328125,1.171875,-0.3125,-0.33203125
6764,1.09375,1.201171875,-0.2734375,-0.361328125
6765,1.23046875,0.95703125,-0.263671875,-0.419921875
6766,1.259765625,1.0546875,-0.361328125,-0.25390625
6767,1.11328125,1.11328125,-0.1953125,-0.48828125
6768,1.2109375,1.09375,-0.224609375,-0.41015625
6769,1.171875,1.083984375,-0.3125,-0.46875
6770,1.38671875,1.123046875,-0.244140625,-0.302734375
6771,1.19140625,1.03515625,-0.21484375,-0.380859375
6772,1.19140625,1.11328125,-0.283203125,-0.341796875
6773,1.2109375,1.103515625,-0.263671875,-0.517578125
6774,1.25,1.07421875,-0.166015625,-0.361328125
6775,1.15234375,1.083984375,-0.166015625,-0.33203125
6776,1.34765625,1.142578125,-0.224609375,-0.185546875
6777,1.25,1.123046875,-0.21484375,-0.302734375
6778,1.201171875,0.8984375,-0.29296875,-0.361328125
6779,1.09375,1.171875,-0.185546875,-0.3515625
6780,1.201171875,1.181640625,-0.224609375,-0.302734375
6781,1.19140625,1.201171875,-0.146484375,-0.361328125
6782,1.318359375,1.162109375,-0.1953125,-0.439453125
6783,1.279296875,1.171875,-0.33203125,-0.29296875
6784,1.220703125,1.103515625,-0.21484375,-0.341796875
6785,1.318359375,1.171875,-0.15625,-0.390625
6786,1.279296875,1.09375,-0.185546875,-0.322265625
6787,1.279296875,1.11328125,-0.25390625,-0.33203125
6788,1.171875,1.15234375,-0.224609375,-0.322265625
6789,1.337890625,1.123046875,-0.302734375,-0.380859375
6790,1.259765625,1.181640625,-0.244140625,-0.263671875
6791,1.162109375,1.181640625,-0.341796875,-0.361328125
6792,1.26953125,1.09375,-0.13671875,-0.283203125
6793,1.23046875,1.11328125,-0.234375,-0.380859375
6794,1.26953125,1.171875,-0.185546875,-0.37109375
6795,1.240234375,1.220703125,-0.1953125,-0.41015625
6796,1.23046875,1.11328125,-0.33203125,-0.341796875
6797,1.2890625,1.1328125,-0.2734375,-0.29296875
6798,1.15234375,1.15234375,-0.126953125,-0.302734375
6799,1.171875,1.064453125,-0.224609375,-0.361328125
6800,1.142578125,1.09375,-0.205078125,-0.595703125
6801,1.171875,1.1328125,-0.224609375,-0.41015625
6802,1.1328125,1.11328125,-0.234375,-0.33203125
6803,1.083984375,1.1328125,-0.185546875,-0.302734375
6804,1.162109375,1.064453125,-0.05859375,-0.3515625
6805,1.181640625,1.162109375,-0.068359375,-0.4296875
6806,1.142578125,1.142578125,-0.17578125,-0.283203125
6807,1.357421875,1.123046875,-0.21484375,-0.37109375
6808,1.26953125,1.171875,-0.17578125,-0.380859375
6809,1.19140625,1.083984375,-0.09765625,-0.33203125
6810,1.142578125,1.240234375,-0.185546875,-0.46875
6811,1.19140625,1.171875,-0.15625,-0.41015625
6812,1.357421875,1.2109375,-0.302734375,-0.29296875
6813,1.318359375,1.240234375,-0.2734375,-0.52734375
6814,1.201171875,1.11328125,-0.048828125,-0.37109375
6815,1.23046875,1.1328125,-0.068359375,-0.419921875
6816,1.07421875,1.171875,-0.1171875,-0.33203125
6817,1.201171875,0.869140625,-0.205078125,-0.263671875
6818,1.2109375,1.09375,-0.15625,-0.29296875
6819,1.220703125,1.171875,-0.17578125,-0.263671875
6820,1.19140625,1.328125,-0.341796875,-0.33203125
6821,1.2109375,1.162109375,-0.322265625,-0.322265625
6822,1.416015625,1.083984375,-0.361328125,-0.341796875
6823,1.171875,1.328125,-0.234375,-0.3515625
6824,1.142578125,1.11328125,-0.1953125,-0.302734375
6825,1.15234375,1.201171875,-0.3125,-0.33203125
6826,1.142578125,1.044921875,-0.15625,-0.322265625
6827,1.09375,1.103515625,-0.185546875,-0.33203125
6828,1.15234375,1.103515625,-0.361328125,-0.380859375
6829,1.201171875,1.318359375,-0.15625,-0.341796875
6830,1.15234375,1.103515625,-0.185546875,-0.341796875
6831,1.09375,1.064453125,-0.234375,-0.419921875
6832,1.23046875,1.11328125,-0.107421875,-0.302734375
6833,1.220703125,1.162109375,-0.234375,-0.37109375
6834,1.2109375,1.103515625,-0.15625,-0.380859375
6835,1.044921875,1.23046875,-0.166015625,-0.41015625
6836,1.171875,1.025390625,-0.1953125,-0.37109375
6837,1.083984375,1.09375,-0.15625,-0.419921875
6838,1.1328125,1.09375,-0.205078125,-0.322265625
6839,1.103515625,1.09375,-0.17578125,-0.1953125
6840,1.240234375,1.07421875,-0.224609375,-0.1953125
6841,1.11328125,1.23046875,-0.205078125,-0.322265625
6842,1.171875,1.07421875,-0.244140625,-0.244140625
6843,1.171875,1.103515625,-0.185546875,-0.33203125
6844,1.15234375,1.103515625,-0.224609375,-0.341796875
6845,1.123046875,1.15234375,-0.205078125,-0.263671875
6846,1.171875,1.005859375,-0.205078125,-0.33203125
6847,1.083984375,1.025390625,-0.15625,-0.322265625
6848,1.181640625,1.03515625,-0.205078125,-0.3125
6849,1.1328125,1.015625,-0.263671875,-0.185546875
6850,1.259765625,1.09375,-0.17578125,-0.29296875
6851,1.1328125,0.830078125,-0.126953125,-0.3515625
6852,1.2109375,1.064453125,-0.185546875,-0.3125
6853,1.142578125,1.005859375,-0.25390625,-0.390625
6854,1.15234375,0.859375,-0.17578125,-0.302734375
6855,1.11328125,1.09375,-0.1953125,-0.283203125
6856,1.162109375,1.123046875,-0.21484375,-0.29296875
6857,1.11328125,1.015625,-0.205078125,-0.33203125
6858,1.09375,1.03515625,-0.263671875,-0.361328125
6859,1.171875,1.044921875,-0.302734375,-0.341796875
6860,1.162109375,1.11328125,-0.29296875,-0.3125
6861,1.15234375,1.064453125,-0.2734375,-0.322265625
6862,1.298828125,1.15234375,-0.244140625,-0.322265625
6863,1.15234375,1.1328125,-0.3125,-0.263671875
6864,1.259765625,1.1328125,-0.29296875,-0.1953125
6865,1.09375,1.11328125,-0.3125,-0.1953125
6866,1.11328125,1.15234375,-0.283203125,-0.322265625
6867,1.201171875,1.142578125,-0.25390625,-0.25390625
6868,1.171875,1.201171875,-0.341796875,-0.29296875
6869,1.181640625,1.123046875,-0.361328125,-0.1953125
6870,1.19140625,1.064453125,-0.263671875,-0.419921875
6871,1.171875,1.142578125,-0.3125,-0.25390625
6872,1.142578125,1.181640625,-0.048828125,-0.29296875
6873,1.1328125,1.142578125,-0.1953125,-0.25390625
6874,1.103515625,1.1328125,-0.205078125,-0.126953125
6875,1.15234375,1.09375,-0.205078125,-0.2734375
6876,1.07421875,1.1328125,-0.234375,-0.380859375
6877,1.181640625,1.07421875,-0.1171875,-0.29296875
6878,1.11328125,1.03515625,-0.25390625,-0.126953125
6879,1.259765625,0.966796875,-0.244140625,-0.3515625
6880,1.2109375,1.0546875,-0.205078125,-0.1171875
6881,1.26953125,1.181640625,-0.263671875,-0.25390625
6882,1.2109375,1.103515625,-0.234375,-0.263671875
6883,1.15234375,1.083984375,-0.244140625,-0.205078125
6884,1.26953125,1.259765625,-0.3125,-0.224609375
6885,1.25,1.123046875,-0.283203125,-0.29296875
6886,1.15234375,1.07421875,-0.322265625,-0.244140625
6887,1.240234375,1.19140625,-0.224609375,-0.322265625
6888,1.19140625,1.142578125,-0.2734375,-0.283203125
6889,0.966796875,1.123046875,-0.1953125,-0.224609375
6890,1.19140625,1.11328125,-0.33203125,-0.3125
6891,1.162109375,0.927734375,-0.185546875,-0.244140625
6892,1.240234375,1.123046875,-0.302734375,-0.1953125
6893,1.11328125,1.044921875,-0.244140625,-0.263671875
6894,1.142578125,1.181640625,-0.302734375,-0.21484375
6895,1.240234375,1.142578125,-0.234375,-0.283203125
6896,1.044921875,1.1328125,-0.341796875,-0.205078125
6897,1.2109375,1.142578125,-0.400390625,-0.2734375
6898,1.162109375,1.0546875,-0.283203125,-0.263671875
6899,1.025390625,1.15234375,-0.390625,-0.244140625
6900,1.123046875,1.07421875,-0.234375,-0.224609375
6901,1.005859375,1.103515625,-0.3125,-0.322265625
6902,1.09375,1.09375,-0.224609375,-0.2734375
6903,1.2109375,1.11328125,-0.322265625,-0.224609375
6904,1.103515625,1.083984375,-0.263671875,-0.322265625
6905,1.1328125,1.005859375,-0.283203125,-0.29296875
6906,1.240234375,1.123046875,-0.419921875,-0.263671875
6907,1.15234375,1.09375,-0.29296875,-0.234375
6908,1.123046875,1.123046875,-0.234375,-0.244140625
6909,1.171875,1.0546875,-0.2734375,-0.234375
6910,1.1328125,1.103515625,-0.29296875,-0.37109375
6911,1.1328125,1.11328125,-0.25390625,-0.224609375
6912,1.11328125,1.064453125,-0.283203125,-0.380859375
6913,1.0546875,1.07421875,-0.400390625,-0.478515625
6914,1.15234375,1.171875,-0.4296875,-0.283203125
6915,1.201171875,1.171875,-0.458984375,-0.283203125
6916,1.19140625,1.171875,-0.380859375,-0.263671875
6917,1.07421875,1.162109375,-0.41015625,-0.3515625
6918,1.162109375,1.23046875,-0.400390625,-0.283203125
6919,1.19140625,1.1328125,-0.361328125,-0.322265625
6920,1.15234375,1.09375,-0.302734375,-0.302734375
6921,1.1328125,1.09375,-0.380859375,-0.302734375
6922,1.09375,1.005859375,-0.3515625,-0.37109375
6923,1.181640625,1.171875,-0.400390625,-0.224609375
6924,1.142578125,1.103515625,-0.4296875,-0.263671875
6925,1.162109375,1.015625,-0.380859375,-0.146484375
6926,1.2109375,1.064453125,-0.458984375,-0.3125
6927,1.15234375,1.07421875,-0.322265625,-0.185546875
6928,1.07421875,1.11328125,-0.390625,-0.185546875
6929,1.064453125,1.103515625,-0.2734375,-0.234375
6930,1.171875,1.044921875,-0.341796875,-0.205078125
6931,1.171875,1.103515625,-0.224609375,-0.3125
6932,1.259765625,1.064453125,-0.322265625,-0.244140625
6933,1.07421875,1.201171875,-0.478515625,-0.25390625
6934,1.15234375,1.09375,-0.390625,-0.1953125
6935,1.23046875,1.15234375,-0.322265625,-0.09765625
6936,1.19140625,1.09375,-0.361328125,-0.205078125
6937,1.220703125,1.0546875,-0.302734375,-0.244140625
6938,1.171875,1.103515625,-0.224609375,-0.380859375
6939,1.0546875,0.927734375,-0.17578125,-0.302734375
6940,1.044921875,0.986328125,-0.322265625,-0.263671875
6941,1.142578125,0.99609375,-0.3515625,-0.263671875
6942,1.15234375,1.03515625,-0.48828125,-0.29296875
6943,1.181640625,1.1328125,-0.3515625,-0.146484375
6944,1.142578125,1.07421875,-0.33203125,-0.087890625
6945,1.083984375,1.2109375,-0.1953125,-0.3515625
6946,1.11328125,1.1328125,-0.29296875,-0.283203125
6947,1.240234375,1.201171875,-0.361328125,-0.1953125
6948,1.142578125,1.2109375,-0.439453125,-0.234375
6949,1.25,1.064453125,-0.390625,-0.166015625
6950,1.15234375,1.15234375,-0.361328125,-0.185546875
6951,1.1328125,1.23046875,-0.322265625,-0.29296875
6952,1.220703125,1.19140625,-0.25390625,-0.234375
6953,1.30859375,1.083984375,-0.439453125,-0.263671875
6954,1.201171875,1.201171875,-0.29296875,-0.224609375
6955,1.171875,1.09375,-0.283203125,-0.33203125
6956,1.15234375,1.23046875,-0.2734375,-0.263671875
6957,1.181640625,1.1328125,-0.380859375,-0.263671875
6958,1.220703125,1.162109375,-0.302734375,-0.244140625
6959,1.23046875,1.142578125,-0.302734375,-0.3125
6960,1.26953125,1.123046875,-0.361328125,-0.244140625
6961,1.259765625,1.064453125,-0.322265625,-0.29296875
6962,1.220703125,1.07421875,-0.3125,-0.3125
6963,1.30859375,1.025390625,-0.244140625,-0.302734375
6964,1.181640625,1.11328125,-0.37109375,-0.205078125
6965,1.34765625,1.09375,-0.29296875,-0.390625
6966,1.30859375,1.1328125,-0.1953125,-0.25390625
6967,1.181640625,1.083984375,-0.224609375,-0.2734375
6968,1.201171875,1.103515625,-0.263671875,-0.3125
6969,1.171875,1.181640625,-0.37109375,-0.234375
6970,1.2890625,1.220703125,-0.33203125,-0.341796875
6971,1.2109375,1.1328125,-0.302734375,-0.205078125
6972,1.240234375,1.11328125,-0.17578125,-0.244140625
6973,1.2109375,1.1328125,-0.283203125,-0.15625
6974,1.328125,1.1328125,-0.341796875,-0.234375
6975,1.23046875,1.1328125,-0.29296875,-0.302734375
6976,1.240234375,1.142578125,-0.2734375,-0.244140625
6977,1.201171875,1.15234375,-0.33203125,-0.3515625
6978,1.240234375,1.181640625,-0.283203125,-0.341796875
6979,1.259765625,1.1328125,-0.361328125,-0.25390625
6980,1.25,1.103515625,-0.33203125,-0.33203125
6981,1.34765625,1.25,-0.25390625,-0.390625
6982,1.23046875,1.15234375,-0.341796875,-0.322265625
6983,1.357421875,1.162109375,-0.234375,-0.361328125
6984,1.26953125,1.240234375,-0.2734375,-0.3125
6985,1.2890625,1.1328125,-0.29296875,-0.322265625
6986,1.171875,1.123046875,-0.361328125,-0.302734375
6987,1.220703125,1.103515625,-0.361328125,-0.3515625
6988,1.2109375,1.064453125,-0.244140625,-0.37109375
6989,1.162109375,1.15234375,-0.205078125,-0.185546875
6990,1.1328125,1.11328125,-0.419921875,-0.37109375
6991,1.09375,1.1328125,-0.33203125,-0.2734375
6992,1.11328125,1.19140625,-0.41015625,-0.44921875
6993,1.0546875,1.083984375,-0.2734375,-0.400390625
6994,1.005859375,1.09375,-0.244140625,-0.29296875
6995,0.95703125,1.171875,-0.283203125,-0.361328125
6996,1.220703125,1.1328125,-0.2734375,-0.37109375
6997,1.123046875,1.201171875,-0.380859375,-0.25390625
6998,1.23046875,1.19140625,-0.380859375,-0.25390625
6999,1.15234375,1.162109375,-0.361328125,-0.244140625
7000,1.181640625,1.19140625,-0.341796875,-0.37109375
7001,1.11328125,1.181640625,-0.3125,-0.2734375
7002,0.986328125,1.123046875,-0.439453125,-0.244140625
7003,1.201171875,1.15234375,-0.390625,-0.2734375
7004,1.201171875,1.181640625,-0.322265625,-0.33203125
7005,1.171875,1.171875,-0.302734375,-0.29296875
7006,1.42578125,1.318359375,-0.244140625,-0.283203125
7007,1.181640625,1.171875,-0.21484375,-0.1953125
7008,1.318359375,1.171875,-0.29296875,-0.3125
7009,1.259765625,1.044921875,-0.263671875,-0.29296875
7010,1.30859375,1.23046875,-0.224609375,-0.37109375
7011,1.2109375,1.181640625,-0.29296875,-0.361328125
7012,1.279296875,1.181640625,-0.3515625,-0.41015625
7013,1.26953125,1.083984375,-0.3125,-0.322265625
7014,1.2890625,1.162109375,-0.3515625,-0.380859375
7015,1.1328125,1.2109375,-0.2734375,-0.341796875
7016,1.25,1.142578125,-0.341796875,-0.3125
7017,1.171875,1.23046875,-0.2734375,-0.3125
7018,1.240234375,1.201171875,-0.3125,-0.244140625
7019,1.142578125,1.142578125,-0.17578125,-0.25390625
7020,1.09375,1.162109375,-0.322265625,-0.380859375
7021,1.142578125,1.259765625,-0.3125,-0.400390625
7022,1.220703125,1.19140625,-0.2734375,-0.25390625
7023,1.19140625,1.23046875,-0.244140625,-0.205078125
7024,1.19140625,1.279296875,-0.25390625,-0.41015625
7025,1.15234375,1.25,-0.2734375,-0.390625
7026,1.083984375,1.23046875,-0.224609375,-0.41015625
7027,1.220703125,1.19140625,-0.322265625,-0.322265625
7028,1.181640625,1.30859375,-0.400390625,-0.37109375
7029,1.2109375,1.240234375,-0.244140625,-0.439453125
7030,1.15234375,1.181640625,-0.25390625,-0.341796875
7031,1.1328125,1.240234375,-0.25390625,-0.341796875
7032,1.19140625,1.240234375,-0.205078125,-0.263671875
7033,1.240234375,1.201171875,-0.205078125,-0.361328125
7034,1.103515625,1.2109375,-0.3125,-0.263671875
7035,1.181640625,1.162109375,-0.224609375,-0.146484375
7036,1.11328125,1.181640625,-0.2734375,-0.322265625
7037,1.171875,0.9765625,-0.41015625,-0.3515625
7038,1.23046875,1.181640625,-0.341796875,-0.29296875
7039,1.142578125,1.2109375,-0.234375,-0.302734375
7040,1.19140625,1.162109375,-0.400390625,-0.302734375
7041,1.25,1.181640625,-0.341796875,-0.234375
7042,1.181640625,1.220703125,-0.576171875,-0.439453125
7043,1.0546875,1.220703125,-0.41015625,-0.3515625
7044,1.11328125,1.162109375,-0.341796875,-0.302734375
7045,1.07421875,1.201171875,-0.33203125,-0.37109375
7046,1.103515625,1.2890625,-0.263671875,-0.25390625
7047,1.142578125,1.240234375,-0.439453125,-0.3515625
7048,1.07421875,1.220703125,-0.244140625,-0.341796875
7049,1.181640625,1.25,-0.302734375,-0.380859375
7050,1.142578125,1.171875,-0.3515625,-0.4296875
7051,1.1328125,1.23046875,-0.380859375,-0.3515625
7052,1.1328125,1.2890625,-0.322265625,-0.41015625
7053,1.181640625,1.19140625,-0.4296875,-0.341796875
7054,1.201171875,1.2109375,-0.302734375,-0.322265625
7055,1.15234375,1.11328125,-0.244140625,-0.263671875
7056,1.220703125,1.23046875,-0.400390625,-0.37109375
7057,1.03515625,1.259765625,-0.302734375,-0.37109375
7058,1.123046875,1.220703125,-0.322265625,-0.390625
7059,1.220703125,1.23046875,-0.283203125,-0.4296875
7060,1.142578125,1.220703125,-0.380859375,-0.244140625
7061,1.201171875,1.19140625,-0.439453125,-0.458984375
7062,1.2109375,1.298828125,-0.3125,-0.33203125
7063,1.25,1.259765625,-0.244140625,-0.419921875
7064,1.25,1.318359375,-0.2734375,-0.33203125
7065,1.15234375,1.25,-0.44921875,-0.4296875
7066,1.1328125,1.181640625,-0.302734375,-0.419921875
7067,1.2109375,1.171875,-0.419921875,-0.4296875
7068,1.162109375,1.1328125,-0.341796875,-0.390625
7069,1.142578125,1.298828125,-0.29296875,-0.33203125
7070,1.1328125,1.298828125,-0.263671875,-0.419921875
7071,1.2109375,1.259765625,-0.29296875,-0.380859375
7072,1.103515625,1.162109375,-0.322265625,-0.419921875
7073,1.220703125,1.181640625,-0.234375,-0.46875
7074,1.123046875,1.162109375,-0.439453125,-0.46875
7075,1.25,1.181640625,-0.283203125,-0.3515625
7076,1.201171875,1.220703125,-0.302734375,-0.244140625
7077,1.162109375,1.26953125,-0.224609375,-0.3515625
7078,1.240234375,1.142578125,-0.244140625,-0.322265625
7079,1.103515625,1.005859375,-0.3125,-0.244140625
7080,1.11328125,1.23046875,-0.107421875,-0.3125
7081,1.123046875,1.181640625,-0.283203125,-0.4296875
7082,1.162109375,1.19140625,-0.3125,-0.390625
7083,1.15234375,1.171875,-0.322265625,-0.419921875
7084,1.181640625,1.171875,-0.244140625,-0.37109375
7085,1.220703125,1.11328125,-0.302734375,-0.361328125
7086,1.220703125,1.181640625,-0.361328125,-0.380859375
7087,1.1328125,1.1328125,-0.126953125,-0.44921875
7088,1.03515625,1.26953125,-0.2734375,-0.419921875
7089,1.15234375,1.0546875,-0.244140625,-0.302734375
7090,1.015625,1.1328125,-0.15625,-0.380859375
7091,1.123046875,1.11328125,-0.185546875,-0.322265625
7092,1.15234375,1.2109375,-0.13671875,-0.41015625
7093,1.201171875,1.220703125,-0.2734375,-0.390625
7094,1.328125,1.19140625,-0.244140625,-0.458984375
7095,1.15234375,1.2109375,-0.302734375,-0.4296875
7096,1.11328125,1.23046875,-0.322265625,-0.46875
7097,1.1328125,1.220703125,-0.341796875,-0.400390625
7098,1.09375,1.162109375,-0.322265625,-0.302734375
7099,1.064453125,1.162109375,-0.3125,-0.37109375
7100,1.0546875,1.19140625,-0.322265625,-0.41015625
7101,0.99609375,1.123046875,-0.361328125,-0.390625
7102,1.15234375,1.298828125,-0.263671875,-0.419921875
7103,0.986328125,1.181640625,-0.234375,-0.537109375
7104,1.015625,1.201171875,-0.244140625,-0.439453125
7105,1.09375,1.15234375,-0.224609375,-0.4296875
7106,1.09375,1.279296875,-0.17578125,-0.4296875
7107,1.123046875,1.220703125,-0.341796875,-0.390625
7108,1.142578125,1.15234375,-0.21484375,-0.5859375
7109,1.15234375,1.1328125,-0.3515625,-0.2734375
7110,1.11328125,1.23046875,-0.29296875,-0.380859375
7111,1.1328125,1.19140625,-0.2734375,-0.46875
7112,1.03515625,1.201171875,-0.2734375,-0.390625
7113,1.11328125,1.2109375,-0.283203125,-0.419921875
7114,1.123046875,1.142578125,-0.29296875,-0.390625
7115,1.07421875,1.083984375,-0.234375,-0.5859375
7116,1.162109375,1.25,-0.146484375,-0.3515625
7117,1.1328125,1.181640625,-0.2734375,-0.21484375
7118,1.11328125,1.23046875,-0.224609375,-0.478515625
7119,1.162109375,1.083984375,-0.4296875,-0.46875
7120,1.11328125,1.201171875,-0.244140625,-0.33203125
7121,1.07421875,1.07421875,-0.283203125,-0.41015625
7122,1.15234375,1.19140625,-0.1171875,-0.341796875
7123,1.123046875,1.11328125,-0.234375,-0.46875
7124,1.083984375,1.142578125,-0.29296875,-0.302734375
7125,1.162109375,1.328125,-0.205078125,-0.37109375
7126,1.0546875,1.123046875,-0.3125,-0.390625
7127,1.171875,1.171875,-0.1953125,-0.400390625
7128,1.044921875,1.123046875,-0.33203125,-0.4296875
7129,1.07421875,1.044921875,-0.185546875,-0.498046875
7130,1.044921875,1.26953125,-0.234375,-0.498046875
7131,0.95703125,1.1328125,-0.224609375,-0.41015625
7132,1.09375,1.142578125,-0.29296875,-0.5078125
7133,1.044921875,1.11328125,-0.224609375,-0.46875
7134,1.1328125,1.142578125,-0.234375,-0.380859375
7135,1.1328125,1.181640625,-0.185546875,-0.3515625
7136,1.103515625,1.181640625,-0.341796875,-0.33203125
7137,1.07421875,1.123046875,-0.283203125,-0.400390625
7138,1.11328125,1.181640625,-0.37109375,-0.419921875
7139,1.15234375,1.171875,-0.2734375,-0.419921875
7140,1.07421875,1.07421875,-0.224609375,-0.46875
7141,1.123046875,1.09375,-0.439453125,-0.380859375
7142,1.07421875,1.1328125,-0.224609375,-0.419921875
7143,1.1328125,1.15234375,-0.263671875,-0.419921875
7144,1.2109375,1.09375,-0.263671875,-0.302734375
7145,0.9375,1.123046875,-0.283203125,-0.498046875
7146,1.19140625,1.0546875,-0.21484375,-0.4296875
7147,1.123046875,1.259765625,-0.4296875,-0.341796875
7148,1.123046875,1.19140625,-0.244140625,-0.400390625
7149,1.09375,1.15234375,-0.3515625,-0.439453125
7150,1.123046875,1.142578125,-0.25390625,-0.37109375
7151,1.09375,1.15234375,-0.234375,-0.44921875
7152,1.103515625,1.1328125,-0.3125,-0.380859375
7153,1.103515625,1.025390625,-0.21484375,-0.44921875
7154,1.123046875,1.240234375,-0.302734375,-0.380859375
7155,1.162109375,1.15234375,-0.283203125,-0.380859375
7156,1.123046875,1.2890625,-0.302734375,-0.439453125
7157,1.1328125,1.181640625,-0.25390625,-0.380859375
7158,1.044921875,1.064453125,-0.33203125,-0.419921875
7159,1.11328125,1.23046875,-0.322265625,-0.361328125
7160,1.123046875,1.171875,-0.25390625,-0.1953125
7161,1.181640625,1.15234375,-0.244140625,-0.380859375
7162,1.083984375,1.171875,-0.25390625,-0.41015625
7163,1.103515625,1.1328125,-0.13671875,-0.3515625
7164,1.103515625,1.19140625,-0.1171875,-0.37109375
7165,1.09375,1.2109375,-0.21484375,-0.37109375
7166,1.2109375,1.181640625,-0.234375,-0.322265625
7167,1.1328125,1.19140625,-0.283203125,-0.29296875
7168,1.1328125,1.162109375,-0.1171875,-0.361328125
7169,1.279296875,1.005859375,-0.1953125,-0.361328125
7170,1.201171875,1.083984375,-0.17578125,-0.537109375
7171,1.181640625,1.357421875,-0.185546875,-0.37109375
7172,1.25,1.3671875,-0.146484375,-0.37109375
7173,1.19140625,1.142578125,-0.25390625,-0.3125
7174,1.181640625,1.25,-0.21484375,-0.439453125
7175,1.19140625,1.025390625,-0.234375,-0.322265625
7176,1.181640625,1.142578125,-0.166015625,-0.400390625
7177,1.181640625,1.220703125,-0.29296875,-0.37109375
7178,1.240234375,1.171875,-0.1953125,-0.380859375
7179,1.064453125,1.11328125,-0.3125,-0.576171875
7180,1.083984375,1.0546875,-0.341796875,-0.37109375
7181,1.19140625,0.966796875,-0.283203125,-0.400390625
7182,1.201171875,1.220703125,-0.361328125,-0.2734375
7183,1.2109375,1.15234375,-0.166015625,-0.380859375
7184,1.123046875,1.07421875,-0.29296875,-0.458984375
7185,1.38671875,1.162109375,-0.205078125,-0.41015625
7186,1.201171875,0.966796875,-0.25390625,-0.44921875
7187,1.1328125,1.1328125,-0.29296875,-0.380859375
7188,1.11328125,1.11328125,-0.224609375,-0.3515625
7189,1.181640625,1.044921875,-0.244140625,-0.283203125
7190,1.123046875,1.09375,-0.224609375,-0.380859375
7191,1.220703125,1.201171875,-0.185546875,-0.380859375
7192,1.279296875,0.986328125,-0.244140625,-0.37109375
7193,1.220703125,1.09375,-0.107421875,-0.3515625
7194,1.123046875,1.103515625,-0.166015625,-0.439453125
7195,1.220703125,1.11328125,-0.224609375,-0.341796875
7196,1.1328125,1.09375,-0.244140625,-0.25390625
7197,1.19140625,1.19140625,-0.21484375,-0.41015625
7198,1.181640625,1.044921875,-0.234375,-0.390625
7199,1.2109375,1.162109375,-0.2734375,-0.283203125
7200,1.279296875,1.09375,-0.146484375,-0.302734375
7201,1.30859375,1.1328125,-0.224609375,-0.341796875
7202,1.162109375,1.298828125,-0.13671875,-0.322265625
7203,1.220703125,1.103515625,-0.263671875,-0.380859375
7204,1.240234375,1.03515625,-0.21484375,-0.400390625
7205,1.181640625,1.19140625,-0.21484375,-0.4296875
7206,1.240234375,1.142578125,-0.1953125,-0.41015625
7207,1.15234375,1.09375,-0.3515625,-0.41015625
7208,1.19140625,1.11328125,-0.29296875,-0.3515625
7209,1.181640625,1.15234375,-0.234375,-0.3515625
7210,1.23046875,1.171875,-0.341796875,-0.37109375
7211,1.2109375,1.103515625,-0.17578125,-0.400390625
7212,1.328125,1.15234375,-0.283203125,-0.361328125
7213,1.240234375,1.07421875,-0.2734375,-0.361328125
7214,1.162109375,1.1328125,-0.390625,-0.322265625
7215,1.201171875,1.1328125,-0.17578125,-0.17578125
7216,1.181640625,1.1328125,-0.302734375,-0.322265625
7217,1.171875,1.1328125,-0.234375,-0.29296875
7218,1.181640625,1.142578125,-0.283203125,-0.44921875
7219,1.201171875,1.123046875,-0.29296875,-0.400390625
7220,1.15234375,1.19140625,-0.21484375,-0.361328125
7221,1.181640625,1.142578125,-0.224609375,-0.322265625
7222,1.30859375,1.171875,-0.244140625,-0.29296875
7223,1.279296875,1.162109375,-0.087890625,-0.33203125
7224,1.25,1.064453125,-0.166015625,-0.517578125
7225,1.220703125,1.09375,-0.21484375,-0.33203125
7226,1.376953125,1.044921875,-0.1171875,-0.341796875
7227,1.34765625,1.1328125,-0.21484375,-0.33203125
7228,1.0546875,1.015625,-0.15625,-0.263671875
7229,1.25,0.947265625,-0.25390625,-0.341796875
7230,1.337890625,1.15234375,-0.234375,-0.419921875
7231,1.2109375,1.11328125,-0.263671875,-0.380859375
7232,1.23046875,1.1328125,-0.2734375,-0.390625
7233,1.162109375,1.103515625,-0.322265625,-0.21484375
7234,1.26953125,1.142578125,-0.263671875,-0.400390625
7235,1.318359375,1.1328125,-0.1171875,-0.302734375
7236,1.23046875,1.103515625,-0.17578125,-0.322265625
7237,1.171875,1.162109375,-0.166015625,-0.390625
7238,1.15234375,1.201171875,-0.185546875,-0.3515625
7239,1.259765625,1.162109375,-0.166015625,-0.1171875
7240,1.09375,1.19140625,-0.21484375,-0.341796875
7241,1.201171875,1.259765625,-0.087890625,-0.322265625
7242,1.142578125,1.19140625,-0.263671875,-0.546875
7243,1.171875,1.201171875,-0.205078125,-0.458984375
7244,1.220703125,1.40625,-0.166015625,-0.33203125
7245,1.142578125,1.25,-0.13671875,-0.25390625
7246,0.966796875,1.171875,-0.244140625,-0.380859375
7247,1.171875,1.044921875,-0.166015625,-0.3125
7248,1.259765625,1.064453125,-0.1953125,-0.283203125
7249,1.19140625,1.201171875,-0.185546875,-0.37109375
7250,1.2109375,1.1328125,-0.17578125,-0.361328125
7251,1.26953125,1.083984375,-0.205078125,-0.2734375
7252,1.23046875,1.162109375,-0.302734375,-0.341796875
7253,1.279296875,1.162109375,-0.205078125,-0.302734375
7254,1.162109375,1.2109375,-0.234375,-0.29296875
7255,1.09375,1.1328125,-0.185546875,-0.126953125
7256,1.103515625,1.171875,-0.205078125,-0.2734375
7257,1.162109375,1.201171875,-0.146484375,-0.13671875
7258,1.25,1.181640625,-0.15625,-0.322265625
7259,1.23046875,1.162109375,-0.244140625,-0.361328125
7260,1.162109375,1.171875,-0.166015625,-0.400390625
7261,1.279296875,1.162109375,-0.234375,-0.15625
7262,1.181640625,1.015625,-0.224609375,-0.380859375
7263,1.162109375,1.181640625,-0.244140625,-0.44921875
7264,1.1328125,1.2109375,-0.263671875,-0.322265625
7265,1.279296875,1.15234375,-0.224609375,-0.37109375
7266,1.181640625,1.181640625,-0.263671875,-0.400390625
7267,1.15234375,1.083984375,-0.2734375,-0.390625
7268,1.15234375,1.083984375,-0.25390625,-0.341796875
7269,1.171875,1.181640625,-0.224609375,-0.44921875
7270,1.171875,1.11328125,-0.21484375,-0.1171875
7271,1.26953125,1.064453125,-0.263671875,-0.29296875
7272,1.23046875,1.11328125,-0.2734375,-0.322265625
7273,1.23046875,1.09375,-0.25390625,-0.2734375
7274,1.220703125,1.09375,-0.17578125,-0.29296875
7275,1.142578125,1.07421875,-0.185546875,-0.283203125
7276,1.181640625,1.19140625,-0.17578125,-0.302734375
7277,1.162109375,1.083984375,-0.185546875,-0.283203125
7278,1.15234375,1.103515625,-0.419921875,-0.3125
7279,1.083984375,1.240234375,-0.234375,-0.302734375
7280,1.11328125,1.044921875,-0.2734375,-0.263671875
7281,1.11328125,1.103515625,-0.21484375,-0.302734375
7282,1.201171875,1.03515625,-0.21484375,-0.37109375
7283,1.11328125,1.03515625,-0.33203125,-0.283203125
7284,1.123046875,1.044921875,-0.205078125,-0.361328125
7285,1.103515625,1.015625,-0.2734375,-0.41015625
7286,1.26953125,1.0546875,-0.283203125,-0.146484375
7287,1.181640625,1.064453125,-0.25390625,-0.341796875
7288,1.1328125,1.171875,-0.3125,-0.25390625
7289,1.103515625,1.015625,-0.29296875,-0.341796875
7290,1.171875,0.95703125,-0.33203125,-0.33203125
7291,1.123046875,1.09375,-0.25390625,-0.400390625
7292,1.123046875,0.99609375,-0.224609375,-0.3515625
7293,1.25,1.07421875,-0.25390625,-0.29296875
7294,1.123046875,1.03515625,-0.341796875,-0.1953125
7295,1.123046875,1.181640625,-0.244140625,-0.37109375
7296,1.1328125,1.279296875,-0.33203125,-0.33203125
7297,1.171875,1.025390625,-0.029296875,-0.3515625
7298,1.171875,1.201171875,-0.185546875,-0.361328125
7299,1.1328125,1.083984375,-0.37109375,-0.302734375
7300,1.162109375,0.947265625,-0.33203125,-0.33203125
7301,1.2109375,1.181640625,-0.205078125,-0.33203125
7302,1.103515625,1.201171875,-0.322265625,-0.283203125
7303,1.142578125,1.162109375,-0.33203125,-0.46875
7304,1.142578125,1.142578125,-0.185546875,-0.166015625
7305,1.03515625,1.0546875,-0.15625,-0.2734375
7306,1.11328125,1.171875,-0.2734375,-0.185546875
7307,1.2109375,1.201171875,-0.322265625,-0.33203125
7308,1.279296875,1.240234375,-0.17578125,-0.283203125
7309,1.279296875,1.005859375,-0.234375,-0.33203125
7310,1.123046875,1.1328125,-0.21484375,-0.1953125
7311,1.171875,1.142578125,-0.2734375,-0.244140625
7312,1.23046875,1.162109375,-0.146484375,-0.380859375
7313,1.259765625,1.0546875,-0.234375,-0.302734375
7314,1.2109375,1.09375,-0.146484375,-0.361328125
7315,1.142578125,1.15234375,0.029296875,-0.25390625
7316,1.181640625,1.1328125,-0.341796875,-0.234375
7317,1.25,1.07421875,-0.1953125,-0.21484375
7318,1.2109375,1.2109375,-0.3515625,-0.283203125
7319,1.201171875,1.142578125,-0.29296875,-0.283203125
7320,1.23046875,1.064453125,-0.17578125,-0.244140625
7321,1.201171875,1.03515625,-0.3125,-0.244140625
7322,1.19140625,1.123046875,-0.322265625,-0.166015625
7323,1.240234375,1.123046875,-0.361328125,-0.341796875
7324,1.171875,1.103515625,-0.283203125,-0.263671875
7325,1.201171875,1.142578125,-0.234375,-0.17578125
7326,1.19140625,1.123046875,-0.5078125,-0.3515625
7327,1.171875,1.103515625,-0.244140625,-0.29296875
7328,1.162109375,1.142578125,-0.341796875,-0.1953125
7329,1.279296875,1.103515625,-0.37109375,-0.263671875
7330,1.142578125,1.2109375,-0.283203125,-0.322265625
7331,1.1328125,1.142578125,-0.244140625,-0.458984375
7332,1.15234375,1.083984375,-0.234375,-0.263671875
7333,1.220703125,1.171875,-0.234375,-0.302734375
7334,1.181640625,1.201171875,-0.234375,-0.234375
7335,1.15234375,1.11328125,-0.263671875,-0.244140625
7336,1.201171875,1.162109375,-0.244140625,-0.33203125
7337,1.15234375,1.07421875,-0.29296875,-0.29296875
7338,1.181640625,1.19140625,-0.1953125,-0.244140625
7339,1.171875,1.07421875,-0.21484375,-0.283203125
7340,1.103515625,1.11328125,-0.25390625,-0.380859375
7341,1.259765625,1.083984375,-0.1953125,-0.244140625
7342,1.2109375,1.1328125,-0.29296875,-0.3125
7343,1.123046875,1.1328125,-0.37109375,-0.380859375
7344,1.259765625,1.171875,-0.439453125,-0.068359375
7345,1.19140625,1.103515625,-0.390625,-0.2734375
7346,1.162109375,1.083984375,-0.390625,-0.244140625
7347,1.298828125,1.103515625,-0.29296875,-0.25390625
7348,1.26953125,1.0546875,-0.283203125,-0.322265625
7349,1.201171875,1.083984375,-0.33203125,-0.21484375
7350,1.15234375,1.11328125,-0.341796875,-0.3125
7351,1.240234375,0.927734375,-0.322265625,-0.263671875
7352,1.19140625,1.15234375,-0.33203125,-0.146484375
7353,1.25,1.171875,-0.322265625,-0.44921875
7354,1.181640625,1.09375,-0.322265625,-0.205078125
7355,1.171875,1.103515625,-0.4296875,-0.166015625
7356,1.220703125,1.1328125,-0.380859375,-0.244140625
7357,1.181640625,1.064453125,-0.17578125,-0.283203125
7358,1.162109375,1.09375,-0.37109375,-0.458984375
7359,1.220703125,1.03515625,-0.341796875,-0.322265625
7360,1.220703125,1.15234375,-0.263671875,-0.17578125
7361,1.19140625,1.0546875,-0.3515625,-0.21484375
7362,1.142578125,1.162109375,-0.33203125,-0.37109375
7363,1.201171875,1.11328125,-0.439453125,-0.25390625
7364,1.19140625,1.025390625,-0.478515625,-0.1171875
7365,1.25,1.09375,-0.390625,-0.25390625
7366,1.171875,1.1328125,-0.224609375,-0.283203125
7367,1.142578125,1.064453125,-0.302734375,-0.1953125
7368,1.0546875,1.025390625,-0.400390625,-0.29296875
7369,1.142578125,1.142578125,-0.2734375,-0.33203125
7370,1.15234375,1.103515625,-0.3515625,-0.25390625
7371,1.220703125,1.03515625,-0.21484375,-0.283203125
7372,1.23046875,0.966796875,-0.2734375,-0.283203125
7373,1.15234375,1.083984375,-0.322265625,-0.361328125
7374,1.005859375,1.083984375,-0.419921875,-0.205078125
7375,1.181640625,1.142578125,-0.302734375,-0.302734375
7376,1.123046875,1.005859375,-0.341796875,-0.13671875
7377,1.19140625,1.09375,-0.263671875,-0.25390625
7378,1.162109375,1.0546875,-0.361328125,-0.25390625
7379,1.15234375,1.1328125,-0.458984375,-0.263671875
7380,1.181640625,1.19140625,-0.322265625,-0.17578125
7381,1.123046875,1.07421875,-0.361328125,-0.21484375
7382,1.142578125,1.103515625,-0.3515625,-0.322265625
7383,1.162109375,1.162109375,-0.322265625,-0.3125
7384,1.23046875,1.162109375,-0.390625,-0.25390625
7385,1.19140625,1.298828125,-0.322265625,-0.17578125
7386,1.2109375,1.181640625,-0.29296875,-0.1953125
7387,1.15234375,1.123046875,-0.21484375,-0.283203125
7388,1.142578125,1.240234375,-0.2734375,-0.29296875
7389,1.337890625,1.1328125,-0.224609375,-0.400390625
7390,1.11328125,1.19140625,-0.1953125,-0.29296875
7391,1.2109375,1.162109375,-0.244140625,-0.224609375
7392,1.220703125,1.142578125,-0.29296875,-0.25390625
7393,1.181640625,1.15234375,-0.361328125,-0.263671875
7394,1.220703125,1.171875,-0.25390625,-0.25390625
7395,1.240234375,1.181640625,-0.17578125,-0.263671875
7396,1.25,1.103515625,-0.263671875,-0.3515625
7397,1.2109375,1.11328125,-0.13671875,-0.263671875
7398,1.26953125,1.142578125,-0.234375,-0.166015625
7399,1.240234375,1.09375,-0.4296875,-0.283203125
7400,1.201171875,1.03515625,-0.41015625,-0.29296875
7401,1.181640625,1.11328125,-0.3125,-0.283203125
7402,1.15234375,1.123046875,-0.44921875,-0.263671875
7403,1.220703125,1.201171875,-0.380859375,-0.302734375
7404,1.2109375,1.15234375,-0.341796875,-0.244140625
7405,1.26953125,1.162109375,-0.41015625,-0.2734375
7406,1.123046875,1.1328125,-0.341796875,-0.29296875
7407,1.2109375,1.15234375,-0.21484375,-0.25390625
7408,1.142578125,1.15234375,-0.2734375,-0.244140625
7409,1.259765625,1.11328125,-0.25390625,-0.1953125
7410,1.23046875,1.103515625,-0.283203125,-0.458984375
7411,1.240234375,1.240234375,-0.380859375,-0.33203125
7412,1.26953125,1.09375,-0.361328125,-0.263671875
7413,1.25,1.162109375,-0.400390625,-0.244140625
7414,1.25,1.220703125,-0.234375,-0.33203125
7415,1.259765625,1.23046875,-0.3515625,-0.29296875
7416,1.201171875,1.220703125,-0.3515625,-0.361328125
7417,1.171875,1.11328125,-0.3125,-0.302734375
7418,1.103515625,1.171875,-0.33203125,-0.283203125
7419,1.201171875,1.162109375,-0.224609375,-0.390625
7420,1.044921875,1.11328125,-0.3515625,-0.1953125
7421,1.025390625,1.279296875,-0.380859375,-0.283203125
7422,1.2109375,0.99609375,-0.33203125,-0.302734375
7423,1.19140625,1.09375,-0.341796875,-0.46875
7424,1.162109375,1.07421875,-0.400390625,-0.380859375
7425,1.30859375,1.11328125,-0.244140625,-0.2734375
7426,1.07421875,1.15234375,-0.21484375,-0.380859375
7427,1.240234375,1.142578125,-0.25390625,-0.302734375
7428,1.142578125,1.23046875,-0.302734375,-0.33203125
7429,1.298828125,1.171875,-0.33203125,-0.302734375
7430,1.123046875,1.103515625,-0.419921875,-0.302734375
7431,1.259765625,1.103515625,-0.302734375,-0.263671875
7432,1.123046875,1.1328125,-0.29296875,-0.361328125
7433,1.11328125,1.240234375,-0.322265625,-0.29296875
7434,1.201171875,1.123046875,-0.234375,-0.283203125
7435,1.201171875,1.1328125,-0.37109375,-0.29296875
7436,1.25,1.2890625,-0.419921875,-0.2734375
7437,1.19140625,1.181640625,-0.419921875,-0.283203125
7438,1.259765625,1.181640625,-0.3125,-0.25390625
7439,1.19140625,1.171875,-0.3125,-0.283203125
7440,1.2109375,1.07421875,-0.185546875,-0.2734375
7441,1.30859375,1.171875,-0.21484375,-0.29296875
7442,1.25,1.103515625,-0.3125,-0.2734375
7443,1.2109375,1.171875,-0.2734375,-0.322265625
7444,1.279296875,1.1328125,-0.283203125,-0.322265625
7445,1.26953125,1.2109375,-0.41015625,-0.390625
7446,1.240234375,1.2109375,-0.126953125,-0.3515625
7447,1.2109375,1.220703125,-0.263671875,-0.3515625
7448,1.279296875,1.220703125,-0.29296875,-0.322265625
7449,1.15234375,1.240234375,-0.37109375,-0.33203125
7450,1.220703125,1.171875,-0.25390625,-0.302734375
7451,1.171875,1.19140625,-0.322265625,-0.33203125
7452,1.19140625,1.240234375,-0.2734375,-0.380859375
7453,1.201171875,1.2109375,-0.302734375,-0.361328125
7454,1.25,1.25,-0.185546875,-0.322265625
7455,1.240234375,1.220703125,-0.2734375,-0.302734375
7456,1.181640625,1.162109375,-0.3125,-0.37109375
7457,1.162109375,1.259765625,-0.234375,-0.33203125
7458,1.15234375,1.25,-0.41015625,-0.3125
7459,1.2109375,1.23046875,-0.25390625,-0.3125
7460,1.044921875,1.240234375,-0.302734375,-0.37109375
7461,1.142578125,1.23046875,-0.3125,-0.205078125
7462,1.1328125,1.15234375,-0.3125,-0.3515625
7463,1.11328125,1.23046875,-0.25390625,-0.166015625
7464,1.083984375,1.25,-0.380859375,-0.29296875
7465,1.19140625,1.201171875,-0.361328125,-0.478515625
7466,1.1328125,1.328125,-0.380859375,-0.302734375
7467,1.11328125,1.201171875,-0.3125,-0.244140625
7468,1.064453125,1.19140625,-0.263671875,-0.17578125
7469,1.142578125,1.201171875,-0.244140625,-0.380859375
7470,1.09375,1.11328125,-0.2734375,-0.3125
7471,1.025390625,1.201171875,-0.2734375,-0.3125
7472,1.2109375,1.142578125,-0.2734375,-0.380859375
7473,1.171875,1.279296875,-0.44921875,-0.400390625
7474,1.064453125,1.123046875,-0.224609375,-0.234375
7475,1.15234375,1.201171875,-0.33203125,-0.29296875
7476,1.15234375,1.2890625,-0.283203125,-0.341796875
7477,1.0546875,1.25,-0.3125,-0.33203125
7478,1.15234375,1.23046875,-0.21484375,-0.37109375
7479,1.083984375,1.201171875,-0.166015625,-0.380859375
7480,1.07421875,1.328125,-0.37109375,-0.17578125
7481,1.181640625,1.259765625,-0.29296875,-0.3515625
7482,1.162109375,1.162109375,-0.44921875,-0.341796875
7483,1.103515625,1.220703125,-0.185546875,-0.33203125
7484,1.2109375,1.259765625,-0.21484375,-0.41015625
7485,1.142578125,1.123046875,-0.3125,-0.3515625
7486,1.103515625,1.15234375,-0.234375,-0.283203125
7487,1.103515625,1.25,-0.1953125,-0.224609375
7488,1.201171875,1.298828125,-0.2734375,-0.419921875
7489,1.181640625,1.220703125,-0.361328125,-0.283203125
7490,1.1328125,1.25,-0.3125,-0.25390625
7491,1.064453125,1.171875,-0.37109375,-0.25390625
7492,1.171875,1.2109375,-0.322265625,-0.3125
7493,1.09375,1.259765625,-0.234375,-0.400390625
7494,1.142578125,1.40625,-0.224609375,-0.48828125
7495,1.15234375,1.23046875,-0.283203125,-0.283203125
7496,1.0546875,1.23046875,-0.263671875,-0.380859375
7497,1.259765625,1.26953125,-0.322265625,-0.33203125
7498,1.15234375,1.2109375,-0.29296875,-0.46875
7499,1.103515625,1.19140625,-0.37109375,-0.4296875
7500,1.142578125,1.2109375,-0.283203125,-0.400390625
7501,1.123046875,1.416015625,-0.33203125,-0.4296875
7502,1.162109375,1.162109375,-0.2734375,-0.322265625
7503,1.220703125,1.220703125,-0.302734375,-0.419921875
7504,1.15234375,1.09375,-0.21484375,-0.419921875
7505,1.19140625,1.19140625,-0.25390625,-0.380859375
7506,1.171875,1.298828125,-0.283203125,-0.41015625
7507,1.201171875,1.19140625,-0.29296875,-0.390625
7508,1.26953125,1.240234375,-0.322265625,-0.44921875
7509,1.171875,1.2890625,-0.3125,-0.263671875
7510,1.19140625,1.2890625,-0.234375,-0.3515625
7511,1.171875,1.123046875,-0.234375,-0.322265625
7512,1.1328125,1.279296875,-0.283203125,-0.37109375
7513,1.162109375,1.19140625,-0.234375,-0.458984375
7514,1.240234375,1.11328125,-0.302734375,-0.361328125
7515,1.044921875,1.123046875,-0.21484375,-0.380859375
7516,1.064453125,1.279296875,-0.302734375,-0.25390625
7517,1.103515625,1.240234375,-0.33203125,-0.458984375
7518,1.03515625,1.142578125,-0.234375,-0.400390625
7519,1.03515625,1.171875,-0.21484375,-0.419921875
7520,1.15234375,1.19140625,-0.2734375,-0.478515625
7521,0.99609375,1.181640625,-0.234375,-0.654296875
7522,1.1328125,1.279296875,-0.244140625,-0.25390625
7523,1.044921875,1.220703125,-0.3515625,-0.3125
7524,1.03515625,1.171875,-0.185546875,-0.3515625
7525,1.09375,1.19140625,-0.244140625,-0.361328125
7526,1.044921875,1.2890625,-0.224609375,-0.390625
7527,1.1328125,1.181640625,-0.25390625,-0.4296875
7528,1.07421875,1.025390625,-0.322265625,-0.302734375
7529,1.103515625,1.083984375,-0.244140625,-0.37109375
7530,1.142578125,1.19140625,-0.3125,-0.3515625
7531,1.26953125,1.220703125,-0.2734375,-0.3515625
7532,1.09375,1.19140625,-0.283203125,-0.5078125
7533,1.03515625,1.181640625,-0.21484375,-0.361328125
7534,1.09375,1.25,-0.33203125,-0.33203125
7535,1.03515625,1.23046875,-0.2734375,-0.390625
7536,1.09375,1.15234375,-0.21484375,-0.46875
7537,1.09375,1.23046875,-0.21484375,-0.302734375
7538,1.123046875,1.181640625,-0.1953125,-0.4296875
7539,1.142578125,1.2109375,-0.2734375,-0.419921875
7540,1.005859375,1.181640625,-0.29296875,-0.4296875
7541,1.064453125,1.103515625,-0.361328125,-0.3125
7542,1.201171875,1.2109375,-0.185546875,-0.400390625
7543,1.142578125,1.11328125,-0.205078125,-0.3515625
7544,1.123046875,1.171875,-0.322265625,-0.37109375
7545,1.11328125,1.171875,-0.2734375,-0.3515625
7546,1.15234375,1.123046875,-0.2734375,-0.390625
7547,1.201171875,1.171875,-0.263671875,-0.546875
7548,1.123046875,1.103515625,-0.234375,-0.29296875
7549,1.162109375,1.015625,-0.234375,-0.400390625
7550,1.181640625,1.259765625,-0.263671875,-0.400390625
7551,1.19140625,1.15234375,-0.2734375,-0.380859375
7552,1.0546875,1.11328125,-0.107421875,-0.48828125
7553,1.142578125,1.162109375,-0.263671875,-0.46875
7554,1.15234375,1.2109375,-0.205078125,-0.478515625
7555,1.15234375,1.142578125,-0.2734375,-0.341796875
7556,1.064453125,1.064453125,-0.302734375,-0.537109375
7557,1.15234375,1.2109375,-0.283203125,-0.48828125
7558,1.07421875,1.19140625,-0.37109375,-0.341796875
7559,1.15234375,1.25,-0.3125,-0.419921875
7560,1.1328125,1.162109375,-0.263671875,-0.390625
7561,1.064453125,1.1328125,-0.33203125,-0.546875
7562,1.171875,1.220703125,-0.283203125,-0.3515625
7563,1.09375,1.15234375,-0.263671875,-0.2734375
7564,1.11328125,1.09375,-0.224609375,-0.46875
7565,1.03515625,1.103515625,-0.263671875,-0.400390625
7566,1.064453125,1.181640625,-0.234375,-0.33203125
7567,1.064453125,1.123046875,-0.2734375,-0.390625
7568,1.142578125,1.11328125,-0.2734375,-0.5078125
7569,1.162109375,1.1328125,-0.322265625,-0.341796875
7570,0.9765625,1.123046875,-0.302734375,-0.48828125
7571,1.162109375,1.162109375,-0.244140625,-0.3125
7572,1.07421875,1.15234375,-0.263671875,-0.419921875
7573,1.162109375,1.19140625,-0.17578125,-0.439453125
7574,1.103515625,1.23046875,-0.263671875,-0.419921875
7575,1.1328125,1.11328125,-0.25390625,-0.234375
7576,1.2109375,1.1328125,-0.29296875,-0.44921875
7577,1.09375,1.1328125,-0.2734375,-0.419921875
7578,1.142578125,1.162109375,-0.33203125,-0.380859375
7579,1.025390625,1.171875,-0.234375,-0.390625
7580,1.103515625,1.142578125,-0.21484375,-0.3515625
7581,1.07421875,1.09375,-0.205078125,-0.3515625
7582,1.103515625,1.142578125,-0.185546875,-0.439453125
7583,1.142578125,1.1328125,-0.25390625,-0.458984375
7584,1.025390625,1.1328125,-0.234375,-0.380859375
7585,1.025390625,1.07421875,-0.15625,-0.41015625
7586,1.162109375,1.25,-0.244140625,-0.390625
7587,1.064453125,1.19140625,-0.25390625,-0.44921875
7588,1.11328125,1.123046875,-0.29296875,-0.37109375
7589,1.11328125,1.025390625,-0.224609375,-0.322265625
7590,1.03515625,1.09375,-0.224609375,-0.478515625
7591,1.044921875,1.181640625,-0.1953125,-0.41015625
7592,1.142578125,1.23046875,-0.244140625,-0.3515625
7593,1.064453125,1.376953125,-0.25390625,-0.46875
7594,1.11328125,1.220703125,-0.224609375,-0.41015625
7595,1.064453125,1.0546875,-0.29296875,-0.33203125
7596,1.09375,1.1328125,-0.25390625,-0.4296875
7597,1.162109375,1.142578125,-0.146484375,-0.380859375
7598,1.044921875,1.259765625,-0.25390625,-0.341796875
7599,1.09375,1.15234375,-0.302734375,-0.380859375
7600,0.99609375,1.142578125,-0.234375,-0.37109375
7601,1.279296875,1.083984375,-0.244140625,-0.400390625
7602,1.162109375,0.9375,-0.263671875,-0.33203125
7603,1.07421875,1.15234375,-0.390625,-0.458984375
7604,1.181640625,1.240234375,-0.166015625,-0.439453125
7605,1.142578125,1.240234375,-0.263671875,-0.33203125
7606,1.26953125,1.162109375,-0.126953125,-0.322265625
7607,1.123046875,1.083984375,-0.3125,-0.380859375
7608,1.1328125,0.986328125,-0.263671875,-0.458984375
7609,1.09375,1.03515625,-0.322265625,-0.46875
7610,1.07421875,1.162109375,-0.25390625,-0.419921875
7611,1.2109375,1.103515625,-0.2734375,-0.52734375
7612,1.09375,1.083984375,-0.341796875,-0.41015625
7613,1.19140625,1.181640625,-0.21484375,-0.439453125
7614,1.181640625,1.220703125,-0.390625,-0.41015625
7615,1.162109375,1.15234375,-0.37109375,-0.419921875
7616,1.09375,1.2109375,-0.3125,-0.517578125
7617,1.123046875,1.083984375,-0.380859375,-0.283203125
7618,1.26953125,1.181640625,-0.2734375,-0.595703125
7619,1.171875,1.11328125,-0.185546875,-0.44921875
7620,1.11328125,1.171875,-0.29296875,-0.322265625
7621,0.95703125,1.11328125,-0.224609375,-0.3515625
7622,1.11328125,1.11328125,-0.087890625,-0.322265625
7623,1.123046875,1.2109375,-0.205078125,-0.33203125
7624,1.25,1.123046875,-0.302734375,-0.3125
7625,1.1328125,1.142578125,-0.234375,-0.322265625
7626,1.15234375,1.15234375,-0.302734375,-0.283203125
7627,1.279296875,1.1328125,-0.205078125,-0.341796875
7628,1.162109375,1.09375,-0.263671875,-0.3125
7629,1.123046875,0.99609375,-0.126953125,-0.390625
7630,1.19140625,1.142578125,-0.1953125,-0.33203125
7631,1.328125,1.103515625,-0.244140625,-0.380859375
7632,1.142578125,1.1328125,-0.224609375,-0.3515625
7633,1.220703125,1.103515625,-0.3515625,-0.5859375
7634,1.201171875,1.09375,-0.29296875,-0.3125
7635,1.181640625,0.986328125,-0.244140625,-0.390625
7636,1.162109375,1.142578125,-0.302734375,-0.25390625
7637,1.19140625,1.15234375,-0.21484375,-0.400390625
7638,1.162109375,1.11328125,-0.341796875,-0.361328125
7639,1.220703125,1.123046875,-0.263671875,-0.458984375
7640,1.03515625,1.11328125,-0.244140625,-0.3125
7641,1.171875,1.181640625,-0.29296875,-0.439453125
7642,1.142578125,1.162109375,-0.3125,-0.341796875
7643,1.064453125,1.103515625,-0.3515625,-0.380859375
7644,1.171875,0.99609375,-0.322265625,-0.361328125
7645,1.181640625,1.09375,-0.224609375,-0.419921875
7646,1.220703125,1.19140625,-0.234375,-0.400390625
7647,1.162109375,1.07421875,-0.37109375,-0.3515625
7648,1.201171875,1.142578125,-0.341796875,-0.390625
7649,1.025390625,1.142578125,-0.29296875,-0.33203125
7650,1.15234375,0.966796875,-0.263671875,-0.400390625
7651,1.083984375,1.30859375,-0.302734375,-0.390625
7652,1.15234375,1.15234375,-0.185546875,-0.3125
7653,1.083984375,1.09375,-0.244140625,-0.302734375
7654,1.1328125,1.26953125,-0.234375,-0.3515625
7655,1.25,1.162109375,-0.17578125,-0.3515625
7656,1.2890625,1.162109375,-0.322265625,-0.29296875
7657,1.25,1.083984375,-0.3125,-0.29296875
7658,1.30859375,1.11328125,-0.33203125,-0.33203125
7659,1.26953125,1.0546875,-0.3125,-0.29296875
7660,1.328125,0.927734375,-0.322265625,-0.3515625
7661,1.357421875,1.15234375,-0.380859375,-0.390625
7662,1.357421875,1.318359375,-0.166015625,-0.361328125
7663,1.171875,1.162109375,-0.3125,-0.2734375
7664,1.4453125,1.025390625,-0.25390625,-0.185546875
7665,1.30859375,1.337890625,-0.25390625,-0.390625
7666,1.19140625,1.240234375,-0.29296875,-0.44921875
7667,1.162109375,1.07421875,-0.4296875,-0.33203125
7668,1.201171875,0.87890625,-0.380859375,-0.390625
7669,1.25,1.19140625,-0.263671875,-0.33203125
7670,1.171875,1.2109375,-0.37109375,-0.3515625
7671,1.171875,1.03515625,-0.2734375,-0.458984375
7672,1.15234375,1.09375,-0.3125,-0.33203125
7673,1.2109375,1.181640625,-0.3125,-0.33203125
7674,1.23046875,1.11328125,-0.33203125,-0.302734375
7675,1.19140625,1.162109375,-0.33203125,-0.263671875
7676,1.2109375,1.181640625,-0.224609375,-0.37109375
7677,1.26953125,1.201171875,-0.244140625,-0.361328125
7678,1.15234375,1.337890625,-0.21484375,-0.3125
7679,1.25,1.162109375,-0.21484375,-0.341796875
7680,1.162109375,1.142578125,-0.224609375,-0.341796875
7681,1.162109375,1.26953125,-0.107421875,-0.400390625
7682,1.162109375,1.162109375,-0.205078125,-0.361328125
7683,1.220703125,1.19140625,-0.234375,-0.33203125
7684,1.201171875,1.181640625,-0.29296875,-0.29296875
7685,1.279296875,1.162109375,-0.25390625,-0.2734375
7686,1.1328125,1.19140625,-0.048828125,-0.361328125
7687,1.26953125,1.044921875,-0.2734375,-0.361328125
7688,1.11328125,1.181640625,-0.21484375,-0.33203125
7689,1.162109375,1.15234375,-0.205078125,-0.2734375
7690,1.162109375,1.1328125,-0.29296875,-0.302734375
7691,1.201171875,1.123046875,-0.263671875,-0.41015625
7692,1.15234375,1.083984375,-0.234375,-0.33203125
7693,1.171875,1.23046875,-0.302734375,-0.458984375
7694,1.162109375,1.1328125,-0.205078125,-0.46875
7695,1.142578125,1.09375,-0.25390625,-0.3125
7696,1.11328125,1.142578125,-0.234375,-0.380859375
7697,1.240234375,1.11328125,-0.234375,-0.33203125
7698,1.07421875,1.1328125,-0.234375,-0.41015625
7699,1.171875,1.162109375,-0.322265625,-0.4296875
7700,1.2109375,1.181640625,-0.29296875,-0.390625
7701,1.1328125,1.11328125,-0.234375,-0.37109375
7702,1.11328125,1.103515625,-0.283203125,-0.341796875
7703,1.19140625,1.103515625,-0.244140625,-0.322265625
7704,1.23046875,1.083984375,-0.3515625,-0.341796875
7705,1.064453125,1.123046875,-0.37109375,-0.33203125
7706,1.123046875,1.0546875,-0.25390625,-0.1953125
7707,1.19140625,1.09375,-0.322265625,-0.3125
7708,1.142578125,1.240234375,-0.25390625,-0.244140625
7709,1.23046875,1.123046875,-0.1953125,-0.322265625
7710,1.15234375,1.171875,-0.2734375,-0.302734375
7711,1.19140625,1.11328125,-0.25390625,-0.3515625
7712,1.15234375,1.044921875,-0.3125,-0.3125
7713,1.298828125,1.0546875,-0.25390625,-0.322265625
7714,1.15234375,1.083984375,-0.234375,-0.263671875
7715,1.19140625,0.99609375,-0.21484375,-0.244140625
7716,1.09375,1.07421875,-0.25390625,-0.263671875
7717,1.162109375,1.11328125,-0.263671875,-0.302734375
7718,1.25,1.0546875,-0.21484375,-0.322265625
7719,1.23046875,1.123046875,-0.2734375,-0.146484375
7720,1.220703125,1.025390625,-0.41015625,-0.3515625
7721,1.103515625,1.083984375,-0.29296875,-0.341796875
7722,1.220703125,0.99609375,-0.3125,-0.41015625
7723,1.142578125,1.07421875,-0.13671875,-0.380859375
7724,1.201171875,1.064453125,-0.224609375,-0.341796875
7725,1.23046875,1.0546875,-0.224609375,-0.263671875
7726,1.25,1.005859375,-0.263671875,-0.29296875
7727,1.123046875,1.26953125,-0.263671875,-0.302734375
7728,1.30859375,1.1328125,-0.361328125,-0.33203125
7729,1.19140625,1.240234375,-0.302734375,-0.380859375
7730,1.201171875,1.1328125,-0.37109375,-0.302734375
7731,1.15234375,1.15234375,-0.146484375,-0.419921875
7732,1.064453125,1.181640625,-0.09765625,-0.302734375
7733,1.15234375,1.2890625,-0.263671875,-0.21484375
7734,1.201171875,1.11328125,-0.380859375,-0.263671875
7735,1.201171875,1.064453125,-0.1171875,-0.419921875
7736,1.15234375,1.0546875,-0.1953125,-0.224609375
7737,1.03515625,1.103515625,-0.21484375,-0.3125
7738,1.171875,1.025390625,-0.15625,-0.263671875
7739,1.15234375,1.181640625,-0.244140625,-0.17578125
7740,1.259765625,1.103515625,-0.263671875,-0.25390625
7741,1.083984375,1.142578125,-0.322265625,-0.263671875
7742,1.15234375,1.015625,-0.17578125,-0.341796875
7743,1.2109375,1.083984375,-0.234375,-0.33203125
7744,1.064453125,1.15234375,-0.2734375,-0.205078125
7745,1.123046875,1.123046875,-0.29296875,-0.21484375
7746,1.201171875,1.09375,-0.283203125,-0.205078125
7747,1.2109375,1.09375,-0.234375,-0.25390625
7748,1.181640625,1.015625,-0.244140625,-0.244140625
7749,1.1328125,1.09375,-0.37109375,-0.2734375
7750,1.181640625,1.0546875,-0.3125,-0.21484375
7751,1.220703125,1.201171875,-0.25390625,-0.1171875
7752,1.1328125,1.1328125,-0.25390625,-0.244140625
7753,1.220703125,1.03515625,-0.361328125,-0.244140625
7754,1.220703125,1.15234375,-0.3515625,-0.25390625
7755,1.1328125,1.162109375,-0.3125,-0.341796875
7756,1.1328125,1.162109375,-0.322265625,-0.244140625
7757,1.171875,1.171875,-0.302734375,-0.17578125
7758,1.181640625,1.11328125,-0.33203125,-0.302734375
7759,1.240234375,1.123046875,-0.3515625,-0.15625
7760,1.15234375,1.11328125,-0.341796875,-0.263671875
7761,1.15234375,1.162109375,-0.3125,-0.25390625
7762,1.201171875,1.142578125,-0.25390625,-0.263671875
7763,1.1328125,1.171875,-0.244140625,-0.234375
7764,1.03515625,1.064453125,-0.283203125,-0.234375
7765,1.025390625,1.11328125,-0.234375,-0.224609375
7766,1.201171875,1.171875,-0.25390625,-0.283203125
7767,1.220703125,1.07421875,-0.478515625,-0.302734375
7768,1.240234375,1.11328125,-0.400390625,-0.205078125
7769,1.181640625,1.19140625,-0.3125,-0.205078125
7770,1.2109375,1.103515625,-0.283203125,-0.302734375
7771,1.11328125,1.142578125,-0.37109375,-0.29296875
7772,1.171875,1.171875,-0.322265625,-0.21484375
7773,1.240234375,1.15234375,-0.302734375,-0.234375
7774,1.171875,1.2109375,-0.302734375,-0.234375
7775,1.142578125,1.123046875,-0.41015625,-0.185546875
7776,1.240234375,1.123046875,-0.29296875,-0.283203125
7777,1.0546875,1.181640625,-0.390625,-0.322265625
7778,1.171875,1.162109375,-0.400390625,-0.224609375
7779,1.07421875,1.015625,-0.283203125,-0.224609375
7780,1.1328125,1.064453125,-0.361328125,-0.185546875
7781,1.171875,1.19140625,-0.244140625,-0.302734375
7782,1.11328125,1.0546875,-0.234375,-0.2734375
7783,1.181640625,1.09375,-0.2734375,-0.29296875
7784,1.23046875,1.11328125,-0.41015625,-0.244140625
7785,1.19140625,1.171875,-0.29296875,-0.37109375
7786,1.240234375,1.123046875,-0.33203125,-0.1953125
7787,1.171875,1.123046875,-0.41015625,-0.17578125
7788,1.1328125,1.2890625,-0.33203125,-0.15625
7789,1.201171875,1.1328125,-0.322265625,-0.244140625
7790,1.171875,1.162109375,-0.185546875,-0.283203125
7791,1.23046875,1.142578125,-0.439453125,-0.21484375
7792,1.171875,1.1328125,-0.322265625,-0.224609375
7793,1.19140625,1.142578125,-0.52734375,-0.263671875
7794,1.11328125,1.09375,-0.380859375,-0.146484375
7795,1.103515625,0.99609375,-0.234375,-0.21484375
7796,1.2890625,0.888671875,-0.390625,-0.166015625
7797,1.171875,1.0546875,-0.3515625,-0.17578125
7798,1.123046875,1.064453125,-0.341796875,-0.234375
7799,1.064453125,1.07421875,-0.361328125,-0.244140625
7800,1.171875,1.0546875,-0.37109375,-0.234375
7801,1.15234375,1.07421875,-0.283203125,-0.205078125
7802,1.171875,1.025390625,-0.15625,-0.3125
7803,1.181640625,1.11328125,-0.400390625,-0.17578125
7804,1.09375,1.044921875,-0.263671875,-0.361328125
7805,1.2109375,1.19140625,-0.37109375,-0.2734375
7806,1.171875,1.015625,-0.3515625,-0.283203125
7807,1.103515625,1.07421875,-0.25390625,-0.224609375
7808,1.103515625,1.064453125,-0.263671875,-0.322265625
7809,1.103515625,1.0546875,-0.283203125,-0.283203125
7810,1.142578125,1.15234375,-0.2734375,-0.263671875
7811,1.09375,1.142578125,-0.390625,-0.283203125
7812,1.181640625,1.07421875,-0.166015625,-0.234375
7813,1.044921875,1.201171875,-0.29296875,-0.361328125
7814,1.171875,1.19140625,-0.341796875,-0.25390625
7815,1.103515625,1.1328125,-0.1953125,-0.234375
7816,1.103515625,1.142578125,-0.166015625,-0.087890625
7817,1.15234375,1.171875,-0.25390625,-0.390625
7818,1.123046875,1.19140625,-0.166015625,-0.244140625
7819,1.07421875,1.171875,-0.205078125,-0.263671875
7820,1.19140625,1.15234375,-0.322265625,-0.380859375
7821,1.220703125,1.201171875,-0.146484375,-0.302734375
7822,1.19140625,1.15234375,-0.283203125,-0.322265625
7823,1.181640625,1.220703125,-0.3125,-0.234375
7824,1.2109375,1.1328125,-0.41015625,-0.2734375
7825,1.201171875,1.201171875,-0.2734375,-0.15625
7826,1.220703125,1.181640625,-0.185546875,-0.15625
7827,1.19140625,1.162109375,-0.244140625,-0.3125
7828,1.240234375,1.15234375,-0.185546875,-0.185546875
7829,1.181640625,1.103515625,-0.283203125,-0.2734375
7830,1.259765625,1.123046875,-0.361328125,-0.361328125
7831,1.171875,1.11328125,-0.21484375,-0.25390625
7832,1.181640625,1.23046875,-0.244140625,-0.361328125
7833,1.1328125,0.99609375,-0.322265625,-0.29296875
7834,1.279296875,1.09375,-0.322265625,-0.283203125
7835,1.142578125,1.171875,-0.302734375,-0.21484375
7836,1.0546875,1.103515625,-0.33203125,-0.419921875
7837,1.26953125,1.064453125,-0.341796875,-0.263671875
7838,1.142578125,1.142578125,-0.390625,-0.21484375
7839,1.0546875,1.09375,-0.46875,-0.234375
7840,1.1328125,1.03515625,-0.302734375,-0.341796875
7841,1.259765625,1.201171875,-0.283203125,-0.224609375
7842,1.142578125,0.947265625,-0.15625,-0.17578125
7843,1.2109375,1.123046875,-0.341796875,-0.029296875
7844,1.07421875,1.103515625,-0.244140625,-0.283203125
7845,1.142578125,1.259765625,-0.380859375,-0.244140625
7846,1.07421875,1.11328125,-0.3125,-0.322265625
7847,1.181640625,1.1328125,-0.478515625,-0.33203125
7848,1.220703125,1.220703125,-0.2734375,-0.25390625
7849,1.1328125,1.044921875,-0.2734375,-0.3125
7850,1.279296875,1.123046875,-0.234375,-0.33203125
7851,1.171875,1.103515625,-0.4296875,-0.3515625
7852,1.2109375,1.171875,-0.205078125,-0.4296875
7853,1.25,1.0546875,-0.302734375,-0.302734375
7854,1.123046875,1.1328125,-0.29296875,-0.283203125
7855,1.15234375,1.015625,-0.25390625,-0.234375
7856,1.23046875,1.103515625,-0.244140625,-0.302734375
7857,1.171875,1.162109375,-0.33203125,-0.283203125
7858,1.181640625,1.0546875,-0.37109375,-0.29296875
7859,1.171875,1.07421875,-0.29296875,-0.009765625
7860,1.162109375,1.09375,-0.29296875,-0.2734375
7861,1.2109375,1.064453125,-0.3125,-0.263671875
7862,1.19140625,1.201171875,-0.361328125,-0.3515625
7863,1.259765625,1.103515625,-0.361328125,-0.3125
7864,1.201171875,1.19140625,-0.33203125,-0.2734375
7865,1.220703125,1.11328125,-0.29296875,-0.29296875
7866,1.162109375,1.181640625,-0.29296875,-0.283203125
7867,1.142578125,1.25,-0.4296875,-0.3125
7868,1.279296875,1.181640625,-0.37109375,-0.322265625
7869,1.103515625,1.162109375,-0.3125,-0.263671875
7870,1.201171875,1.1328125,-0.37109375,-0.1953125
7871,1.220703125,1.1328125,-0.3515625,-0.361328125
7872,1.1328125,1.171875,-0.263671875,-0.302734375
7873,1.240234375,1.298828125,-0.283203125,-0.361328125
7874,1.171875,1.162109375,-0.283203125,-0.263671875
7875,1.171875,1.142578125,-0.29296875,-0.283203125
7876,1.171875,1.09375,-0.29296875,-0.29296875
7877,1.162109375,1.2109375,-0.4296875,-0.361328125
7878,1.044921875,1.2109375,-0.302734375,-0.341796875
7879,1.19140625,1.201171875,-0.224609375,-0.33203125
7880,1.103515625,1.2109375,-0.224609375,-0.263671875
7881,1.19140625,1.220703125,-0.33203125,-0.3125
7882,1.142578125,1.171875,-0.322265625,-0.341796875
7883,1.1328125,1.09375,-0.166015625,-0.3515625
7884,1.11328125,1.15234375,-0.224609375,-0.341796875
7885,1.259765625,1.11328125,-0.3125,-0.37109375
7886,1.162109375,1.201171875,-0.224609375,-0.41015625
7887,1.025390625,1.357421875,-0.29296875,-0.361328125
7888,1.15234375,1.1328125,-0.17578125,-0.283203125
7889,1.181640625,1.298828125,-0.263671875,-0.322265625
7890,1.044921875,1.23046875,-0.33203125,-0.3515625
7891,1.15234375,1.064453125,-0.302734375,-0.390625
7892,1.26953125,1.15234375,-0.341796875,-0.33203125
7893,1.23046875,1.2109375,-0.29296875,-0.3125
7894,1.123046875,1.171875,-0.322265625,-0.33203125
7895,1.171875,1.25,-0.263671875,-0.3125
7896,1.123046875,1.181640625,-0.2734375,-0.25390625
7897,1.03515625,1.103515625,-0.146484375,-0.302734375
7898,1.142578125,1.40625,-0.146484375,-0.37109375
7899,1.162109375,1.2109375,-0.302734375,-0.341796875
7900,1.142578125,1.259765625,-0.107421875,-0.2734375
7901,1.1328125,1.2109375,-0.21484375,-0.244140625
7902,1.2109375,1.1328125,-0.322265625,-0.33203125
7903,1.0546875,1.09375,-0.33203125,-0.341796875
7904,1.103515625,1.11328125,-0.29296875,-0.224609375
7905,1.025390625,1.201171875,-0.234375,-0.224609375
7906,1.171875,1.201171875,-0.2734375,-0.400390625
7907,1.19140625,1.26953125,-0.224609375,-0.244140625
7908,1.2109375,1.23046875,-0.283203125,-0.302734375
7909,0.99609375,1.162109375,-0.390625,-0.322265625
7910,1.181640625,1.162109375,-0.263671875,-0.3125
7911,1.171875,1.220703125,-0.29296875,-0.3125
7912,1.162109375,1.142578125,-0.17578125,-0.33203125
7913,1.1328125,1.259765625,-0.234375,-0.341796875
7914,1.103515625,1.19140625,-0.29296875,-0.37109375
7915,1.162109375,1.123046875,-0.224609375,-0.37109375
7916,1.19140625,1.162109375,-0.380859375,-0.361328125
7917,1.15234375,1.25,-0.1953125,-0.361328125
7918,1.15234375,1.240234375,-0.302734375,-0.478515625
7919,1.015625,1.220703125,-0.283203125,-0.302734375
7920,1.09375,1.2109375,-0.283203125,-0.380859375
7921,1.123046875,1.26953125,-0.146484375,-0.361328125
7922,1.07421875,1.201171875,-0.283203125,-0.48828125
7923,1.064453125,1.2890625,-0.234375,-0.41015625
7924,1.201171875,1.259765625,-0.1953125,-0.41015625
7925,1.09375,1.259765625,-0.3125,-0.419921875
7926,1.11328125,1.220703125,-0.3125,-0.44921875
7927,1.11328125,1.201171875,-0.322265625,-0.361328125
7928,1.181640625,1.259765625,-0.205078125,-0.419921875
7929,1.1328125,1.23046875,-0.1953125,-0.439453125
7930,1.103515625,1.23046875,-0.234375,-0.390625
7931,1.123046875,1.23046875,-0.263671875,-0.48828125
7932,1.220703125,1.279296875,-0.3515625,-0.46875
7933,1.103515625,1.220703125,-0.244140625,-0.41015625
7934,1.171875,1.19140625,-0.263671875,-0.419921875
7935,1.240234375,1.142578125,-0.263671875,-0.33203125
7936,1.19140625,1.09375,-0.234375,-0.556640625
7937,1.142578125,1.240234375,-0.2734375,-0.361328125
7938,1.171875,1.201171875,-0.263671875,-0.4296875
7939,1.083984375,1.181640625,-0.29296875,-0.3515625
7940,1.19140625,1.25,-0.3515625,-0.283203125
7941,1.142578125,1.171875,-0.341796875,-0.498046875
7942,1.15234375,1.171875,-0.2734375,-0.380859375
7943,1.064453125,1.240234375,-0.322265625,-0.37109375
7944,1.171875,1.15234375,-0.322265625,-0.2734375
7945,1.1328125,1.123046875,-0.185546875,-0.185546875
7946,1.181640625,1.279296875,-0.263671875,-0.37109375
7947,1.07421875,1.142578125,-0.3515625,-0.166015625
7948,1.083984375,1.103515625,-0.41015625,-0.361328125
7949,1.083984375,1.19140625,-0.37109375,-0.439453125
7950,1.015625,1.171875,-0.341796875,-0.4296875
7951,1.142578125,1.171875,-0.322265625,-0.3125
7952,1.103515625,1.201171875,-0.322265625,-0.41015625
7953,1.07421875,1.171875,-0.302734375,-0.380859375
7954,1.09375,1.25,-0.25390625,-0.3515625
7955,1.083984375,1.19140625,-0.41015625,-0.380859375
7956,1.1328125,1.181640625,-0.205078125,-0.46875
7957,1.005859375,1.23046875,-0.302734375,-0.37109375
7958,1.015625,1.201171875,-0.263671875,-0.33203125
7959,1.142578125,1.123046875,-0.21484375,-0.33203125
7960,1.19140625,1.162109375,-0.400390625,-0.4296875
7961,1.123046875,1.15234375,-0.244140625,-0.29296875
7962,1.181640625,1.1328125,-0.25390625,-0.33203125
7963,1.044921875,1.25,-0.2734375,-0.48828125
7964,1.171875,1.181640625,-0.263671875,-0.41015625
7965,1.083984375,1.064453125,-0.283203125,-0.419921875
7966,1.25,1.201171875,-0.302734375,-0.234375
7967,1.15234375,1.083984375,-0.341796875,-0.41015625
7968,1.1328125,1.09375,-0.17578125,-0.33203125
7969,1.201171875,1.201171875,-0.341796875,-0.498046875
7970,1.142578125,1.181640625,-0.361328125,-0.4296875
7971,1.11328125,1.1328125,-0.3125,-0.498046875
7972,1.23046875,1.23046875,-0.244140625,-0.263671875
7973,1.1328125,1.2109375,-0.2734375,-0.400390625
7974,1.142578125,1.083984375,-0.322265625,-0.44921875
7975,1.220703125,1.220703125,-0.361328125,-0.5078125
7976,1.19140625,1.26953125,-0.283203125,-0.4296875
7977,1.15234375,1.123046875,-0.419921875,-0.390625
7978,1.19140625,1.171875,-0.302734375,-0.498046875
7979,1.181640625,1.26953125,-0.33203125,-0.400390625
7980,1.181640625,1.103515625,-0.341796875,-0.400390625
7981,1.11328125,1.181640625,-0.21484375,-0.48828125
7982,1.19140625,1.11328125,-0.21484375,-0.400390625
7983,1.09375,1.2890625,-0.224609375,-0.400390625
7984,1.0546875,1.259765625,-0.244140625,-0.390625
7985,1.259765625,1.123046875,-0.263671875,-0.390625
7986,1.07421875,1.298828125,-0.283203125,-0.400390625
7987,1.0546875,1.23046875,-0.1171875,-0.33203125
7988,1.0546875,1.181640625,-0.263671875,-0.41015625
7989,1.09375,1.15234375,-0.25390625,-0.439453125
7990,1.064453125,1.19140625,-0.166015625,-0.419921875
7991,1.044921875,1.15234375,-0.322265625,-0.390625
7992,1.07421875,1.171875,-0.234375,-0.37109375
7993,1.103515625,1.1328125,-0.25390625,-0.3515625
7994,1.083984375,1.181640625,-0.224609375,-0.41015625
7995,1.103515625,1.09375,-0.322265625,-0.4296875
7996,1.0546875,1.162109375,-0.29296875,-0.322265625
7997,1.005859375,1.15234375,-0.283203125,-0.41015625
7998,1.11328125,1.181640625,-0.419921875,-0.419921875
7999,1.025390625,1.220703125,-0.3125,-0.48828125
8000,1.103515625,1.19140625,-0.2734375,-0.41015625
8001,1.07421875,1.240234375,-0.2734375,-0.400390625
8002,1.005859375,1.23046875,-0.302734375,-0.244140625
8003,1.11328125,1.2109375,-0.2734375,-0.46875
8004,1.1328125,1.23046875,-0.25390625,-0.41015625
8005,1.1328125,1.23046875,-0.3125,-0.17578125
8006,1.09375,1.181640625,-0.283203125,-0.41015625
8007,1.1328125,1.044921875,-0.224609375,-0.37109375
8008,1.181640625,1.142578125,-0.341796875,-0.29296875
8009,0.966796875,1.162109375,-0.33203125,-0.341796875
8010,1.09375,1.171875,-0.2734375,-0.3515625
8011,1.064453125,1.123046875,-0.234375,-0.41015625
8012,1.07421875,1.15234375,-0.21484375,-0.361328125
8013,1.142578125,1.1328125,-0.33203125,-0.498046875
8014,1.123046875,1.181640625,-0.33203125,-0.46875
8015,1.044921875,1.15234375,-0.166015625,-0.458984375
8016,1.142578125,1.09375,-0.1171875,-0.419921875
8017,1.171875,1.083984375,-0.15625,-0.25390625
8018,1.09375,1.259765625,-0.25390625,-0.390625
8019,1.03515625,0.83984375,-0.234375,-0.380859375
8020,1.09375,1.142578125,-0.224609375,-0.41015625
8021,1.142578125,1.15234375,-0.263671875,-0.400390625
8022,1.103515625,1.19140625,-0.29296875,-0.390625
8023,1.171875,1.240234375,-0.21484375,-0.498046875
8024,1.005859375,1.201171875,-0.2734375,-0.52734375
8025,0.95703125,1.25,-0.458984375,-0.41015625
8026,1.201171875,1.123046875,-0.25390625,-0.302734375
8027,1.123046875,1.201171875,-0.283203125,-0.400390625
8028,1.123046875,1.23046875,-0.25390625,-0.3515625
8029,1.11328125,1.123046875,-0.185546875,-0.341796875
8030,1.162109375,1.15234375,-0.3515625,-0.390625
8031,1.171875,1.142578125,-0.302734375,-0.41015625
8032,1.171875,1.015625,-0.263671875,-0.341796875
8033,1.044921875,1.15234375,-0.244140625,-0.205078125
8034,1.162109375,1.09375,-0.224609375,-0.3125
8035,1.1328125,1.064453125,-0.302734375,-0.37109375
8036,1.318359375,1.09375,-0.244140625,-0.361328125
8037,1.123046875,1.03515625,-0.37109375,-0.41015625
8038,1.0546875,1.11328125,-0.263671875,-0.439453125
8039,1.005859375,1.07421875,-0.380859375,-0.517578125
8040,1.142578125,1.201171875,-0.41015625,-0.361328125
8041,1.103515625,1.240234375,-0.302734375,-0.380859375
8042,1.0546875,1.123046875,-0.3125,-0.380859375
8043,1.220703125,1.103515625,-0.25390625,-0.419921875
8044,1.1328125,0.9375,-0.29296875,-0.478515625
8045,1.11328125,1.083984375,-0.322265625,-0.498046875
8046,1.15234375,1.103515625,-0.224609375,-0.41015625
8047,1.123046875,1.1328125,-0.29296875,-0.419921875
8048,1.142578125,1.1328125,-0.283203125,-0.390625
8049,1.279296875,1.083984375,-0.390625,-0.390625
8050,1.11328125,1.064453125,-0.263671875,-0.380859375
8051,1.240234375,1.09375,-0.263671875,-0.400390625
8052,1.07421875,1.1328125,-0.3125,-0.322265625
8053,1.11328125,1.181640625,-0.263671875,-0.390625
8054,1.03515625,1.103515625,-0.341796875,-0.361328125
8055,1.19140625,1.181640625,-0.25390625,-0.283203125
8056,1.23046875,1.07421875,-0.361328125,-0.37109375
8057,1.26953125,1.142578125,-0.2734375,-0.302734375
8058,1.30859375,1.103515625,-0.3125,-0.3125
8059,1.11328125,1.064453125,-0.29296875,-0.439453125
8060,1.083984375,1.1328125,-0.263671875,-0.458984375
8061,1.15234375,1.07421875,-0.263671875,-0.33203125
8062,1.162109375,1.09375,-0.234375,-0.37109375
8063,1.162109375,1.083984375,-0.244140625,-0.3515625
8064,1.171875,1.103515625,-0.244140625,-0.498046875
8065,1.11328125,1.1328125,-0.3125,-0.244140625
8066,1.1328125,1.025390625,-0.283203125,-0.517578125
8067,1.15234375,1.064453125,-0.29296875,-0.37109375
8068,1.123046875,1.0546875,-0.322265625,-0.41015625
8069,1.201171875,1.103515625,-0.21484375,-0.37109375
8070,1.162109375,1.15234375,-0.283203125,-0.25390625
8071,1.171875,1.15234375,-0.263671875,-0.361328125
8072,1.0546875,1.103515625,-0.2734375,-0.33203125
8073,1.15234375,1.07421875,-0.283203125,-0.25390625
8074,1.11328125,0.9765625,-0.33203125,-0.44921875
8075,1.171875,1.09375,-0.380859375,-0.390625
8076,1.09375,1.083984375,-0.37109375,-0.3515625
8077,1.083984375,1.171875,-0.224609375,-0.341796875
8078,1.064453125,1.123046875,-0.25390625,-0.37109375
8079,1.09375,1.142578125,-0.1953125,-0.419921875
8080,1.064453125,1.181640625,-0.380859375,-0.44921875
8081,1.142578125,1.103515625,-0.263671875,-0.341796875
8082,1.103515625,1.15234375,-0.244140625,-0.17578125
8083,1.15234375,1.162109375,-0.1953125,-0.3515625
8084,1.123046875,1.171875,-0.33203125,-0.37109375
8085,1.1328125,1.142578125,-0.3515625,-0.458984375
8086,1.201171875,1.220703125,-0.244140625,-0.390625
8087,1.26953125,1.142578125,-0.166015625,-0.458984375
8088,1.2109375,1.1328125,-0.263671875,-0.400390625
8089,1.19140625,1.083984375,-0.25390625,-0.3515625
8090,1.26953125,1.015625,-0.244140625,-0.3515625
8091,1.1328125,1.11328125,-0.29296875,-0.322265625
8092,1.298828125,1.220703125,-0.2734375,-0.3125
8093,1.3671875,1.240234375,-0.224609375,-0.37109375
8094,1.318359375,1.15234375,-0.322265625,-0.341796875
8095,1.26953125,1.09375,-0.29296875,-0.3515625
8096,1.25,1.142578125,-0.2734375,-0.44921875
8097,1.26953125,1.11328125,-0.3515625,-0.322265625
8098,1.220703125,1.15234375,-0.29296875,-0.341796875
8099,1.171875,1.11328125,-0.283203125,-0.4296875
8100,1.2890625,1.11328125,-0.2734375,-0.41015625
8101,1.25,1.044921875,-0.400390625,-0.361328125
8102,1.19140625,1.103515625,-0.33203125,-0.263671875
8103,1.30859375,1.171875,-0.283203125,-0.205078125
8104,1.162109375,1.171875,-0.33203125,-0.29296875
8105,1.181640625,1.044921875,-0.263671875,-0.2734375
8106,1.09375,1.26953125,-0.244140625,-0.341796875
8107,1.220703125,1.201171875,-0.13671875,-0.380859375
8108,1.162109375,1.181640625,-0.1953125,-0.400390625
8109,1.015625,1.09375,-0.13671875,-0.33203125
8110,1.15234375,1.142578125,-0.244140625,-0.361328125
8111,1.181640625,1.220703125,-0.263671875,-0.361328125
8112,1.15234375,1.11328125,-0.205078125,-0.458984375
8113,1.259765625,1.171875,-0.3125,-0.41015625
8114,1.259765625,1.083984375,-0.13671875,-0.37109375
8115,1.220703125,1.2109375,-0.205078125,-0.3515625
8116,1.298828125,1.142578125,-0.185546875,-0.29296875
8117,1.201171875,1.11328125,-0.25390625,-0.3515625
8118,1.162109375,1.15234375,-0.234375,-0.283203125
8119,1.240234375,1.15234375,-0.1953125,-0.29296875
8120,1.25,1.103515625,-0.244140625,-0.33203125
8121,1.201171875,1.1328125,-0.2734375,-0.380859375
8122,1.298828125,1.07421875,-0.29296875,-0.322265625
8123,1.298828125,0.966796875,-0.2734375,-0.33203125
8124,1.07421875,1.171875,-0.2734375,-0.302734375
8125,1.15234375,1.123046875,-0.234375,-0.400390625
8126,1.19140625,0.986328125,-0.166015625,-0.244140625
8127,1.103515625,1.142578125,-0.25390625,-0.244140625
8128,1.1328125,1.15234375,-0.439453125,-0.33203125
8129,1.103515625,1.123046875,-0.234375,-0.302734375
8130,1.044921875,1.15234375,-0.29296875,-0.341796875
8131,1.171875,1.123046875,-0.244140625,-0.4296875
8132,1.123046875,1.15234375,-0.3125,-0.4296875
8133,1.1328125,1.142578125,-0.263671875,-0.361328125
8134,1.259765625,1.07421875,-0.234375,-0.3515625
8135,1.0546875,1.171875,-0.21484375,-0.390625
8136,1.09375,1.142578125,-0.302734375,-0.41015625
8137,1.103515625,1.083984375,-0.13671875,-0.29296875
8138,1.19140625,1.123046875,-0.3125,-0.263671875
8139,1.142578125,1.240234375,-0.21484375,-0.29296875
8140,1.162109375,1.1328125,-0.1953125,-0.234375
8141,1.162109375,0.908203125,-0.205078125,-0.244140625
8142,1.279296875,1.123046875,-0.1953125,-0.361328125
8143,1.201171875,1.083984375,-0.146484375,-0.166015625
8144,1.171875,1.064453125,-0.29296875,-0.224609375
8145,1.083984375,1.044921875,-0.234375,-0.224609375
8146,1.123046875,1.11328125,-0.234375,-0.234375
8147,1.09375,1.0546875,-0.048828125,-0.341796875
8148,1.171875,1.181640625,-0.2734375,-0.3515625
8149,1.07421875,1.07421875,-0.302734375,-0.302734375
8150,1.11328125,1.103515625,-0.1953125,-0.3515625
8151,1.171875,1.142578125,-0.302734375,-0.380859375
8152,1.09375,1.09375,-0.283203125,-0.302734375
8153,1.162109375,0.927734375,-0.263671875,-0.302734375
8154,1.142578125,1.03515625,-0.322265625,-0.3125
8155,1.328125,1.09375,-0.25390625,-0.2734375
8156,1.064453125,0.947265625,-0.322265625,-0.390625
8157,1.201171875,1.11328125,-0.205078125,-0.3125
8158,1.23046875,1.103515625,-0.263671875,-0.390625
8159,1.25,1.162109375,-0.1953125,-0.283203125
8160,1.162109375,1.123046875,-0.263671875,-0.29296875
8161,1.25,1.11328125,-0.234375,-0.341796875
8162,1.15234375,1.19140625,-0.1953125,-0.283203125
8163,1.240234375,1.142578125,-0.302734375,-0.21484375
8164,1.15234375,1.103515625,-0.302734375,-0.224609375
8165,1.171875,1.162109375,-0.283203125,-0.3125
8166,1.09375,1.1328125,-0.361328125,-0.29296875
8167,1.162109375,1.142578125,-0.29296875,-0.3125
8168,1.25,1.162109375,-0.234375,-0.2734375
8169,1.181640625,1.09375,-0.25390625,-0.2734375
8170,1.142578125,1.103515625,-0.341796875,-0.283203125
8171,1.1328125,1.083984375,-0.341796875,-0.263671875
8172,1.15234375,1.23046875,-0.2734375,-0.21484375
8173,1.298828125,1.1328125,-0.244140625,-0.29296875
8174,1.15234375,1.09375,-0.3125,-0.322265625
8175,1.181640625,1.103515625,-0.166015625,-0.25390625
8176,1.2890625,1.11328125,-0.21484375,-0.29296875
8177,1.181640625,1.09375,-0.244140625,-0.341796875
8178,1.162109375,1.142578125,-0.224609375,-0.21484375
8179,1.123046875,1.09375,-0.322265625,-0.322265625
8180,1.025390625,1.103515625,-0.322265625,-0.29296875
8181,1.220703125,1.19140625,-0.302734375,-0.17578125
8182,1.259765625,1.103515625,-0.25390625,-0.15625
8183,1.23046875,1.11328125,-0.380859375,-0.25390625
8184,1.123046875,1.25,-0.283203125,-0.166015625
8185,1.123046875,1.07421875,-0.283203125,-0.166015625
8186,1.015625,1.171875,-0.283203125,-0.263671875
8187,1.201171875,1.220703125,-0.205078125,-0.302734375
8188,1.123046875,1.1328125,-0.302734375,-0.33203125
8189,1.181640625,1.1328125,-0.380859375,-0.263671875
8190,1.201171875,1.1328125,-0.380859375,-0.234375
8191,1.142578125,1.142578125,-0.283203125,-0.283203125
8192,1.181640625,1.142578125,-0.33203125,-0.234375
8193,1.015625,1.07421875,-0.322265625,-0.3125
8194,1.1328125,1.171875,-0.3125,-0.244140625
8195,1.181640625,1.181640625,-0.224609375,-0.3125
8196,1.259765625,1.19140625,-0.244140625,-0.302734375
8197,1.220703125,1.123046875,-0.3515625,-0.185546875
8198,1.279296875,1.123046875,-0.341796875,-0.205078125
8199,1.201171875,1.30859375,-0.322265625,-0.2734375
8200,1.171875,1.15234375,-0.400390625,-0.09765625
8201,1.1328125,1.142578125,-0.302734375,-0.341796875
8202,1.083984375,1.1328125,-0.458984375,-0.205078125
8203,1.162109375,1.083984375,-0.29296875,-0.25390625
8204,1.044921875,1.07421875,-0.361328125,-0.25390625
8205,1.162109375,1.0546875,-0.29296875,-0.25390625
8206,1.123046875,1.142578125,-0.244140625,-0.3125
8207,1.19140625,1.0546875,-0.322265625,-0.3125
8208,1.201171875,1.0546875,-0.33203125,-0.2734375
8209,1.19140625,1.2890625,-0.3125,-0.244140625
8210,1.30859375,1.1328125,-0.390625,-0.2734375
8211,1.171875,1.1328125,-0.361328125,-0.224609375
8212,1.15234375,0.966796875,-0.3515625,-0.322265625
8213,1.11328125,1.15234375,-0.224609375,-0.3125
8214,1.083984375,1.103515625,-0.2734375,-0.21484375
8215,1.181640625,1.025390625,-0.33203125,-0.283203125
8216,1.318359375,1.11328125,-0.3125,-0.1953125
8217,1.083984375,1.11328125,-0.29296875,-0.2734375
8218,1.181640625,1.044921875,-0.341796875,-0.33203125
8219,1.25,1.15234375,-0.29296875,-0.205078125
8220,1.123046875,1.23046875,-0.2734375,-0.234375
8221,1.240234375,1.07421875,-0.41015625,-0.205078125
8222,1.240234375,1.1328125,-0.25390625,-0.17578125
8223,1.171875,1.123046875,-0.3125,-0.166015625
8224,1.07421875,0.927734375,-0.4296875,-0.234375
8225,1.15234375,1.15234375,-0.390625,-0.05859375
8226,1.142578125,1.0546875,-0.380859375,-0.2734375
8227,1.162109375,1.15234375,-0.3125,-0.185546875
8228,1.083984375,1.1328125,-0.400390625,-0.1953125
8229,1.142578125,1.064453125,-0.29296875,-0.185546875
8230,1.201171875,1.03515625,-0.234375,-0.146484375
8231,1.11328125,1.064453125,-0.322265625,-0.185546875
8232,1.0546875,1.044921875,-0.302734375,-0.263671875
8233,1.1328125,1.064453125,-0.1953125,-0.263671875
8234,1.123046875,1.09375,-0.322265625,-0.283203125
8235,1.142578125,1.005859375,-0.400390625,-0.244140625
8236,1.15234375,1.044921875,-0.5078125,-0.244140625
8237,1.181640625,1.09375,-0.15625,-0.25390625
8238,1.123046875,1.064453125,-0.3125,-0.302734375
8239,1.11328125,0.91796875,-0.29296875,-0.244140625
8240,1.0546875,1.09375,-0.361328125,-0.302734375
8241,1.1328125,1.298828125,-0.166015625,-0.302734375
8242,1.123046875,1.103515625,-0.322265625,-0.3125
8243,1.123046875,1.162109375,-0.2734375,-0.283203125
8244,1.11328125,1.025390625,-0.244140625,-0.283203125
8245,1.2109375,0.9765625,-0.33203125,-0.341796875
8246,1.19140625,1.2109375,-0.322265625,-0.1953125
8247,1.171875,1.25,-0.263671875,-0.244140625
8248,1.142578125,1.171875,-0.263671875,-0.283203125
8249,1.07421875,1.220703125,-0.29296875,-0.29296875
8250,1.26953125,1.1328125,-0.283203125,-0.2734375
8251,1.23046875,1.318359375,-0.341796875,-0.263671875
8252,1.181640625,1.240234375,-0.302734375,-0.205078125
8253,1.1328125,1.181640625,-0.400390625,-0.263671875
8254,1.181640625,1.15234375,-0.2734375,-0.2734375
8255,1.23046875,1.240234375,-0.322265625,-0.17578125
8256,1.142578125,1.044921875,-0.341796875,-0.302734375
8257,1.09375,1.25,-0.205078125,-0.224609375
8258,1.279296875,1.142578125,-0.283203125,-0.224609375
8259,1.25,1.064453125,-0.341796875,-0.1953125
8260,1.2109375,1.07421875,-0.3125,-0.25390625
8261,1.2109375,1.09375,-0.3515625,-0.244140625
8262,1.240234375,1.103515625,-0.263671875,-0.185546875
8263,1.181640625,0.8203125,-0.234375,-0.283203125
8264,1.15234375,1.044921875,-0.3515625,-0.25390625
8265,1.2109375,1.083984375,-0.3515625,-0.41015625
8266,1.318359375,1.162109375,-0.341796875,-0.3125
8267,1.15234375,0.99609375,-0.302734375,-0.400390625
8268,1.162109375,1.064453125,-0.3515625,-0.33203125
8269,1.30859375,1.083984375,-0.3515625,-0.302734375
8270,1.142578125,1.15234375,-0.390625,-0.263671875
8271,1.220703125,1.1328125,-0.322265625,-0.3125
8272,1.123046875,1.30859375,-0.400390625,-0.244140625
8273,1.1328125,0.99609375,-0.361328125,-0.322265625
8274,1.1328125,1.162109375,-0.302734375,-0.33203125
8275,1.083984375,1.0546875,-0.302734375,-0.25390625
8276,1.162109375,1.083984375,-0.322265625,-0.244140625
8277,1.259765625,1.1328125,-0.283203125,-0.3125
8278,1.15234375,1.181640625,-0.390625,-0.234375
8279,1.2109375,1.15234375,-0.166015625,-0.302734375
8280,1.240234375,1.142578125,-0.25390625,-0.33203125
8281,1.220703125,1.09375,-0.33203125,-0.263671875
8282,1.15234375,1.11328125,-0.361328125,-0.29296875
8283,1.083984375,1.11328125,-0.302734375,-0.21484375
8284,1.1328125,1.07421875,-0.37109375,-0.224609375
8285,1.162109375,1.162109375,-0.3515625,-0.3515625
8286,1.171875,1.123046875,-0.341796875,-0.263671875
8287,1.162109375,1.171875,-0.302734375,-0.25390625
8288,1.162109375,1.09375,-0.283203125,-0.302734375
8289,1.11328125,1.123046875,-0.380859375,-0.283203125
8290,1.19140625,1.103515625,-0.33203125,-0.2734375
8291,1.162109375,1.103515625,-0.302734375,-0.263671875
8292,1.005859375,1.15234375,-0.2734375,-0.302734375
8293,1.123046875,1.083984375,-0.361328125,-0.341796875
8294,1.19140625,1.103515625,-0.37109375,-0.283203125
8295,1.171875,1.103515625,-0.322265625,-0.390625
8296,1.181640625,1.083984375,-0.341796875,-0.46875
8297,1.11328125,1.103515625,-0.263671875,-0.3515625
8298,1.11328125,1.11328125,-0.341796875,-0.3125
8299,1.201171875,1.181640625,-0.302734375,-0.341796875
8300,1.15234375,1.181640625,-0.3125,-0.322265625
8301,1.142578125,1.201171875,-0.33203125,-0.37109375
8302,1.2890625,1.318359375,-0.322265625,-0.302734375
8303,1.181640625,1.19140625,-0.322265625,-0.341796875
8304,1.181640625,1.2109375,-0.322265625,-0.283203125
8305,1.15234375,1.25,-0.263671875,-0.322265625
8306,1.15234375,1.26953125,-0.419921875,-0.263671875
8307,1.220703125,1.201171875,-0.341796875,-0.400390625
8308,1.083984375,1.2109375,-0.302734375,-0.361328125
8309,1.220703125,0.966796875,-0.390625,-0.380859375
8310,1.25,1.19140625,-0.17578125,-0.400390625
8311,1.25,1.103515625,-0.33203125,-0.458984375
8312,1.1328125,1.2109375,-0.41015625,-0.400390625
8313,1.15234375,1.19140625,-0.29296875,-0.37109375
8314,1.162109375,1.15234375,-0.263671875,-0.498046875
8315,1.142578125,1.259765625,-0.234375,-0.3515625
8316,1.181640625,1.181640625,-0.244140625,-0.400390625
8317,1.337890625,1.201171875,-0.21484375,-0.302734375
8318,1.09375,1.162109375,-0.283203125,-0.283203125
8319,1.19140625,1.201171875,-0.2734375,-0.400390625
8320,1.376953125,1.09375,-0.244140625,-0.2734375
8321,1.171875,1.220703125,-0.224609375,-0.302734375
8322,1.25,1.181640625,-0.2734375,-0.3125
8323,1.2109375,1.181640625,-0.283203125,-0.13671875
8324,1.171875,1.2890625,-0.234375,-0.341796875
8325,1.142578125,1.279296875,-0.400390625,-0.33203125
8326,1.103515625,1.298828125,-0.41015625,-0.4296875
8327,1.220703125,1.328125,-0.185546875,-0.44921875
8328,1.142578125,1.15234375,-0.322265625,-0.439453125
8329,1.0546875,1.123046875,-0.15625,-0.341796875
8330,1.142578125,1.19140625,-0.224609375,-0.263671875
8331,1.201171875,1.015625,-0.224609375,-0.2734375
8332,1.025390625,1.240234375,-0.17578125,-0.400390625
8333,1.025390625,1.19140625,-0.263671875,-0.263671875
8334,1.142578125,1.19140625,-0.3515625,-0.166015625
8335,1.201171875,1.142578125,-0.244140625,-0.29296875
8336,1.1328125,1.435546875,-0.234375,-0.400390625
8337,1.09375,1.279296875,-0.17578125,-0.52734375
8338,1.123046875,1.142578125,-0.263671875,-0.1953125
8339,1.11328125,1.123046875,-0.25390625,-0.341796875
8340,1.171875,1.23046875,-0.146484375,-0.341796875
8341,1.19140625,1.240234375,-0.234375,-0.234375
8342,1.2109375,1.26953125,-0.283203125,-0.322265625
8343,1.19140625,1.25,-0.263671875,-0.3515625
8344,1.259765625,1.19140625,-0.322265625,-0.25390625
8345,1.142578125,1.220703125,-0.3125,-0.361328125
8346,1.123046875,1.220703125,-0.25390625,-0.283203125
8347,1.2109375,1.25,-0.29296875,-0.33203125
8348,1.103515625,1.2109375,-0.25390625,-0.380859375
8349,1.142578125,1.357421875,-0.263671875,-0.400390625
8350,1.07421875,1.298828125,-0.3515625,-0.341796875
8351,1.15234375,1.220703125,-0.3125,-0.400390625
8352,1.11328125,1.2890625,-0.2734375,-0.302734375
8353,1.0546875,1.259765625,-0.263671875,-0.283203125
8354,1.03515625,1.279296875,-0.29296875,-0.419921875
8355,1.15234375,1.279296875,-0.21484375,-0.400390625
8356,1.09375,1.26953125,-0.3125,-0.3125
8357,1.07421875,1.201171875,-0.33203125,-0.46875
8358,1.142578125,1.23046875,-0.1953125,-0.46875
8359,1.15234375,1.26953125,-0.302734375,-0.283203125
8360,1.220703125,1.279296875,-0.185546875,-0.41015625
8361,1.220703125,1.259765625,-0.322265625,-0.390625
8362,1.1328125,1.25,-0.29296875,-0.21484375
8363,1.181640625,1.2890625,-0.302734375,-0.361328125
8364,1.123046875,1.181640625,-0.322265625,-0.33203125
8365,1.201171875,1.23046875,-0.263671875,-0.13671875
8366,1.0546875,1.220703125,-0.283203125,-0.41015625
8367,1.09375,1.19140625,-0.263671875,-0.400390625
8368,1.171875,1.26953125,-0.302734375,-0.400390625
8369,1.23046875,1.23046875,-0.37109375,-0.390625
8370,1.123046875,1.23046875,-0.400390625,-0.4296875
8371,1.044921875,1.26953125,-0.283203125,-0.33203125
8372,1.03515625,1.201171875,-0.234375,-0.400390625
8373,1.162109375,1.2890625,-0.322265625,-0.478515625
8374,1.279296875,1.259765625,-0.322265625,-0.390625
8375,1.03515625,1.279296875,-0.283203125,-0.44921875
8376,1.0546875,1.15234375,-0.37109375,-0.400390625
8377,1.044921875,1.19140625,-0.21484375,-0.33203125
8378,1.005859375,1.103515625,-0.361328125,-0.419921875
8379,1.083984375,1.298828125,-0.2734375,-0.341796875
8380,1.083984375,1.220703125,-0.263671875,-0.361328125
8381,0.95703125,1.220703125,-0.3125,-0.4296875
8382,1.09375,1.259765625,-0.29296875,-0.322265625
8383,1.03515625,1.181640625,-0.29296875,-0.400390625
8384,1.220703125,1.23046875,-0.33203125,-0.400390625
8385,0.927734375,1.1328125,-0.341796875,-0.439453125
8386,1.162109375,1.181640625,-0.283203125,-0.25390625
8387,1.0546875,1.259765625,-0.2734375,-0.2734375
8388,1.09375,1.171875,-0.205078125,-0.322265625
8389,1.1328125,1.2890625,-0.263671875,-0.283203125
8390,1.19140625,1.201171875,-0.283203125,-0.390625
8391,1.181640625,1.123046875,-0.322265625,-0.419921875
8392,1.181640625,1.15234375,-0.29296875,-0.37109375
8393,1.19140625,1.2109375,-0.302734375,-0.3125
8394,1.171875,1.162109375,-0.361328125,-0.283203125
8395,1.162109375,1.181640625,-0.1953125,-0.419921875
8396,1.103515625,1.15234375,-0.234375,-0.185546875
8397,1.162109375,1.3671875,-0.263671875,-0.33203125
8398,1.201171875,1.279296875,-0.283203125,-0.41015625
8399,1.1328125,1.2109375,-0.21484375,-0.3125
8400,1.142578125,1.123046875,-0.400390625,-0.478515625
8401,1.201171875,1.19140625,-0.322265625,-0.400390625
8402,1.123046875,1.2109375,-0.29296875,-0.21484375
8403,1.1328125,1.30859375,-0.380859375,-0.419921875
8404,1.181640625,1.083984375,-0.224609375,-0.390625
8405,1.171875,1.19140625,-0.302734375,-0.517578125
8406,1.162109375,1.11328125,-0.263671875,-0.419921875
8407,1.15234375,1.171875,-0.361328125,-0.400390625
8408,1.162109375,1.181640625,-0.302734375,-0.5078125
8409,1.03515625,1.15234375,-0.263671875,-0.37109375
8410,1.181640625,1.2109375,-0.3125,-0.29296875
8411,1.09375,1.23046875,-0.29296875,-0.33203125
8412,1.09375,1.220703125,-0.33203125,-0.41015625
8413,1.083984375,1.15234375,-0.263671875,-0.361328125
8414,1.07421875,1.201171875,-0.263671875,-0.37109375
8415,1.162109375,1.171875,-0.205078125,-0.41015625
8416,1.083984375,1.171875,-0.166015625,-0.4296875
8417,1.142578125,1.171875,-0.283203125,-0.458984375
8418,1.11328125,1.142578125,-0.205078125,-0.341796875
8419,1.064453125,1.09375,-0.322265625,-0.44921875
8420,0.95703125,1.181640625,-0.224609375,-0.3125
8421,1.044921875,1.15234375,-0.234375,-0.44921875
8422,1.142578125,1.26953125,-0.205078125,-0.41015625
8423,1.162109375,1.171875,-0.33203125,-0.41015625
8424,1.0546875,1.11328125,-0.2734375,-0.263671875
8425,1.123046875,1.23046875,-0.224609375,-0.380859375
8426,1.03515625,1.142578125,-0.3125,-0.37109375
8427,1.142578125,1.181640625,-0.29296875,-0.478515625
8428,1.1328125,1.2109375,-0.263671875,-0.439453125
8429,1.103515625,1.15234375,-0.3515625,-0.517578125
8430,1.123046875,1.162109375,-0.283203125,-0.361328125
8431,1.298828125,1.279296875,-0.390625,-0.46875
8432,1.11328125,1.181640625,-0.302734375,-0.546875
8433,1.15234375,1.259765625,-0.263671875,-0.4296875
8434,1.19140625,1.03515625,-0.2734375,-0.439453125
8435,1.083984375,1.1328125,-0.244140625,-0.302734375
8436,1.142578125,1.171875,-0.29296875,-0.52734375
8437,1.220703125,1.064453125,-0.400390625,-0.44921875
8438,1.103515625,1.15234375,-0.244140625,-0.302734375
8439,1.123046875,1.123046875,-0.166015625,-0.478515625
8440,1.064453125,1.181640625,-0.380859375,-0.419921875
8441,1.171875,1.19140625,-0.244140625,-0.3515625
8442,1.005859375,1.064453125,-0.263671875,-0.4296875
8443,1.162109375,1.142578125,-0.29296875,-0.400390625
8444,1.09375,1.23046875,-0.29296875,-0.380859375
8445,1.123046875,1.259765625,-0.029296875,-0.41015625
8446,1.09375,1.123046875,-0.380859375,-0.380859375
8447,1.09375,1.171875,-0.13671875,-0.263671875
8448,1.240234375,1.1328125,-0.1953125,-0.4296875
8449,1.15234375,1.123046875,-0.244140625,-0.341796875
8450,1.1328125,1.533203125,-0.29296875,-0.341796875
8451,1.044921875,1.201171875,-0.263671875,-0.361328125
8452,1.103515625,1.025390625,-0.263671875,-0.380859375
8453,1.103515625,1.123046875,-0.37109375,-0.341796875
8454,1.279296875,1.23046875,-0.234375,-0.52734375
8455,1.1328125,1.19140625,-0.25390625,-0.41015625
8456,1.09375,1.201171875,-0.341796875,-0.498046875
8457,1.07421875,1.142578125,-0.1953125,-0.478515625
8458,1.123046875,1.162109375,-0.2734375,-0.390625
8459,1.15234375,1.162109375,-0.25390625,-0.41015625
8460,1.298828125,1.11328125,-0.25390625,-0.41015625
8461,1.083984375,1.2890625,-0.2734375,-0.439453125
8462,1.162109375,1.064453125,-0.244140625,-0.44921875
8463,1.044921875,1.181640625,-0.29296875,-0.380859375
8464,1.083984375,1.19140625,-0.2734375,-0.400390625
8465,1.162109375,1.025390625,-0.3125,-0.341796875
8466,1.25,1.220703125,-0.283203125,-0.361328125
8467,1.181640625,1.2109375,-0.2734375,-0.458984375
8468,1.171875,1.2109375,-0.283203125,-0.439453125
8469,1.1328125,1.11328125,-0.205078125,-0.517578125
8470,1.123046875,1.142578125,-0.244140625,-0.419921875
8471,1.15234375,1.15234375,-0.185546875,-0.37109375
8472,1.2109375,1.220703125,-0.087890625,-0.263671875
8473,1.123046875,1.11328125,-0.146484375,-0.419921875
8474,1.1328125,1.220703125,-0.205078125,-0.380859375
8475,1.0546875,1.064453125,-0.1953125,-0.29296875
8476,1.19140625,1.181640625,-0.166015625,-0.33203125
8477,1.11328125,1.25,-0.302734375,-0.439453125
8478,1.103515625,1.25,-0.234375,-0.37109375
8479,1.15234375,1.181640625,-0.1953125,-0.439453125
8480,1.142578125,1.162109375,-0.283203125,-0.458984375
8481,1.103515625,1.064453125,-0.21484375,-0.390625
8482,1.279296875,1.23046875,-0.166015625,-0.390625
8483,1.19140625,1.103515625,-0.302734375,-0.44921875
8484,1.162109375,1.162109375,-0.302734375,-0.3125
8485,1.103515625,1.1328125,-0.302734375,-0.33203125
8486,1.11328125,1.09375,-0.322265625,-0.33203125
8487,1.2109375,1.1328125,-0.1953125,-0.3515625
8488,1.123046875,1.1328125,-0.37109375,-0.244140625
8489,1.123046875,1.083984375,-0.263671875,-0.3125
8490,1.11328125,1.044921875,-0.2734375,-0.3125
8491,1.171875,1.15234375,-0.322265625,-0.3515625
8492,1.142578125,1.064453125,-0.166015625,-0.3125
8493,1.1328125,1.044921875,-0.1953125,-0.390625
8494,1.09375,1.201171875,-0.263671875,-0.3515625
8495,1.15234375,1.1328125,-0.244140625,-0.41015625
8496,1.19140625,1.103515625,-0.3515625,-0.439453125
8497,1.064453125,1.162109375,-0.21484375,-0.41015625
8498,1.1328125,0.87890625,-0.3125,-0.4296875
8499,1.083984375,1.064453125,-0.263671875,-0.146484375
8500,1.103515625,1.11328125,-0.302734375,-0.478515625
8501,1.19140625,1.064453125,-0.361328125,-0.205078125
8502,1.1328125,1.103515625,-0.2734375,-0.341796875
8503,1.07421875,1.1328125,-0.341796875,-0.400390625
8504,1.171875,1.171875,-0.341796875,-0.3515625
8505,1.23046875,1.015625,-0.205078125,-0.458984375
8506,1.171875,1.15234375,-0.244140625,-0.37109375
8507,1.171875,1.07421875,-0.322265625,-0.322265625
8508,1.142578125,1.064453125,-0.419921875,-0.322265625
8509,1.220703125,1.025390625,-0.25390625,-0.44921875
8510,0.986328125,1.23046875,-0.302734375,-0.361328125
8511,1.103515625,1.298828125,-0.224609375,-0.478515625
8512,1.09375,1.142578125,-0.302734375,-0.283203125
8513,1.201171875,1.181640625,-0.29296875,-0.283203125
8514,1.23046875,1.171875,-0.17578125,-0.25390625
8515,1.15234375,1.162109375,-0.33203125,-0.498046875
8516,1.064453125,1.220703125,-0.29296875,-0.341796875
8517,1.220703125,1.2890625,-0.283203125,-0.400390625
8518,1.181640625,1.123046875,-0.29296875,-0.46875
8519,1.2109375,1.25,-0.21484375,-0.361328125
8520,1.240234375,1.11328125,-0.224609375,-0.380859375
8521,1.298828125,1.15234375,-0.224609375,-0.4296875
8522,1.25,1.1328125,-0.25390625,-0.4296875
8523,1.171875,1.171875,-0.322265625,-0.33203125
8524,1.23046875,1.220703125,-0.302734375,-0.205078125
8525,1.19140625,1.142578125,-0.341796875,-0.3515625
8526,1.201171875,1.083984375,-0.3125,-0.302734375
8527,1.23046875,1.11328125,-0.224609375,-0.33203125
8528,1.15234375,1.25,-0.25390625,-0.263671875
8529,1.2109375,1.162109375,-0.107421875,-0.283203125
8530,1.171875,1.123046875,-0.302734375,-0.13671875
8531,1.19140625,1.25,-0.25390625,-0.341796875
8532,1.240234375,1.26953125,-0.283203125,-0.380859375
8533,1.240234375,1.123046875,-0.2734375,-0.29296875
8534,1.2109375,1.220703125,-0.263671875,-0.302734375
8535,1.19140625,1.15234375,-0.234375,-0.37109375
8536,1.298828125,1.103515625,-0.3515625,-0.37109375
8537,1.142578125,1.171875,-0.185546875,-0.283203125
8538,1.23046875,1.38671875,-0.263671875,-0.322265625
8539,1.23046875,1.220703125,-0.224609375,-0.302734375
8540,1.201171875,1.142578125,-0.2734375,-0.37109375
8541,1.2109375,1.23046875,-0.205078125,-0.3515625
8542,1.19140625,1.181640625,-0.263671875,-0.41015625
8543,1.30859375,1.142578125,-0.322265625,-0.3125
8544,1.220703125,1.1328125,-0.21484375,-0.3515625
8545,1.2109375,1.123046875,-0.224609375,-0.33203125
8546,1.259765625,1.25,-0.234375,-0.341796875
8547,1.1328125,1.240234375,-0.25390625,-0.37109375
8548,1.25,1.11328125,-0.234375,-0.234375
8549,1.142578125,1.142578125,-0.29296875,-0.283203125
8550,1.23046875,1.09375,-0.322265625,-0.390625
8551,1.25,1.142578125,-0.224609375,-0.361328125
8552,1.2890625,1.201171875,-0.37109375,-0.400390625
8553,1.2109375,1.09375,-0.2734375,-0.400390625
8554,1.23046875,1.142578125,-0.263671875,-0.3125
8555,1.083984375,1.103515625,-0.234375,-0.283203125
8556,1.23046875,1.25,-0.595703125,-0.29296875
8557,1.142578125,0.91796875,-0.3515625,-0.2734375
8558,1.142578125,1.044921875,-0.341796875,-0.29296875
8559,1.201171875,1.15234375,-0.224609375,-0.439453125
8560,1.328125,1.15234375,-0.322265625,-0.263671875
8561,1.07421875,1.044921875,-0.224609375,-0.400390625
8562,1.171875,1.1328125,-0.283203125,-0.33203125
8563,1.11328125,1.25,-0.17578125,-0.4296875
8564,1.123046875,1.162109375,-0.283203125,-0.341796875
8565,1.23046875,1.181640625,-0.234375,-0.400390625
8566,1.240234375,1.23046875,-0.1953125,-0.439453125
8567,1.2109375,1.19140625,-0.244140625,-0.33203125
8568,1.220703125,0.91796875,-0.25390625,-0.341796875
8569,1.19140625,1.181640625,-0.21484375,-0.361328125
8570,1.26953125,1.162109375,-0.15625,-0.302734375
8571,1.2109375,1.201171875,-0.234375,-0.29296875
8572,1.19140625,1.162109375,-0.29296875,-0.361328125
8573,1.162109375,1.15234375,-0.126953125,-0.224609375
8574,1.19140625,1.064453125,-0.1953125,-0.3125
8575,1.19140625,1.142578125,-0.185546875,-0.224609375
8576,1.19140625,1.103515625,-0.1953125,-0.33203125
8577,1.220703125,1.162109375,-0.234375,-0.29296875
8578,1.25,1.044921875,-0.283203125,-0.2734375
8579,1.15234375,1.083984375,-0.1171875,-0.3515625
8580,1.142578125,1.07421875,-0.224609375,-0.3515625
8581,1.171875,1.142578125,-0.107421875,-0.3515625
8582,1.259765625,1.103515625,-0.263671875,-0.361328125
8583,1.19140625,1.11328125,-0.21484375,-0.33203125
8584,1.23046875,1.1328125,-0.13671875,-0.302734375
8585,1.25,1.15234375,-0.09765625,-0.3125
8586,1.2109375,1.201171875,-0.13671875,-0.322265625
8587,1.240234375,1.025390625,-0.1171875,-0.400390625
8588,1.142578125,1.09375,-0.15625,-0.361328125
8589,1.25,1.064453125,-0.1953125,-0.283203125
8590,1.220703125,0.9765625,-0.166015625,-0.341796875
8591,1.11328125,1.064453125,-0.244140625,-0.3125
8592,1.2109375,1.162109375,-0.322265625,-0.33203125
8593,1.220703125,1.103515625,-0.341796875,-0.2734375
8594,1.162109375,1.171875,-0.29296875,-0.361328125
8595,1.171875,1.11328125,-0.29296875,-0.322265625
8596,1.220703125,1.0546875,-0.263671875,-0.33203125
8597,1.25,1.1328125,-0.283203125,-0.234375
8598,1.19140625,1.142578125,-0.3125,-0.3125
8599,1.142578125,1.15234375,-0.3125,-0.2734375
8600,1.171875,1.2890625,-0.3515625,-0.1953125
8601,1.142578125,1.1328125,-0.283203125,-0.302734375
8602,1.11328125,1.11328125,-0.390625,-0.29296875
8603,1.162109375,1.07421875,-0.3125,-0.166015625
8604,1.15234375,1.1328125,-0.263671875,-0.283203125
8605,1.103515625,1.123046875,-0.341796875,-0.33203125
8606,1.11328125,1.15234375,-0.380859375,-0.283203125
8607,1.279296875,1.1328125,-0.2734375,-0.302734375
8608,1.142578125,1.123046875,-0.263671875,-0.25390625
8609,1.279296875,1.15234375,-0.302734375,-0.244140625
8610,1.09375,1.171875,-0.283203125,-0.2734375
8611,1.142578125,1.11328125,-0.33203125,-0.33203125
8612,1.25,1.025390625,-0.244140625,-0.419921875
8613,1.201171875,1.181640625,-0.21484375,-0.2734375
8614,1.201171875,1.1328125,-0.166015625,-0.2734375
8615,1.201171875,1.025390625,-0.126953125,-0.17578125
8616,1.09375,1.11328125,-0.234375,-0.1953125
8617,1.181640625,1.005859375,-0.400390625,-0.224609375
8618,1.123046875,1.07421875,-0.33203125,-0.302734375
8619,1.171875,1.181640625,-0.390625,-0.283203125
8620,1.142578125,1.142578125,-0.400390625,-0.244140625
8621,1.30859375,1.03515625,-0.3515625,-0.29296875
8622,1.298828125,1.2109375,-0.224609375,-0.3125
8623,1.26953125,1.15234375,-0.283203125,-0.25390625
8624,1.259765625,1.2890625,-0.361328125,-0.400390625
8625,1.123046875,1.220703125,-0.439453125,-0.25390625
8626,1.259765625,1.103515625,-0.46875,-0.2734375
8627,1.201171875,1.220703125,-0.478515625,-0.17578125
8628,1.142578125,1.15234375,-0.3515625,-0.185546875
8629,1.1328125,1.09375,-0.41015625,-0.29296875
8630,1.171875,1.201171875,-0.41015625,-0.33203125
8631,1.2890625,1.123046875,-0.341796875,-0.1953125
8632,1.25,1.201171875,-0.37109375,-0.126953125
8633,1.171875,1.1328125,-0.263671875,-0.21484375
8634,1.171875,1.11328125,-0.3515625,-0.263671875
8635,1.162109375,1.171875,-0.400390625,-0.234375
8636,1.19140625,1.044921875,-0.33203125,-0.25390625
8637,1.103515625,1.09375,-0.29296875,-0.263671875
8638,1.123046875,1.11328125,-0.33203125,-0.21484375
8639,1.162109375,1.123046875,-0.341796875,-0.302734375
8640,1.0546875,1.1328125,-0.244140625,-0.3515625
8641,1.23046875,1.181640625,-0.29296875,-0.25390625
8642,1.11328125,1.337890625,-0.458984375,-0.3515625
8643,1.123046875,1.201171875,-0.33203125,-0.21484375
8644,1.25,1.1328125,-0.400390625,-0.29296875
8645,1.162109375,1.11328125,-0.390625,-0.2734375
8646,1.103515625,1.103515625,-0.341796875,-0.185546875
8647,1.328125,1.07421875,-0.439453125,-0.244140625
8648,1.15234375,1.142578125,-0.3125,-0.234375
8649,1.171875,1.1328125,-0.37109375,-0.1953125
8650,1.259765625,1.2109375,-0.400390625,-0.2734375
8651,1.1328125,1.083984375,-0.37109375,-0.283203125
8652,1.181640625,1.142578125,-0.419921875,-0.1953125
8653,1.15234375,1.142578125,-0.419921875,-0.234375
8654,1.15234375,1.11328125,-0.3125,-0.25390625
8655,1.123046875,1.142578125,-0.29296875,-0.25390625
8656,1.142578125,1.09375,-0.380859375,-0.185546875
8657,1.1328125,1.11328125,-0.380859375,-0.126953125
8658,1.142578125,1.142578125,-0.380859375,-0.146484375
8659,1.181640625,1.025390625,-0.3515625,-0.244140625
8660,1.123046875,1.11328125,-0.3515625,-0.1953125
8661,1.15234375,1.083984375,-0.37109375,-0.234375
8662,1.09375,1.1328125,-0.322265625,-0.224609375
8663,1.11328125,1.23046875,-0.29296875,-0.17578125
8664,1.162109375,1.123046875,-0.2734375,-0.05859375
8665,1.07421875,1.064453125,-0.21484375,-0.3515625
8666,1.1328125,1.015625,-0.146484375,-0.263671875
8667,1.09375,1.11328125,-0.224609375,-0.341796875
8668,1.23046875,1.07421875,-0.29296875,-0.244140625
8669,1.181640625,1.07421875,-0.1953125,-0.29296875
8670,1.07421875,1.07421875,-0.29296875,-0.25390625
8671,1.181640625,1.123046875,-0.185546875,-0.3515625
8672,1.123046875,1.1328125,-0.341796875,-0.234375
8673,1.19140625,0.9765625,-0.302734375,-0.234375
8674,1.11328125,1.1328125,-0.17578125,-0.205078125
8675,1.0546875,1.162109375,-0.3125,-0.263671875
8676,1.123046875,1.11328125,-0.283203125,-0.244140625
8677,1.083984375,1.19140625,-0.3515625,-0.25390625
8678,1.11328125,1.103515625,-0.1953125,-0.302734375
8679,1.162109375,1.19140625,-0.322265625,-0.2734375
8680,1.162109375,1.11328125,-0.37109375,-0.1953125
8681,1.181640625,1.201171875,-0.439453125,-0.263671875
8682,1.103515625,1.19140625,-0.302734375,-0.41015625
8683,1.103515625,1.19140625,-0.4296875,-0.263671875
8684,1.220703125,1.171875,-0.44921875,-0.25390625
8685,1.220703125,1.240234375,-0.3515625,-0.205078125
8686,1.3671875,1.201171875,-0.302734375,-0.341796875
8687,1.23046875,1.279296875,-0.263671875,-0.25390625
8688,1.220703125,1.162109375,-0.2734375,-0.224609375
8689,1.220703125,1.083984375,-0.37109375,-0.21484375
8690,1.201171875,1.103515625,-0.361328125,-0.1953125
8691,1.201171875,1.103515625,-0.21484375,-0.2734375
8692,1.0546875,1.09375,-0.25390625,-0.17578125
8693,1.19140625,1.23046875,-0.3515625,-0.244140625
8694,1.15234375,1.1328125,-0.126953125,-0.244140625
8695,1.083984375,1.103515625,-0.2734375,-0.166015625
8696,1.181640625,1.083984375,-0.29296875,-0.29296875
8697,1.162109375,1.005859375,-0.3125,-0.302734375
8698,1.03515625,1.1328125,-0.25390625,-0.2734375
8699,1.220703125,1.07421875,-0.341796875,-0.3125
8700,1.15234375,1.083984375,-0.2734375,-0.380859375
8701,1.26953125,1.083984375,-0.234375,-0.1953125
8702,1.171875,1.171875,-0.341796875,-0.322265625
8703,1.201171875,1.09375,-0.283203125,-0.33203125
8704,1.07421875,1.15234375,-0.29296875,-0.29296875
8705,1.23046875,0.986328125,-0.341796875,-0.322265625
8706,1.162109375,1.142578125,-0.29296875,-0.283203125
8707,1.240234375,1.15234375,-0.361328125,-0.29296875
8708,1.279296875,1.083984375,-0.322265625,-0.361328125
8709,1.25,1.2890625,-0.302734375,-0.263671875
8710,1.23046875,1.11328125,-0.3125,-0.2734375
8711,1.240234375,1.142578125,-0.37109375,-0.2734375
8712,1.240234375,1.142578125,-0.390625,-0.224609375
8713,1.19140625,1.1328125,-0.3125,-0.234375
8714,1.30859375,1.123046875,-0.400390625,-0.2734375
8715,1.259765625,1.123046875,-0.263671875,-0.283203125
8716,1.279296875,1.220703125,-0.3125,-0.25390625
8717,1.376953125,1.142578125,-0.234375,-0.322265625
8718,1.23046875,1.103515625,-0.302734375,-0.3125
8719,1.103515625,1.162109375,-0.361328125,-0.126953125
8720,1.2109375,1.19140625,-0.33203125,-0.302734375
8721,1.2109375,1.123046875,-0.3125,-0.322265625
8722,1.30859375,1.1328125,-0.29296875,-0.341796875
8723,1.259765625,1.162109375,-0.263671875,-0.3125
8724,1.162109375,1.171875,-0.341796875,-0.33203125
8725,1.181640625,1.1328125,-0.29296875,-0.25390625
8726,1.15234375,1.123046875,-0.263671875,-0.3125
8727,1.083984375,1.11328125,-0.283203125,-0.3125
8728,1.220703125,1.142578125,-0.322265625,-0.166015625
8729,1.142578125,1.181640625,-0.302734375,-0.341796875
8730,1.181640625,0.859375,-0.29296875,-0.263671875
8731,1.2109375,1.142578125,-0.3515625,-0.37109375
8732,1.23046875,1.11328125,-0.322265625,-0.2734375
8733,1.181640625,1.259765625,-0.3515625,-0.400390625
8734,1.181640625,1.2109375,-0.3125,-0.5078125
8735,1.328125,1.220703125,-0.4296875,-0.361328125
8736,1.201171875,1.26953125,-0.263671875,-0.283203125
8737,1.30859375,1.123046875,-0.44921875,-0.361328125
8738,1.259765625,1.220703125,-0.33203125,-0.400390625
8739,1.240234375,1.103515625,-0.322265625,-0.322265625
8740,1.279296875,1.123046875,-0.361328125,-0.41015625
8741,1.142578125,1.201171875,-0.302734375,-0.458984375
8742,1.220703125,1.064453125,-0.380859375,-0.37109375
8743,1.201171875,1.19140625,-0.2734375,-0.439453125
8744,1.19140625,1.15234375,-0.400390625,-0.37109375
8745,1.19140625,1.4453125,-0.419921875,-0.3125
8746,1.2109375,1.044921875,-0.21484375,-0.322265625
8747,1.162109375,1.201171875,-0.21484375,-0.37109375
8748,1.259765625,0.9375,-0.17578125,-0.33203125
8749,1.19140625,1.171875,-0.3125,-0.380859375
8750,1.220703125,1.171875,-0.2734375,-0.546875
8751,1.220703125,1.2890625,-0.2734375,-0.380859375
8752,1.201171875,1.123046875,-0.244140625,-0.400390625
8753,1.11328125,1.201171875,-0.302734375,-0.29296875
8754,1.11328125,1.240234375,-0.3125,-0.3515625
8755,1.23046875,1.103515625,-0.25390625,-0.205078125
8756,1.142578125,1.279296875,-0.2734375,-0.1171875
8757,1.2109375,1.11328125,-0.41015625,-0.439453125
8758,1.171875,1.26953125,-0.15625,-0.33203125
8759,1.162109375,1.2109375,-0.263671875,-0.21484375
8760,1.201171875,1.181640625,-0.263671875,-0.302734375
8761,1.171875,1.15234375,-0.234375,-0.283203125
8762,1.15234375,1.162109375,-0.185546875,-0.400390625
8763,1.11328125,1.240234375,-0.263671875,-0.341796875
8764,1.1328125,1.142578125,-0.244140625,-0.244140625
8765,1.142578125,1.103515625,-0.1953125,-0.3125
8766,1.162109375,1.220703125,-0.185546875,-0.33203125
8767,1.103515625,1.201171875,-0.21484375,-0.302734375
8768,1.19140625,1.2109375,-0.33203125,-0.263671875
8769,1.162109375,1.162109375,-0.25390625,-0.25390625
8770,1.07421875,1.181640625,-0.302734375,-0.3125
8771,1.123046875,1.23046875,-0.21484375,-0.380859375
8772,1.357421875,1.298828125,-0.3515625,-0.322265625
8773,1.2109375,1.279296875,-0.341796875,-0.3125
8774,1.19140625,1.26953125,-0.3515625,-0.341796875
8775,1.083984375,1.220703125,-0.3515625,-0.25390625
8776,1.15234375,1.1328125,-0.546875,-0.37109375
8777,1.15234375,1.337890625,-0.361328125,-0.419921875
8778,1.11328125,1.25,-0.29296875,-0.41015625
8779,1.1328125,1.2109375,-0.29296875,-0.439453125
8780,1.142578125,1.26953125,-0.25390625,-0.380859375
8781,1.181640625,1.23046875,-0.21484375,-0.498046875
8782,1.123046875,1.38671875,-0.302734375,-0.44921875
8783,1.11328125,1.26953125,-0.3125,-0.380859375
8784,1.162109375,1.259765625,-0.3515625,-0.390625
8785,1.142578125,1.337890625,-0.302734375,-0.44921875
8786,1.123046875,1.2890625,-0.341796875,-0.537109375
8787,1.044921875,1.25,-0.13671875,-0.341796875
8788,1.2109375,1.40625,-0.263671875,-0.3125
8789,1.23046875,1.298828125,-0.283203125,-0.41015625
8790,1.23046875,1.298828125,-0.322265625,-0.37109375
8791,1.181640625,1.298828125,-0.25390625,-0.322265625
8792,1.171875,1.2890625,-0.341796875,-0.46875
8793,1.25,1.15234375,-0.302734375,-0.419921875
8794,1.171875,1.376953125,-0.400390625,-0.400390625
8795,1.15234375,1.2890625,-0.283203125,-0.361328125
8796,1.083984375,1.328125,-0.205078125,-0.3515625
8797,1.1328125,1.328125,-0.2734375,-0.400390625
8798,1.240234375,1.259765625,-0.263671875,-0.37109375
8799,1.298828125,1.328125,-0.33203125,-0.458984375
8800,1.19140625,1.15234375,-0.25390625,-0.419921875
8801,1.162109375,1.2109375,-0.419921875,-0.234375
8802,1.15234375,1.25,-0.283203125,-0.498046875
8803,1.2109375,1.15234375,-0.224609375,-0.380859375
8804,1.240234375,1.2109375,-0.3125,-0.576171875
8805,1.044921875,1.220703125,-0.234375,-0.478515625
8806,1.201171875,1.259765625,-0.234375,-0.419921875
8807,1.1328125,1.083984375,-0.25390625,-0.4296875
8808,1.083984375,1.201171875,-0.283203125,-0.380859375
8809,0.986328125,1.220703125,-0.341796875,-0.380859375
8810,1.07421875,1.2109375,-0.263671875,-0.302734375
8811,1.25,1.26953125,-0.234375,-0.33203125
8812,1.005859375,1.298828125,-0.41015625,-0.458984375
8813,1.1328125,1.2890625,-0.126953125,-0.41015625
8814,1.240234375,1.23046875,-0.25390625,-0.3125
8815,1.11328125,1.103515625,-0.21484375,-0.361328125
8816,1.15234375,1.162109375,-0.37109375,-0.478515625
8817,1.044921875,1.2109375,-0.107421875,-0.400390625
8818,1.064453125,1.171875,-0.29296875,-0.44921875
8819,1.11328125,1.240234375,-0.1171875,-0.29296875
8820,1.23046875,1.2109375,-0.166015625,-0.4296875
8821,1.19140625,1.2109375,-0.205078125,-0.361328125
8822,1.2109375,1.259765625,-0.244140625,-0.390625
8823,1.279296875,1.25,-0.234375,-0.439453125
8824,1.171875,1.240234375,-0.087890625,-0.3515625
8825,1.240234375,1.19140625,-0.322265625,-0.283203125
8826,1.3671875,1.201171875,-0.302734375,-0.3515625
8827,1.1328125,1.171875,-0.3515625,-0.37109375
8828,1.162109375,1.2890625,-0.37109375,-0.380859375
8829,1.171875,1.23046875,-0.234375,-0.283203125
8830,1.220703125,1.328125,-0.302734375,-0.380859375
8831,1.19140625,1.26953125,-0.283203125,-0.341796875
8832,1.279296875,1.181640625,-0.244140625,-0.419921875
8833,1.083984375,1.1328125,-0.2734375,-0.41015625
8834,1.171875,1.220703125,-0.37109375,-0.41015625
8835,1.083984375,1.220703125,-0.3515625,-0.48828125
8836,1.1328125,1.162109375,-0.2734375,-0.46875
8837,1.103515625,1.09375,-0.3125,-0.41015625
8838,1.083984375,1.23046875,-0.3125,-0.400390625
8839,1.201171875,1.240234375,-0.400390625,-0.439453125
8840,1.142578125,1.181640625,-0.3515625,-0.498046875
8841,1.015625,1.171875,-0.322265625,-0.44921875
8842,1.298828125,1.181640625,-0.2734375,-0.439453125
8843,1.201171875,1.07421875,-0.29296875,-0.517578125
8844,1.123046875,1.19140625,-0.263671875,-0.400390625
8845,1.162109375,1.19140625,-0.3515625,-0.48828125
8846,1.171875,1.1328125,-0.3125,-0.400390625
8847,1.03515625,1.1328125,-0.3125,-0.517578125
8848,1.103515625,1.19140625,-0.29296875,-0.48828125
8849,1.162109375,1.171875,-0.17578125,-0.380859375
8850,1.025390625,1.240234375,-0.322265625,-0.439453125
8851,1.103515625,1.23046875,-0.3125,-0.41015625
8852,1.1328125,1.1328125,-0.1953125,-0.3125
8853,0.9765625,1.162109375,-0.25390625,-0.4296875
8854,1.171875,1.142578125,-0.263671875,-0.41015625
8855,1.142578125,1.181640625,-0.41015625,-0.419921875
8856,1.162109375,1.15234375,-0.15625,-0.48828125
8857,1.23046875,1.142578125,-0.263671875,-0.361328125
8858,1.201171875,1.044921875,-0.205078125,-0.380859375
8859,1.03515625,1.328125,-0.25390625,-0.5078125
8860,1.298828125,1.123046875,-0.29296875,-0.498046875
8861,1.142578125,1.357421875,-0.126953125,-0.44921875
8862,1.181640625,1.09375,-0.244140625,-0.322265625
8863,1.26953125,1.1328125,-0.205078125,-0.419921875
8864,1.171875,1.15234375,-0.25390625,-0.419921875
8865,1.083984375,1.083984375,-0.2734375,-0.400390625
8866,1.07421875,1.103515625,-0.1171875,-0.498046875
8867,1.15234375,1.23046875,-0.244140625,-0.380859375
8868,1.11328125,1.201171875,-0.361328125,-0.46875
8869,1.2109375,1.171875,-0.302734375,-0.517578125
8870,1.142578125,1.181640625,-0.234375,-0.390625
8871,1.1328125,1.26953125,-0.390625,-0.33203125
8872,1.07421875,1.181640625,-0.2734375,-0.44921875
8873,1.142578125,1.181640625,-0.29296875,-0.419921875
8874,1.123046875,1.11328125,-0.29296875,-0.380859375
8875,1.162109375,1.123046875,-0.2734375,-0.439453125
8876,1.07421875,1.181640625,-0.361328125,-0.37109375
8877,1.19140625,1.220703125,-0.322265625,-0.419921875
8878,1.15234375,1.171875,-0.283203125,-0.48828125
8879,1.0546875,1.11328125,-0.224609375,-0.400390625
8880,1.142578125,1.279296875,-0.322265625,-0.322265625
8881,1.1328125,1.181640625,-0.185546875,-0.458984375
8882,1.2109375,1.15234375,-0.29296875,-0.37109375
8883,1.142578125,1.181640625,-0.390625,-0.390625
8884,0.99609375,1.25,-0.322265625,-0.380859375
8885,1.0546875,1.220703125,-0.302734375,-0.390625
8886,1.162109375,1.162109375,-0.185546875,-0.37109375
8887,1.07421875,1.181640625,-0.341796875,-0.44921875
8888,1.19140625,1.19140625,-0.224609375,-0.390625
8889,1.19140625,1.162109375,-0.302734375,-0.41015625
8890,1.171875,1.171875,-0.283203125,-0.44921875
8891,1.171875,1.03515625,-0.498046875,-0.33203125
8892,1.142578125,1.181640625,-0.3515625,-0.390625
8893,1.0546875,1.19140625,-0.2734375,-0.41015625
8894,1.11328125,1.2109375,-0.3125,-0.390625
8895,1.103515625,1.2109375,-0.263671875,-0.3515625
8896,1.123046875,1.171875,-0.283203125,-0.4296875
8897,1.162109375,1.162109375,-0.068359375,-0.400390625
8898,1.181640625,1.2109375,-0.1953125,-0.390625
8899,1.162109375,1.09375,-0.17578125,-0.400390625
8900,1.162109375,1.083984375,-0.224609375,-0.380859375
8901,1.181640625,1.0546875,-0.146484375,-0.439453125
8902,1.240234375,1.09375,-0.13671875,-0.439453125
8903,1.171875,1.103515625,-0.205078125,-0.37109375
8904,1.259765625,1.171875,-0.25390625,-0.390625
8905,1.162109375,1.123046875,-0.21484375,-0.400390625
8906,1.015625,1.181640625,-0.234375,-0.4296875
8907,1.201171875,1.11328125,-0.21484375,-0.361328125
8908,1.220703125,1.103515625,-0.166015625,-0.37109375
8909,1.23046875,1.11328125,-0.166015625,-0.390625
8910,1.25,1.19140625,-0.25390625,-0.419921875
8911,1.181640625,1.181640625,-0.380859375,-0.390625
8912,1.09375,1.123046875,-0.33203125,-0.361328125
8913,1.2890625,1.2109375,-0.33203125,-0.4296875
8914,1.123046875,1.1328125,-0.400390625,-0.458984375
8915,1.25,1.11328125,-0.29296875,-0.380859375
8916,1.201171875,1.123046875,-0.283203125,-0.439453125
8917,1.2109375,0.9765625,-0.302734375,-0.3515625
8918,1.103515625,1.181640625,-0.263671875,-0.458984375
8919,1.26953125,1.2109375,-0.283203125,-0.33203125
8920,1.23046875,1.19140625,-0.41015625,-0.17578125
8921,1.171875,1.171875,-0.126953125,-0.3515625
8922,1.201171875,1.2109375,-0.341796875,-0.41015625
8923,1.23046875,1.25,-0.390625,-0.419921875
8924,1.201171875,1.1328125,-0.283203125,-0.341796875
8925,1.2109375,1.1328125,-0.41015625,-0.3125
8926,1.123046875,1.123046875,-0.380859375,-0.41015625
8927,1.30859375,1.09375,-0.41015625,-0.48828125
8928,1.2109375,1.15234375,-0.205078125,-0.3125
8929,1.240234375,1.025390625,-0.25390625,-0.234375
8930,1.064453125,1.2109375,-0.263671875,-0.361328125
8931,1.279296875,1.25,-0.29296875,-0.37109375
8932,1.201171875,1.142578125,-0.341796875,-0.302734375
8933,1.298828125,1.1328125,-0.3125,-0.41015625
8934,1.240234375,1.2109375,-0.302734375,-0.341796875
8935,1.220703125,1.025390625,-0.244140625,-0.3515625
8936,1.298828125,1.162109375,-0.244140625,-0.390625
8937,1.123046875,1.142578125,-0.3515625,-0.4296875
8938,1.162109375,1.142578125,-0.41015625,-0.3125
8939,1.171875,1.1328125,-0.2734375,-0.3125
8940,1.240234375,1.171875,-0.302734375,-0.283203125
8941,1.25,1.142578125,-0.33203125,-0.341796875
8942,1.23046875,1.162109375,-0.25390625,-0.15625
8943,1.15234375,1.0546875,-0.21484375,-0.380859375
8944,1.26953125,1.07421875,-0.263671875,-0.3515625
8945,1.181640625,1.123046875,-0.29296875,-0.3125
8946,1.26953125,1.171875,-0.224609375,-0.33203125
8947,1.23046875,1.171875,-0.2734375,-0.400390625
8948,1.259765625,1.162109375,-0.244140625,-0.185546875
8949,1.279296875,1.2109375,-0.263671875,-0.400390625
8950,1.279296875,1.19140625,-0.380859375,-0.322265625
8951,1.298828125,1.171875,-0.29296875,-0.37109375
8952,1.19140625,1.171875,-0.322265625,-0.29296875
8953,1.220703125,1.1328125,-0.15625,-0.3125
8954,1.30859375,1.2109375,-0.224609375,-0.390625
8955,1.298828125,1.09375,-0.25390625,-0.419921875
8956,1.19140625,1.064453125,-0.21484375,-0.37109375
8957,1.162109375,1.19140625,-0.283203125,-0.46875
8958,1.337890625,1.19140625,-0.322265625,-0.3515625
8959,1.26953125,1.142578125,-0.322265625,-0.3515625
8960,1.328125,1.25,-0.25390625,-0.4296875
8961,1.181640625,1.123046875,-0.3515625,-0.341796875
8962,1.259765625,1.220703125,-0.33203125,-0.419921875
8963,1.220703125,1.162109375,-0.29296875,-0.419921875
8964,1.30859375,1.19140625,-0.341796875,-0.341796875
8965,1.259765625,1.26953125,-0.244140625,-0.322265625
8966,1.298828125,1.181640625,-0.244140625,-0.400390625
8967,1.07421875,1.220703125,-0.2734375,-0.3515625
8968,1.2890625,1.142578125,-0.21484375,-0.33203125
8969,1.30859375,1.1328125,-0.21484375,-0.458984375
8970,1.19140625,1.142578125,-0.1953125,-0.419921875
8971,1.298828125,1.181640625,-0.1953125,-0.302734375
8972,1.2109375,1.474609375,-0.234375,-0.37109375
8973,1.201171875,1.220703125,-0.25390625,-0.380859375
8974,1.25,1.26953125,-0.2734375,-0.322265625
8975,1.23046875,1.3671875,-0.1171875,-0.5859375
8976,1.25,1.142578125,-0.322265625,-0.361328125
8977,1.25,1.19140625,-0.322265625,-0.283203125
8978,1.34765625,1.15234375,-0.2734375,-0.4296875
8979,1.26953125,1.1328125,-0.29296875,-0.4296875
8980,1.201171875,1.240234375,-0.3515625,-0.341796875
8981,1.25,1.30859375,-0.2734375,-0.361328125
8982,1.435546875,1.142578125,-0.263671875,-0.33203125
8983,1.26953125,1.259765625,-0.263671875,-0.390625
8984,1.2109375,1.015625,-0.419921875,-0.400390625
8985,1.318359375,1.142578125,-0.224609375,-0.41015625
8986,1.279296875,1.240234375,-0.263671875,-0.419921875
8987,1.279296875,1.142578125,-0.263671875,-0.400390625
8988,1.318359375,1.162109375,-0.146484375,-0.283203125
8989,1.171875,1.015625,-0.21484375,-0.341796875
8990,1.171875,1.064453125,-0.29296875,-0.380859375
8991,1.23046875,1.103515625,-0.283203125,-0.380859375
8992,1.240234375,1.1328125,-0.2734375,-0.341796875
8993,1.240234375,1.240234375,-0.244140625,-0.3515625
8994,1.2890625,1.162109375,-0.234375,-0.322265625
8995,1.30859375,1.2890625,-0.185546875,-0.458984375
8996,1.23046875,0.927734375,-0.048828125,-0.33203125
8997,1.19140625,1.201171875,-0.322265625,-0.439453125
8998,1.142578125,1.279296875,-0.29296875,-0.3515625
8999,1.240234375,1.23046875,-0.234375,-0.302734375
9000,1.171875,1.103515625,-0.244140625,-0.52734375
9001,1.171875,1.279296875,-0.166015625,-0.322265625
9002,1.142578125,1.240234375,-0.224609375,-0.33203125
9003,1.1328125,1.142578125,-0.166015625,-0.4296875
9004,1.1328125,1.2109375,-0.3125,-0.361328125
9005,1.201171875,1.09375,-0.283203125,-0.29296875
9006,1.240234375,1.11328125,-0.283203125,-0.302734375
9007,1.23046875,1.142578125,-0.244140625,-0.341796875
9008,1.23046875,1.162109375,-0.205078125,-0.263671875
9009,1.181640625,1.07421875,-0.13671875,-0.234375
9010,1.19140625,1.09375,-0.185546875,-0.33203125
9011,1.201171875,1.09375,-0.146484375,-0.322265625
9012,1.171875,1.083984375,-0.224609375,-0.29296875
9013,1.220703125,1.03515625,-0.244140625,-0.322265625
9014,1.23046875,1.09375,-0.205078125,-0.439453125
9015,1.2109375,1.07421875,-0.1953125,-0.33203125
9016,1.09375,1.083984375,-0.224609375,-0.3515625
9017,1.201171875,1.025390625,-0.244140625,-0.37109375
9018,1.181640625,1.103515625,-0.224609375,-0.341796875
9019,1.201171875,1.044921875,-0.15625,-0.29296875
9020,1.162109375,1.142578125,-0.205078125,-0.33203125
9021,1.220703125,1.11328125,-0.244140625,-0.25390625
9022,1.240234375,1.064453125,-0.224609375,-0.37109375
9023,1.09375,1.005859375,-0.25390625,-0.322265625
9024,1.25,1.162109375,-0.302734375,-0.244140625
9025,1.15234375,1.03515625,-0.244140625,-0.419921875
9026,1.103515625,1.064453125,-0.21484375,-0.4296875
9027,1.25,1.09375,-0.29296875,-0.3515625
9028,1.26953125,1.123046875,-0.244140625,-0.361328125
9029,1.171875,1.259765625,-0.322265625,-0.29296875
9030,1.142578125,1.123046875,-0.2734375,-0.205078125
9031,1.142578125,1.11328125,-0.380859375,-0.21484375
9032,1.220703125,1.044921875,-0.283203125,-0.2734375
9033,1.15234375,1.083984375,-0.283203125,-0.1171875
9034,1.23046875,1.19140625,-0.283203125,-0.322265625
9035,1.2890625,1.123046875,-0.29296875,-0.3125
9036,1.181640625,1.123046875,-0.244140625,-0.224609375
9037,1.220703125,1.103515625,-0.21484375,-0.439453125
9038,1.123046875,1.1328125,-0.146484375,-0.29296875
9039,1.19140625,1.103515625,-0.185546875,-0.244140625
9040,1.181640625,1.123046875,-0.263671875,-0.302734375
9041,1.181640625,1.2890625,-0.341796875,-0.25390625
9042,1.26953125,0.947265625,-0.302734375,-0.0390625
9043,1.2890625,1.11328125,-0.3515625,-0.234375
9044,1.171875,1.0546875,-0.25390625,-0.263671875
9045,1.2109375,1.171875,-0.205078125,-0.166015625
9046,1.34765625,1.064453125,-0.244140625,-0.400390625
9047,1.30859375,1.09375,-0.234375,-0.322265625
9048,1.19140625,1.044921875,-0.234375,-0.29296875
9049,1.123046875,1.03515625,-0.2734375,-0.2734375
9050,1.25,1.19140625,-0.263671875,-0.25390625
9051,1.25,1.123046875,-0.322265625,-0.263671875
9052,1.38671875,1.103515625,-0.439453125,-0.33203125
9053,1.38671875,1.123046875,-0.205078125,-0.33203125
9054,1.30859375,1.015625,-0.37109375,-0.380859375
9055,1.083984375,1.103515625,-0.390625,-0.302734375
9056,1.19140625,1.171875,-0.341796875,-0.322265625
9057,1.23046875,1.162109375,-0.3515625,-0.087890625
9058,1.337890625,1.220703125,-0.302734375,-0.21484375
9059,1.015625,1.11328125,-0.380859375,-0.263671875
9060,1.162109375,1.15234375,-0.302734375,-0.3125
9061,1.07421875,1.162109375,-0.361328125,-0.25390625
9062,1.23046875,1.03515625,-0.341796875,-0.3125
9063,1.201171875,1.142578125,-0.302734375,-0.244140625
9064,1.142578125,1.162109375,-0.3515625,-0.224609375
9065,1.09375,1.11328125,-0.3125,-0.244140625
9066,1.171875,1.11328125,-0.390625,-0.283203125
9067,1.279296875,1.1328125,-0.234375,-0.234375
9068,1.23046875,1.19140625,-0.224609375,-0.224609375
9069,1.171875,1.142578125,-0.3515625,-0.302734375
9070,1.171875,1.181640625,-0.3515625,-0.263671875
9071,1.19140625,1.1328125,-0.283203125,-0.263671875
9072,1.240234375,1.181640625,-0.17578125,-0.244140625
9073,1.26953125,1.123046875,-0.3125,-0.283203125
9074,1.298828125,1.044921875,-0.263671875,-0.234375
9075,1.220703125,1.07421875,-0.29296875,-0.3515625
9076,1.15234375,1.103515625,-0.37109375,-0.234375
9077,1.162109375,1.083984375,-0.44921875,-0.25390625
9078,1.25,1.2109375,-0.322265625,-0.2734375
9079,1.181640625,1.09375,-0.4296875,-0.1953125
9080,1.2109375,1.11328125,-0.3515625,-0.25390625
9081,1.2109375,1.064453125,-0.41015625,-0.322265625
9082,1.23046875,1.03515625,-0.3515625,-0.283203125
9083,1.25,1.083984375,-0.4296875,-0.224609375
9084,1.15234375,1.103515625,-0.498046875,-0.283203125
9085,1.1328125,1.0546875,-0.458984375,-0.1953125
9086,1.11328125,1.162109375,-0.419921875,-0.263671875
9087,1.11328125,1.03515625,-0.341796875,-0.25390625
9088,1.11328125,1.11328125,-0.44921875,-0.302734375
9089,1.083984375,1.103515625,-0.283203125,-0.25390625
9090,1.181640625,1.19140625,-0.458984375,-0.224609375
9091,1.2109375,1.103515625,-0.322265625,-0.263671875
9092,1.0546875,1.1328125,-0.25390625,-0.283203125
9093,1.220703125,1.142578125,-0.44921875,-0.1953125
9094,1.2109375,1.064453125,-0.244140625,-0.283203125
9095,1.005859375,1.142578125,-0.33203125,-0.244140625
9096,1.083984375,1.025390625,-0.361328125,-0.283203125
9097,1.181640625,1.09375,-0.3125,-0.185546875
9098,1.171875,1.103515625,-0.224609375,-0.263671875
9099,1.181640625,1.015625,-0.244140625,-0.33203125
9100,1.1328125,1.03515625,-0.322265625,-0.33203125
9101,1.2109375,1.15234375,-0.3125,-0.205078125
9102,1.171875,0.966796875,-0.25390625,-0.341796875
9103,1.23046875,1.162109375,-0.341796875,-0.21484375
9104,1.162109375,1.15234375,-0.302734375,-0.1953125
9105,1.181640625,1.083984375,-0.302734375,-0.25390625
9106,1.15234375,1.171875,-0.380859375,-0.29296875
9107,1.25,1.11328125,-0.283203125,-0.29296875
9108,1.2109375,0.966796875,-0.3125,-0.263671875
9109,1.220703125,1.181640625,-0.33203125,-0.3515625
9110,1.220703125,1.181640625,-0.29296875,-0.390625
9111,1.201171875,1.23046875,-0.41015625,-0.224609375
9112,1.240234375,1.376953125,-0.21484375,-0.263671875
9113,1.23046875,1.15234375,-0.33203125,-0.25390625
9114,1.259765625,1.07421875,-0.341796875,-0.2734375
9115,1.2109375,1.162109375,-0.2734375,-0.21484375
9116,1.259765625,1.2109375,-0.283203125,-0.322265625
9117,1.279296875,1.201171875,-0.33203125,-0.302734375
9118,1.171875,1.25,-0.3125,-0.21484375
9119,1.328125,1.25,-0.341796875,-0.322265625
9120,1.15234375,1.083984375,-0.244140625,-0.3125
9121,1.2109375,1.181640625,-0.09765625,-0.302734375
9122,1.240234375,1.103515625,-0.25390625,-0.380859375
9123,1.220703125,1.015625,-0.17578125,-0.234375
9124,1.19140625,1.19140625,-0.263671875,-0.17578125
9125,1.23046875,1.15234375,-0.341796875,-0.244140625
9126,1.142578125,1.083984375,-0.205078125,-0.3125
9127,1.26953125,0.986328125,-0.244140625,-0.205078125
9128,1.23046875,1.103515625,-0.234375,-0.341796875
9129,1.25,1.162109375,-0.263671875,-0.302734375
9130,1.23046875,1.11328125,-0.263671875,-0.341796875
9131,1.23046875,1.09375,-0.29296875,-0.25390625
9132,1.298828125,1.123046875,-0.244140625,-0.29296875
9133,1.26953125,1.015625,-0.37109375,-0.263671875
9134,1.19140625,1.11328125,-0.3125,-0.380859375
9135,1.201171875,1.1328125,-0.341796875,-0.322265625
9136,1.19140625,1.123046875,-0.37109375,-0.185546875
9137,1.220703125,1.123046875,-0.3515625,-0.3125
9138,1.1328125,1.0546875,-0.361328125,-0.322265625
9139,1.15234375,1.044921875,-0.380859375,-0.283203125
9140,1.34765625,1.1328125,-0.37109375,-0.2734375
9141,1.201171875,1.015625,-0.17578125,-0.2734375
9142,1.298828125,1.19140625,-0.380859375,-0.146484375
9143,1.23046875,1.181640625,-0.263671875,-0.37109375
9144,1.25,1.201171875,-0.33203125,-0.25390625
9145,1.19140625,1.044921875,-0.439453125,-0.21484375
9146,1.220703125,1.15234375,-0.322265625,-0.37109375
9147,1.38671875,1.15234375,-0.29296875,-0.224609375
9148,1.25,1.123046875,-0.3515625,-0.283203125
9149,1.171875,1.1328125,-0.322265625,-0.302734375
9150,1.357421875,1.162109375,-0.263671875,-0.29296875
9151,1.240234375,1.171875,-0.205078125,-0.33203125
9152,1.2109375,1.11328125,-0.283203125,-0.361328125
9153,1.15234375,1.142578125,-0.3125,-0.234375
9154,1.1328125,1.0546875,-0.25390625,-0.29296875
9155,1.162109375,1.15234375,-0.302734375,-0.107421875
9156,1.171875,1.162109375,-0.322265625,-0.400390625
9157,1.171875,1.09375,-0.29296875,-0.263671875
9158,1.162109375,1.220703125,-0.1953125,-0.263671875
9159,1.2109375,1.123046875,-0.25390625,-0.05859375
9160,1.240234375,1.162109375,-0.400390625,-0.41015625
9161,1.26953125,1.09375,-0.25390625,-0.380859375
9162,1.181640625,1.162109375,-0.283203125,-0.458984375
9163,1.318359375,1.240234375,-0.2734375,-0.380859375
9164,1.201171875,1.2109375,-0.37109375,-0.3125
9165,1.103515625,1.1328125,-0.1953125,-0.3125
9166,1.25,1.142578125,-0.302734375,-0.33203125
9167,1.2890625,1.171875,-0.33203125,-0.2734375
9168,1.298828125,1.181640625,-0.33203125,-0.33203125
9169,1.240234375,1.11328125,-0.341796875,-0.3125
9170,1.25,1.142578125,-0.21484375,-0.3125
9171,1.2890625,1.181640625,-0.283203125,-0.4296875
9172,1.3671875,0.966796875,-0.283203125,-0.380859375
9173,1.240234375,1.03515625,-0.2734375,-0.400390625
9174,1.142578125,1.142578125,-0.3125,-0.244140625
9175,1.279296875,1.171875,-0.302734375,-0.33203125
9176,1.259765625,1.259765625,-0.361328125,-0.302734375
9177,1.30859375,1.123046875,-0.17578125,-0.21484375
9178,1.259765625,1.2109375,-0.244140625,-0.263671875
9179,1.23046875,1.15234375,-0.4296875,-0.3515625
9180,1.240234375,1.064453125,-0.2734375,-0.400390625
9181,1.09375,1.064453125,-0.25390625,-0.361328125
9182,1.2109375,1.240234375,-0.3515625,-0.224609375
9183,1.142578125,1.171875,-0.25390625,-0.263671875
9184,1.15234375,1.171875,-0.166015625,-0.361328125
9185,1.201171875,1.1328125,-0.2734375,-0.302734375
9186,1.30859375,1.083984375,-0.25390625,-0.322265625
9187,1.1328125,1.162109375,-0.29296875,-0.263671875
9188,1.201171875,1.15234375,-0.283203125,-0.3125
9189,1.298828125,1.103515625,-0.29296875,-0.302734375
9190,1.09375,1.1328125,-0.29296875,-0.29296875
9191,1.15234375,1.11328125,-0.205078125,-0.302734375
9192,1.15234375,1.123046875,-0.3515625,-0.25390625
9193,1.142578125,1.181640625,-0.25390625,-0.341796875
9194,1.220703125,1.26953125,-0.37109375,-0.33203125
9195,1.2890625,1.171875,-0.2734375,-0.4296875
9196,1.181640625,1.11328125,-0.244140625,-0.3515625
9197,1.15234375,1.181640625,-0.205078125,-0.3125
9198,1.201171875,1.1328125,-0.25390625,-0.078125
9199,1.2109375,1.19140625,-0.25390625,-0.25390625
9200,1.15234375,1.220703125,-0.17578125,-0.25390625
9201,1.142578125,1.11328125,-0.2734375,-0.478515625
9202,1.15234375,1.11328125,-0.234375,-0.283203125
9203,1.15234375,1.11328125,-0.29296875,-0.3125
9204,1.15234375,1.26953125,-0.13671875,-0.390625
9205,1.3671875,1.15234375,-0.37109375,-0.25390625
9206,1.162109375,1.26953125,-0.322265625,-0.283203125
9207,1.005859375,1.015625,-0.2734375,-0.2734375
9208,1.0546875,1.2109375,-0.341796875,-0.3125
9209,1.123046875,1.201171875,-0.361328125,-0.400390625
9210,1.162109375,1.376953125,-0.33203125,-0.2734375
9211,1.1328125,1.2890625,-0.37109375,-0.41015625
9212,1.19140625,1.26953125,-0.302734375,-0.37109375
9213,1.083984375,1.11328125,-0.33203125,-0.302734375
9214,1.103515625,1.2109375,-0.29296875,-0.458984375
9215,1.220703125,1.15234375,-0.224609375,-0.380859375
9216,1.162109375,1.328125,-0.29296875,-0.185546875
9217,1.1328125,1.298828125,-0.205078125,-0.537109375
9218,1.142578125,1.171875,-0.263671875,-0.44921875
9219,1.1328125,1.220703125,-0.33203125,-0.498046875
9220,1.03515625,1.298828125,-0.341796875,-0.44921875
9221,1.1328125,1.2890625,-0.29296875,-0.380859375
9222,1.123046875,1.34765625,-0.25390625,-0.478515625
9223,1.181640625,1.259765625,-0.21484375,-0.4296875
9224,1.09375,1.328125,-0.244140625,-0.37109375
9225,1.123046875,1.328125,-0.13671875,-0.21484375
9226,1.142578125,1.357421875,-0.302734375,-0.37109375
9227,1.15234375,1.220703125,-0.263671875,-0.537109375
9228,1.2109375,1.318359375,-0.1953125,-0.322265625
9229,1.240234375,1.25,-0.224609375,-0.458984375
9230,1.220703125,1.220703125,-0.322265625,-0.380859375
9231,1.181640625,1.279296875,-0.263671875,-0.37109375
9232,1.171875,1.240234375,-0.37109375,-0.44921875
9233,1.1328125,1.298828125,-0.3515625,-0.41015625
9234,1.220703125,1.2890625,-0.302734375,-0.380859375
9235,1.142578125,1.2890625,-0.37109375,-0.46875
9236,1.171875,1.259765625,-0.1953125,-0.400390625
9237,1.220703125,1.201171875,-0.302734375,-0.302734375
9238,1.23046875,1.25,-0.3515625,-0.33203125
9239,1.123046875,1.162109375,-0.224609375,-0.380859375
9240,1.2890625,1.279296875,-0.2734375,-0.458984375
9241,1.171875,1.259765625,-0.234375,-0.5078125
9242,1.220703125,1.30859375,-0.302734375,-0.41015625
9243,1.2109375,1.201171875,-0.283203125,-0.44921875
9244,1.19140625,1.259765625,-0.21484375,-0.380859375
9245,1.30859375,1.2890625,-0.25390625,-0.41015625
9246,1.201171875,1.083984375,-0.25390625,-0.302734375
9247,1.142578125,1.162109375,-0.25390625,-0.439453125
9248,1.07421875,1.123046875,-0.126953125,-0.4296875
9249,1.2109375,1.25,-0.302734375,-0.380859375
9250,1.328125,1.23046875,-0.361328125,-0.380859375
9251,1.0546875,1.201171875,-0.41015625,-0.41015625
9252,1.19140625,1.201171875,-0.400390625,-0.3515625
9253,1.171875,1.220703125,-0.25390625,-0.29296875
9254,1.15234375,1.3671875,-0.13671875,-0.3515625
9255,1.181640625,1.171875,-0.224609375,-0.419921875
9256,1.15234375,1.201171875,-0.244140625,-0.361328125
9257,1.1328125,1.2890625,-0.263671875,-0.41015625
9258,1.162109375,1.259765625,-0.3125,-0.439453125
9259,1.142578125,1.2890625,-0.302734375,-0.419921875
9260,1.0546875,1.201171875,-0.48828125,-0.380859375
9261,1.09375,1.083984375,-0.283203125,-0.3515625
9262,1.181640625,1.2109375,-0.263671875,-0.37109375
9263,1.19140625,1.162109375,-0.3515625,-0.3515625
9264,1.15234375,1.279296875,-0.302734375,-0.3515625
9265,1.15234375,1.19140625,-0.234375,-0.439453125
9266,1.318359375,1.1328125,-0.29296875,-0.390625
9267,1.162109375,1.123046875,-0.146484375,-0.458984375
9268,1.15234375,1.220703125,-0.263671875,-0.341796875
9269,1.171875,1.142578125,-0.283203125,-0.46875
9270,1.15234375,1.23046875,-0.2734375,-0.322265625
9271,1.15234375,1.15234375,-0.29296875,-0.41015625
9272,1.142578125,1.19140625,-0.205078125,-0.458984375
9273,1.142578125,1.2109375,-0.361328125,-0.37109375
9274,1.220703125,1.11328125,-0.25390625,-0.4296875
9275,1.123046875,1.201171875,-0.2734375,-0.537109375
9276,1.26953125,1.259765625,-0.185546875,-0.322265625
9277,1.181640625,1.201171875,-0.3515625,-0.419921875
9278,1.220703125,1.07421875,-0.3125,-0.322265625
9279,1.23046875,1.2109375,-0.205078125,-0.3515625
9280,1.2109375,1.162109375,-0.25390625,-0.361328125
9281,1.19140625,1.2109375,-0.21484375,-0.3515625
9282,1.09375,1.07421875,-0.390625,-0.419921875
9283,1.181640625,1.26953125,-0.244140625,-0.29296875
9284,1.3671875,1.220703125,-0.17578125,-0.44921875
9285,1.103515625,0.986328125,-0.283203125,-0.390625
9286,1.11328125,1.181640625,-0.302734375,-0.458984375
9287,1.376953125,1.1328125,-0.283203125,-0.439453125
9288,1.2109375,1.123046875,-0.185546875,-0.3515625
9289,1.201171875,1.083984375,-0.2734375,-0.400390625
9290,1.240234375,1.15234375,-0.21484375,-0.46875
9291,1.15234375,1.201171875,-0.2734375,-0.380859375
9292,1.2109375,1.15234375,-0.21484375,-0.4296875
9293,1.25,1.1328125,-0.146484375,-0.46875
9294,1.2109375,1.1328125,-0.21484375,-0.37109375
9295,1.220703125,1.11328125,-0.25390625,-0.439453125
9296,1.298828125,1.181640625,-0.17578125,-0.46875
9297,1.25,1.103515625,-0.29296875,-0.44921875
9298,1.2109375,1.123046875,-0.13671875,-0.5078125
9299,1.220703125,1.201171875,-0.21484375,-0.46875
9300,1.1328125,1.15234375,-0.263671875,-0.419921875
9301,1.19140625,1.2890625,-0.13671875,-0.361328125
9302,1.201171875,1.142578125,-0.224609375,-0.380859375
9303,1.2109375,1.1328125,-0.1953125,-0.41015625
9304,1.220703125,1.2890625,-0.29296875,-0.380859375
9305,1.064453125,1.19140625,-0.1953125,-0.400390625
9306,1.25,1.162109375,-0.21484375,-0.4296875
9307,1.2109375,1.19140625,-0.25390625,-0.546875
9308,1.103515625,1.15234375,-0.25390625,-0.52734375
9309,1.15234375,1.0546875,-0.234375,-0.361328125
9310,1.23046875,1.240234375,-0.234375,-0.390625
9311,1.240234375,1.1328125,-0.25390625,-0.4296875
9312,1.15234375,1.025390625,-0.302734375,-0.400390625
9313,1.142578125,1.025390625,-0.146484375,-0.3125
9314,1.2890625,1.181640625,-0.166015625,-0.44921875
9315,1.162109375,1.181640625,-0.33203125,-0.29296875
9316,1.181640625,1.23046875,-0.33203125,-0.4296875
9317,1.201171875,1.19140625,-0.21484375,-0.498046875
9318,1.0546875,1.201171875,-0.087890625,-0.361328125
9319,1.2109375,1.23046875,-0.263671875,-0.37109375
9320,1.11328125,0.9765625,-0.244140625,-0.3515625
9321,1.15234375,1.240234375,-0.263671875,-0.37109375
9322,1.142578125,1.240234375,-0.25390625,-0.361328125
9323,1.181640625,1.2109375,-0.263671875,-0.4296875
9324,1.0546875,1.201171875,-0.1953125,-0.390625
9325,1.1328125,1.240234375,-0.224609375,-0.41015625
9326,1.171875,1.181640625,-0.205078125,-0.458984375
9327,1.044921875,1.181640625,-0.087890625,-0.478515625
9328,1.123046875,1.30859375,-0.21484375,-0.44921875
9329,1.19140625,1.19140625,-0.283203125,-0.498046875
9330,1.103515625,1.181640625,-0.244140625,-0.3515625
9331,1.1328125,1.142578125,-0.234375,-0.41015625
9332,1.11328125,1.162109375,-0.185546875,-0.5078125
9333,1.171875,1.142578125,-0.224609375,-0.46875
9334,1.171875,1.171875,-0.322265625,-0.439453125
9335,1.19140625,1.142578125,-0.263671875,-0.419921875
9336,1.2890625,1.1328125,-0.17578125,-0.361328125
9337,1.357421875,1.220703125,-0.439453125,-0.400390625
9338,1.2890625,1.357421875,-0.15625,-0.322265625
9339,1.220703125,1.083984375,-0.244140625,-0.380859375
9340,1.23046875,1.11328125,-0.21484375,-0.341796875
9341,1.201171875,1.025390625,-0.17578125,-0.4296875
9342,1.23046875,1.1328125,-0.166015625,-0.439453125
9343,1.171875,1.201171875,-0.302734375,-0.380859375
9344,1.2109375,1.044921875,-0.29296875,-0.4296875
9345,1.2109375,1.15234375,-0.224609375,-0.556640625
9346,1.2109375,1.11328125,-0.15625,-0.419921875
9347,1.26953125,1.318359375,-0.322265625,-0.3515625
9348,1.25,1.09375,-0.341796875,-0.4296875
9349,1.19140625,1.025390625,-0.2734375,-0.2734375
9350,1.220703125,1.162109375,-0.302734375,-0.439453125
9351,1.220703125,1.083984375,-0.283203125,-0.302734375
9352,1.318359375,1.123046875,-0.380859375,-0.419921875
9353,1.23046875,1.103515625,-0.21484375,-0.341796875
9354,1.318359375,1.1328125,-0.224609375,-0.17578125
9355,1.2890625,1.025390625,-0.21484375,-0.41015625
9356,1.240234375,1.03515625,-0.29296875,-0.341796875
9357,1.181640625,1.142578125,-0.3515625,-0.283203125
9358,1.26953125,1.15234375,-0.3125,-0.380859375
9359,1.240234375,1.171875,-0.185546875,-0.25390625
9360,1.23046875,1.171875,-0.302734375,-0.4296875
9361,1.259765625,1.123046875,-0.263671875,-0.3515625
9362,1.25,1.07421875,-0.21484375,-0.400390625
9363,1.142578125,1.09375,-0.341796875,-0.322265625
9364,1.220703125,1.181640625,-0.29296875,-0.380859375
9365,1.23046875,1.181640625,-0.244140625,-0.439453125
9366,1.23046875,1.064453125,-0.25390625,-0.263671875
9367,1.279296875,1.2109375,-0.25390625,-0.400390625
9368,1.23046875,1.09375,-0.2734375,-0.341796875
9369,1.171875,1.142578125,-0.3125,-0.361328125
9370,1.220703125,1.19140625,-0.234375,-0.390625
9371,1.240234375,1.123046875,-0.234375,-0.380859375
9372,1.2109375,1.11328125,-0.234375,-0.419921875
9373,1.25,1.171875,-0.224609375,-0.4296875
9374,1.23046875,1.09375,-0.400390625,-0.25390625
9375,1.123046875,1.103515625,-0.2734375,-0.322265625
9376,1.2109375,1.103515625,-0.234375,-0.4296875
9377,1.240234375,1.142578125,-0.13671875,-0.37109375
9378,1.23046875,1.23046875,-0.283203125,-0.37109375
9379,1.171875,1.11328125,-0.302734375,-0.37109375
9380,1.25,1.162109375,-0.25390625,-0.400390625
9381,1.2890625,1.171875,-0.283203125,-0.419921875
9382,1.279296875,1.171875,-0.224609375,-0.380859375
9383,1.240234375,1.15234375,-0.3515625,-0.380859375
9384,1.220703125,1.162109375,-0.283203125,-0.478515625
9385,1.171875,1.181640625,-0.263671875,-0.361328125
9386,1.220703125,1.2109375,-0.224609375,-0.361328125
9387,1.240234375,1.23046875,-0.302734375,-0.3125
9388,1.26953125,1.07421875,-0.205078125,-0.361328125
9389,1.279296875,1.25,-0.322265625,-0.3515625
9390,1.328125,1.23046875,-0.25390625,-0.25390625
9391,1.357421875,1.201171875,-0.29296875,-0.302734375
9392,1.2109375,1.201171875,-0.37109375,-0.224609375
9393,1.2109375,1.162109375,-0.25390625,-0.37109375
9394,1.328125,1.181640625,-0.283203125,-0.400390625
9395,1.2890625,1.181640625,-0.126953125,-0.390625
9396,1.337890625,1.181640625,-0.244140625,-0.390625
9397,1.416015625,1.171875,-0.283203125,-0.478515625
9398,1.259765625,1.279296875,-0.1953125,-0.37109375
9399,1.30859375,1.181640625,-0.244140625,-0.400390625
9400,1.2109375,1.09375,-0.1953125,-0.2734375
9401,1.23046875,1.19140625,-0.263671875,-0.3515625
9402,1.23046875,1.15234375,-0.1953125,-0.5859375
9403,1.328125,1.220703125,-0.25390625,-0.419921875
9404,1.220703125,1.181640625,-0.234375,-0.33203125
9405,1.240234375,1.09375,-0.234375,-0.380859375
9406,1.15234375,1.103515625,-0.166015625,-0.33203125
9407,1.220703125,1.15234375,-0.2734375,-0.46875
9408,1.25,1.142578125,-0.302734375,-0.41015625
9409,1.26953125,1.181640625,-0.21484375,-0.37109375
9410,1.23046875,1.171875,-0.224609375,-0.41015625
9411,1.26953125,1.337890625,-0.126953125,-0.25390625
9412,1.396484375,1.201171875,-0.224609375,-0.33203125
9413,1.19140625,1.1328125,-0.478515625,-0.48828125
9414,1.171875,1.044921875,-0.185546875,-0.380859375
9415,1.220703125,1.103515625,-0.25390625,-0.380859375
9416,1.23046875,1.2890625,-0.13671875,-0.419921875
9417,1.181640625,1.171875,-0.380859375,-0.556640625
9418,1.357421875,1.103515625,-0.234375,-0.3125
9419,1.142578125,1.23046875,-0.185546875,-0.390625
9420,1.201171875,1.083984375,-0.17578125,-0.37109375
9421,1.2890625,1.162109375,-0.21484375,-0.380859375
9422,1.23046875,1.181640625,-0.244140625,-0.41015625
9423,1.240234375,1.162109375,-0.1171875,-0.263671875
9424,1.181640625,1.083984375,-0.25390625,-0.41015625
9425,1.171875,1.123046875,-0.25390625,-0.400390625
9426,1.201171875,1.09375,-0.41015625,-0.3515625
9427,1.142578125,1.142578125,-0.263671875,-0.244140625
9428,1.2109375,1.142578125,-0.205078125,-0.3125
9429,1.23046875,1.220703125,-0.3515625,-0.361328125
9430,1.2109375,1.123046875,-0.283203125,-0.37109375
9431,1.19140625,1.181640625,-0.302734375,-0.322265625
9432,1.259765625,1.11328125,-0.21484375,-0.4296875
9433,1.26953125,1.1328125,-0.263671875,-0.3515625
9434,1.103515625,1.123046875,-0.29296875,-0.283203125
9435,1.15234375,1.171875,-0.205078125,-0.302734375
9436,1.15234375,1.083984375,-0.322265625,-0.3125
9437,1.15234375,1.2109375,-0.2734375,-0.33203125
9438,1.11328125,1.142578125,-0.322265625,-0.3125
9439,1.171875,1.15234375,-0.244140625,-0.390625
9440,1.19140625,1.19140625,-0.17578125,-0.263671875
9441,1.142578125,1.11328125,-0.17578125,-0.283203125
9442,1.201171875,1.083984375,-0.224609375,-0.29296875
9443,1.07421875,1.044921875,-0.21484375,-0.29296875
9444,1.220703125,1.07421875,-0.263671875,-0.322265625
9445,1.240234375,1.064453125,-0.244140625,-0.322265625
9446,1.03515625,1.123046875,-0.087890625,-0.322265625
9447,1.220703125,1.26953125,-0.21484375,-0.2734375
9448,1.201171875,1.15234375,-0.224609375,-0.400390625
9449,1.201171875,1.07421875,-0.263671875,-0.302734375
9450,1.15234375,1.064453125,-0.185546875,-0.341796875
9451,1.318359375,1.025390625,-0.322265625,-0.234375
9452,1.09375,1.07421875,-0.09765625,-0.341796875
9453,1.23046875,1.07421875,-0.3125,-0.33203125
9454,1.1328125,1.064453125,-0.244140625,-0.33203125
9455,1.19140625,1.09375,-0.29296875,-0.33203125
9456,1.201171875,1.2109375,-0.263671875,-0.25390625
9457,1.19140625,1.103515625,-0.3125,-0.302734375
9458,1.15234375,1.07421875,-0.205078125,-0.458984375
9459,1.025390625,1.0546875,-0.224609375,-0.3125
9460,1.15234375,1.181640625,-0.29296875,-0.3125
9461,1.23046875,1.1328125,-0.146484375,-0.29296875
9462,1.171875,1.25,-0.15625,-0.3515625
9463,1.15234375,1.181640625,-0.25390625,-0.37109375
9464,1.1328125,1.07421875,-0.205078125,-0.302734375
9465,1.142578125,0.9765625,-0.107421875,-0.3515625
9466,1.201171875,1.19140625,-0.21484375,-0.3515625
9467,1.201171875,1.123046875,-0.126953125,-0.3515625
9468,1.07421875,1.005859375,-0.25390625,-0.302734375
9469,1.15234375,1.15234375,-0.283203125,-0.3515625
9470,1.162109375,1.201171875,-0.234375,-0.283203125
9471,1.25,1.103515625,-0.185546875,-0.21484375
9472,1.171875,1.0546875,-0.15625,-0.17578125
9473,1.171875,1.07421875,-0.205078125,-0.361328125
9474,1.259765625,1.11328125,-0.224609375,-0.29296875
9475,1.162109375,1.103515625,-0.166015625,-0.283203125
9476,1.19140625,1.09375,-0.21484375,-0.29296875
9477,1.25,1.171875,-0.107421875,-0.2734375
9478,1.279296875,1.09375,-0.21484375,-0.29296875
9479,1.337890625,1.142578125,-0.205078125,-0.419921875
9480,1.162109375,1.142578125,-0.400390625,-0.3125
9481,1.25,1.181640625,-0.380859375,-0.322265625
9482,1.23046875,1.123046875,-0.29296875,-0.3125
9483,1.25,1.162109375,-0.3125,-0.2734375
9484,1.240234375,1.142578125,-0.361328125,-0.400390625
9485,1.298828125,1.11328125,-0.283203125,-0.341796875
9486,1.337890625,1.11328125,-0.302734375,-0.302734375
9487,1.181640625,1.0546875,-0.322265625,-0.302734375
9488,1.15234375,1.1328125,-0.263671875,-0.2734375
9489,1.26953125,1.240234375,-0.263671875,-0.263671875
9490,1.220703125,1.103515625,-0.302734375,-0.25390625
9491,1.30859375,1.09375,-0.263671875,-0.263671875
9492,1.181640625,1.09375,-0.33203125,-0.21484375
9493,1.1328125,1.30859375,-0.302734375,-0.283203125
9494,1.2890625,1.11328125,-0.3125,-0.21484375
9495,1.1328125,1.1328125,-0.29296875,-0.302734375
9496,1.26953125,1.1328125,-0.439453125,-0.283203125
9497,1.171875,1.103515625,-0.263671875,-0.29296875
9498,1.15234375,1.09375,-0.126953125,-0.224609375
9499,1.23046875,1.298828125,-0.224609375,-0.224609375
9500,1.15234375,1.11328125,-0.2734375,-0.3125
9501,1.103515625,1.025390625,-0.361328125,-0.3515625
9502,1.240234375,1.171875,-0.380859375,-0.263671875
9503,1.25,1.162109375,-0.3125,-0.29296875
9504,1.142578125,1.123046875,-0.263671875,-0.2734375
9505,1.15234375,1.083984375,-0.439453125,-0.361328125
9506,1.25,1.103515625,-0.224609375,-0.244140625
9507,1.142578125,1.083984375,-0.2734375,-0.17578125
9508,1.25,1.09375,-0.341796875,-0.3125
9509,1.318359375,1.15234375,-0.283203125,-0.33203125
9510,1.162109375,1.15234375,-0.29296875,-0.439453125
9511,1.201171875,1.064453125,-0.302734375,-0.322265625
9512,1.15234375,1.23046875,-0.400390625,-0.29296875
9513,1.25,1.103515625,-0.361328125,-0.263671875
9514,1.279296875,1.11328125,-0.44921875,-0.302734375
9515,1.1328125,1.123046875,-0.29296875,-0.224609375
9516,1.15234375,1.1328125,-0.439453125,-0.33203125
9517,1.23046875,1.03515625,-0.302734375,-0.1953125
9518,1.171875,1.025390625,-0.44921875,-0.263671875
9519,1.2109375,1.162109375,-0.3515625,-0.234375
9520,1.171875,1.123046875,-0.390625,-0.205078125
9521,1.220703125,1.142578125,-0.2734375,-0.087890625
9522,1.279296875,1.09375,-0.439453125,-0.205078125
9523,1.19140625,1.19140625,-0.400390625,-0.1953125
9524,1.2109375,1.103515625,-0.302734375,-0.1171875
9525,1.162109375,1.1328125,-0.205078125,-0.1953125
9526,1.25,1.015625,-0.400390625,-0.29296875
9527,1.19140625,1.083984375,-0.205078125,-0.283203125
9528,1.220703125,1.025390625,-0.3515625,-0.224609375
9529,1.103515625,1.1328125,-0.37109375,-0.224609375
9530,1.09375,1.0546875,-0.15625,-0.224609375
9531,1.181640625,1.1328125,-0.263671875,-0.302734375
9532,1.1328125,1.03515625,-0.1953125,-0.17578125
9533,1.171875,0.9765625,-0.2734375,-0.09765625
9534,1.142578125,1.09375,-0.29296875,-0.29296875
9535,1.220703125,1.162109375,-0.41015625,-0.205078125
9536,1.123046875,1.07421875,-0.302734375,-0.25390625
9537,1.23046875,1.11328125,-0.3125,-0.224609375
9538,1.07421875,1.162109375,-0.3125,-0.263671875
9539,1.171875,1.2890625,-0.458984375,-0.302734375
9540,1.0546875,1.142578125,-0.33203125,-0.205078125
9541,1.171875,1.162109375,-0.46875,-0.283203125
9542,1.201171875,1.162109375,-0.37109375,-0.33203125
9543,1.220703125,1.123046875,-0.302734375,-0.29296875
9544,1.123046875,1.171875,-0.3125,-0.185546875
9545,1.357421875,1.1328125,-0.341796875,-0.2734375
9546,1.07421875,1.162109375,-0.3125,-0.146484375
9547,1.171875,1.15234375,-0.33203125,-0.29296875
9548,1.181640625,1.07421875,-0.234375,-0.3125
9549,1.240234375,1.19140625,-0.2734375,-0.205078125
9550,1.279296875,1.2109375,-0.17578125,-0.283203125
9551,1.23046875,1.162109375,-0.302734375,-0.21484375
9552,1.09375,1.162109375,-0.244140625,-0.322265625
9553,1.19140625,1.19140625,-0.244140625,-0.244140625
9554,1.201171875,1.044921875,-0.224609375,-0.234375
9555,1.142578125,1.1328125,-0.234375,-0.1953125
9556,1.25,1.09375,-0.2734375,-0.224609375
9557,1.38671875,0.9765625,-0.361328125,-0.263671875
9558,1.2890625,1.142578125,-0.234375,-0.17578125
9559,1.201171875,1.09375,-0.3125,-0.3125
9560,1.30859375,0.9375,-0.17578125,-0.283203125
9561,1.240234375,1.0546875,-0.283203125,-0.322265625
9562,1.25,1.171875,-0.205078125,-0.33203125
9563,1.2890625,1.123046875,-0.234375,-0.234375
9564,1.328125,1.09375,-0.33203125,-0.341796875
9565,1.15234375,1.103515625,-0.44921875,-0.29296875
9566,1.42578125,1.181640625,-0.390625,-0.25390625
9567,1.25,0.947265625,-0.3515625,-0.17578125
9568,1.240234375,1.181640625,-0.439453125,-0.302734375
9569,1.30859375,1.181640625,-0.2734375,-0.3125
9570,1.25,0.9375,-0.33203125,-0.1953125
9571,1.259765625,1.123046875,-0.37109375,-0.283203125
9572,1.23046875,1.103515625,-0.3125,-0.25390625
9573,1.25,1.07421875,-0.361328125,-0.068359375
9574,1.171875,1.1328125,-0.302734375,-0.13671875
9575,1.23046875,1.26953125,-0.283203125,-0.21484375
9576,1.171875,1.19140625,-0.37109375,-0.302734375
9577,1.1328125,1.1328125,-0.419921875,-0.263671875
9578,1.201171875,1.005859375,-0.29296875,-0.205078125
9579,1.142578125,1.2109375,-0.2734375,-0.25390625
9580,1.259765625,1.162109375,-0.25390625,-0.029296875
9581,1.220703125,1.26953125,-0.244140625,-0.1953125
9582,1.171875,1.201171875,-0.29296875,-0.37109375
9583,1.201171875,1.11328125,-0.25390625,-0.33203125
9584,1.15234375,1.142578125,-0.33203125,-0.3125
9585,1.2890625,1.123046875,-0.380859375,-0.283203125
9586,1.171875,1.1328125,-0.283203125,-0.205078125
9587,1.259765625,1.11328125,-0.263671875,-0.37109375
9588,1.220703125,1.1328125,-0.478515625,-0.37109375
9589,1.26953125,1.123046875,-0.322265625,-0.322265625
9590,1.220703125,1.103515625,-0.341796875,-0.25390625
9591,1.25,0.966796875,-0.3515625,-0.234375
9592,1.25,1.1328125,-0.283203125,-0.361328125
9593,1.2109375,1.26953125,-0.2734375,-0.341796875
9594,1.259765625,1.201171875,-0.341796875,-0.3515625
9595,1.181640625,1.201171875,-0.2734375,-0.361328125
9596,1.2109375,1.23046875,-0.4296875,-0.341796875
9597,1.34765625,1.26953125,-0.224609375,-0.361328125
9598,1.279296875,1.11328125,-0.341796875,-0.29296875
9599,1.34765625,1.103515625,-0.283203125,-0.341796875
9600,1.30859375,1.142578125,-0.29296875,-0.205078125
9601,1.240234375,1.19140625,-0.3125,-0.29296875
9602,1.171875,1.103515625,-0.2734375,-0.37109375
9603,1.240234375,1.19140625,-0.33203125,-0.283203125
9604,1.23046875,1.19140625,-0.29296875,-0.37109375
9605,1.328125,1.064453125,-0.322265625,-0.29296875
9606,1.240234375,1.0546875,-0.263671875,-0.29296875
9607,1.26953125,1.1328125,-0.263671875,-0.126953125
9608,1.318359375,1.0546875,-0.205078125,-0.21484375
9609,1.279296875,1.11328125,-0.1953125,-0.33203125
9610,1.19140625,1.15234375,-0.1953125,-0.3515625
9611,1.2109375,1.025390625,-0.25390625,-0.283203125
9612,1.2109375,1.337890625,-0.263671875,-0.302734375
9613,1.220703125,1.142578125,-0.263671875,-0.244140625
9614,1.2109375,1.142578125,-0.2734375,-0.3125
9615,1.25,1.259765625,-0.25390625,-0.283203125
9616,1.201171875,1.1328125,-0.29296875,-0.29296875
9617,1.1328125,1.142578125,-0.302734375,-0.341796875
9618,1.15234375,1.11328125,-0.3125,-0.33203125
9619,1.19140625,1.09375,-0.2734375,-0.41015625
9620,1.259765625,1.11328125,-0.283203125,-0.3125
9621,1.181640625,1.09375,-0.263671875,-0.3125
9622,1.15234375,1.15234375,-0.29296875,-0.166015625
9623,1.162109375,1.19140625,-0.234375,-0.41015625
9624,1.19140625,1.26953125,-0.302734375,-0.33203125
9625,1.15234375,1.19140625,-0.263671875,-0.390625
9626,1.181640625,1.162109375,-0.390625,-0.41015625
9627,1.15234375,1.103515625,-0.15625,-0.322265625
9628,1.171875,1.171875,-0.302734375,-0.2734375
9629,1.142578125,1.19140625,-0.3515625,-0.341796875
9630,1.1328125,1.201171875,-0.283203125,-0.3125
9631,1.142578125,1.103515625,-0.2734375,-0.234375
9632,1.171875,1.171875,-0.205078125,-0.4296875
9633,1.15234375,1.09375,-0.263671875,-0.37109375
9634,1.171875,1.2109375,-0.283203125,-0.25390625
9635,1.26953125,1.1328125,-0.234375,-0.25390625
9636,1.142578125,1.30859375,-0.1953125,-0.390625
9637,1.15234375,1.162109375,-0.263671875,-0.234375
9638,1.25,1.2109375,-0.302734375,-0.13671875
9639,1.15234375,1.34765625,-0.224609375,-0.244140625
9640,1.181640625,1.2109375,-0.29296875,-0.244140625
9641,1.357421875,1.279296875,-0.224609375,-0.33203125
9642,1.26953125,1.19140625,-0.3515625,-0.37109375
9643,1.19140625,1.201171875,-0.3125,-0.21484375
9644,1.201171875,1.181640625,-0.224609375,-0.439453125
9645,1.09375,1.220703125,-0.283203125,-0.37109375
9646,1.201171875,1.201171875,-0.37109375,-0.341796875
9647,1.1328125,1.2109375,-0.224609375,-0.390625
9648,1.11328125,1.103515625,-0.33203125,-0.302734375
9649,1.259765625,1.181640625,-0.185546875,-0.2734375
9650,1.162109375,1.298828125,-0.25390625,-0.3515625
9651,1.181640625,1.318359375,-0.2734375,-0.361328125
9652,1.162109375,1.26953125,-0.13671875,-0.29296875
9653,1.171875,1.240234375,-0.205078125,-0.37109375
9654,1.2890625,1.259765625,-0.15625,-0.3515625
9655,1.171875,1.30859375,-0.29296875,-0.41015625
9656,1.19140625,1.25,-0.25390625,-0.3125
9657,1.2109375,1.30859375,-0.322265625,-0.390625
9658,1.171875,1.2890625,-0.283203125,-0.302734375
9659,1.025390625,1.279296875,-0.224609375,-0.3515625
9660,1.220703125,1.19140625,-0.341796875,-0.37109375
9661,1.1328125,1.40625,-0.29296875,-0.322265625
9662,1.201171875,1.298828125,-0.263671875,-0.390625
9663,1.123046875,1.328125,-0.205078125,-0.3515625
9664,1.19140625,1.162109375,-0.263671875,-0.4296875
9665,1.19140625,1.201171875,-0.283203125,-0.556640625
9666,1.220703125,1.1328125,-0.302734375,-0.439453125
9667,1.26953125,1.259765625,-0.21484375,-0.5078125
9668,1.26953125,1.162109375,-0.283203125,-0.361328125
9669,1.240234375,1.23046875,-0.234375,-0.41015625
9670,1.259765625,1.123046875,-0.341796875,-0.41015625
9671,1.328125,1.2109375,-0.2734375,-0.498046875
9672,1.220703125,1.23046875,-0.2734375,-0.4296875
9673,1.240234375,1.30859375,-0.234375,-0.478515625
9674,1.2109375,1.171875,-0.29296875,-0.15625
9675,1.2109375,1.201171875,-0.185546875,-0.390625
9676,1.2109375,1.142578125,-0.17578125,-0.44921875
9677,1.11328125,1.15234375,-0.302734375,-0.419921875
9678,1.298828125,1.201171875,-0.234375,-0.4296875
9679,1.298828125,1.201171875,-0.234375,-0.390625
9680,1.11328125,1.240234375,-0.283203125,-0.517578125
9681,1.19140625,1.19140625,-0.341796875,-0.37109375
9682,1.171875,1.23046875,-0.2734375,-0.4296875
9683,1.142578125,1.2109375,-0.41015625,-0.3125
9684,1.07421875,1.181640625,-0.263671875,-0.419921875
9685,1.23046875,1.23046875,-0.25390625,-0.341796875
9686,1.1328125,1.181640625,-0.3125,-0.4296875
9687,1.171875,1.201171875,-0.361328125,-0.400390625
9688,1.171875,1.162109375,-0.302734375,-0.41015625
9689,1.19140625,1.26953125,-0.17578125,-0.458984375
9690,1.201171875,1.19140625,-0.283203125,-0.5859375
9691,1.201171875,1.201171875,-0.048828125,-0.390625
9692,1.25,1.1328125,-0.341796875,-0.390625
9693,1.201171875,1.26953125,-0.234375,-0.400390625
9694,1.142578125,1.25,-0.146484375,-0.380859375
9695,1.220703125,1.1328125,-0.17578125,-0.439453125
9696,1.19140625,1.142578125,-0.2734375,-0.439453125
9697,1.357421875,1.123046875,-0.615234375,-0.380859375
9698,1.19140625,1.15234375,-0.234375,-0.4296875
9699,1.318359375,1.23046875,-0.1953125,-0.44921875
9700,1.23046875,1.11328125,-0.126953125,-0.439453125
9701,1.11328125,1.181640625,-0.205078125,-0.498046875
9702,1.19140625,1.162109375,-0.2734375,-0.5078125
9703,1.09375,1.240234375,-0.185546875,-0.341796875
9704,1.201171875,1.30859375,-0.263671875,-0.283203125
9705,1.1328125,1.220703125,-0.244140625,-0.41015625
9706,1.240234375,1.298828125,-0.263671875,-0.419921875
9707,1.2890625,1.09375,-0.21484375,-0.37109375
9708,1.26953125,1.15234375,-0.341796875,-0.390625
9709,1.23046875,1.0546875,-0.37109375,-0.517578125
9710,1.2109375,1.2890625,-0.302734375,-0.33203125
9711,1.23046875,1.142578125,-0.283203125,-0.478515625
9712,1.220703125,1.171875,-0.29296875,-0.439453125
9713,1.19140625,1.19140625,-0.234375,-0.44921875
9714,1.220703125,1.240234375,-0.322265625,-0.390625
9715,1.2109375,1.220703125,-0.185546875,-0.41015625
9716,1.220703125,1.181640625,-0.185546875,-0.3515625
9717,1.2109375,1.171875,-0.21484375,-0.400390625
9718,1.171875,1.181640625,-0.29296875,-0.37109375
9719,1.2109375,1.220703125,-0.234375,-0.341796875
9720,1.2109375,1.1328125,-0.244140625,-0.322265625
9721,1.19140625,1.142578125,-0.17578125,-0.390625
9722,1.2109375,1.181640625,-0.234375,-0.478515625
9723,1.220703125,1.162109375,-0.205078125,-0.25390625
9724,1.064453125,1.11328125,-0.400390625,-0.439453125
9725,1.201171875,1.201171875,-0.224609375,-0.60546875
9726,1.181640625,1.142578125,-0.3515625,-0.576171875
9727,1.298828125,1.123046875,-0.322265625,-0.458984375
9728,1.181640625,1.142578125,-0.263671875,-0.4296875
9729,1.181640625,1.259765625,-0.224609375,-0.390625
9730,1.181640625,1.2109375,-0.2734375,-0.439453125
9731,1.2109375,1.09375,-0.17578125,-0.546875
9732,1.201171875,1.162109375,-0.244140625,-0.419921875
9733,1.23046875,1.181640625,-0.166015625,-0.46875
9734,1.2109375,1.23046875,-0.166015625,-0.44921875
9735,1.2109375,1.2109375,-0.263671875,-0.44921875
9736,1.2890625,1.318359375,-0.263671875,-0.44921875
9737,1.25,1.171875,-0.25390625,-0.400390625
9738,1.25,1.201171875,-0.25390625,-0.498046875
9739,1.2109375,1.171875,-0.2734375,-0.41015625
9740,1.220703125,1.220703125,-0.283203125,-0.419921875
9741,1.2890625,1.19140625,-0.302734375,-0.576171875
9742,1.15234375,1.2109375,-0.205078125,-0.380859375
9743,1.23046875,1.220703125,-0.17578125,-0.419921875
9744,1.181640625,1.19140625,-0.1953125,-0.390625
9745,1.162109375,1.26953125,-0.25390625,-0.224609375
9746,1.2109375,1.1328125,-0.107421875,-0.37109375
9747,1.30859375,1.19140625,-0.1953125,-0.458984375
9748,1.376953125,1.181640625,-0.166015625,-0.390625
9749,1.220703125,1.376953125,-0.078125,-0.478515625
9750,1.220703125,1.07421875,-0.21484375,-0.44921875
9751,1.123046875,1.162109375,-0.146484375,-0.224609375
9752,1.19140625,1.171875,-0.13671875,-0.439453125
9753,1.2109375,1.181640625,-0.21484375,-0.263671875
9754,1.26953125,1.09375,-0.25390625,-0.361328125
9755,1.30859375,1.1328125,-0.37109375,-0.41015625
9756,1.26953125,1.2109375,-0.244140625,-0.400390625
9757,1.19140625,1.1328125,-0.224609375,-0.44921875
9758,1.201171875,1.318359375,-0.146484375,-0.341796875
9759,1.2109375,1.220703125,-0.126953125,-0.52734375
9760,1.25,1.23046875,-0.33203125,-0.458984375
9761,1.25,1.0546875,-0.205078125,-0.3515625
9762,1.220703125,1.2109375,-0.185546875,-0.263671875
9763,1.103515625,1.162109375,-0.205078125,-0.56640625
9764,1.2109375,1.15234375,-0.185546875,-0.439453125
9765,1.201171875,1.064453125,-0.263671875,-0.380859375
9766,1.220703125,1.181640625,-0.205078125,-0.546875
9767,1.30859375,1.07421875,-0.37109375,-0.37109375
9768,1.19140625,1.07421875,-0.302734375,-0.283203125
9769,1.40625,1.11328125,-0.205078125,-0.390625
9770,1.25,1.142578125,-0.2734375,-0.4296875
9771,1.30859375,1.103515625,-0.1953125,-0.322265625
9772,1.2109375,1.1328125,-0.302734375,-0.44921875
9773,1.25,1.23046875,-0.1953125,-0.400390625
9774,1.201171875,1.083984375,-0.263671875,-0.44921875
9775,1.26953125,1.1328125,-0.21484375,-0.48828125
9776,1.240234375,1.064453125,-0.3125,-0.419921875
9777,1.240234375,1.25,-0.224609375,-0.302734375
9778,1.201171875,1.0546875,-0.263671875,-0.29296875
9779,1.220703125,1.103515625,-0.224609375,-0.44921875
9780,1.19140625,1.220703125,-0.3125,-0.380859375
9781,1.23046875,1.11328125,-0.341796875,-0.4296875
9782,1.2109375,1.07421875,-0.244140625,-0.390625
9783,1.2109375,1.09375,-0.380859375,-0.322265625
9784,1.171875,1.07421875,-0.21484375,-0.244140625
9785,1.279296875,1.19140625,-0.1953125,-0.400390625
9786,1.26953125,1.064453125,-0.234375,-0.3125
9787,1.298828125,1.0546875,-0.244140625,-0.33203125
9788,1.25,1.015625,-0.21484375,-0.341796875
9789,1.259765625,1.15234375,-0.166015625,-0.37109375
9790,1.19140625,1.201171875,-0.234375,-0.361328125
9791,1.220703125,1.240234375,-0.2734375,-0.322265625
9792,1.23046875,0.986328125,-0.3515625,-0.3515625
9793,1.26953125,1.142578125,-0.234375,-0.302734375
9794,1.220703125,1.15234375,-0.13671875,-0.33203125
9795,1.201171875,1.083984375,-0.2734375,-0.400390625
9796,1.25,1.15234375,-0.107421875,-0.400390625
9797,1.357421875,1.0546875,-0.205078125,-0.380859375
9798,1.25,1.181640625,-0.29296875,-0.3125
9799,1.2109375,1.15234375,-0.17578125,-0.3515625
9800,1.298828125,1.23046875,-0.380859375,-0.439453125
9801,1.279296875,1.201171875,-0.283203125,-0.44921875
9802,1.259765625,1.103515625,-0.234375,-0.33203125
9803,1.083984375,1.123046875,-0.244140625,-0.361328125
9804,1.23046875,1.2109375,-0.25390625,-0.33203125
9805,1.34765625,1.2109375,-0.302734375,-0.341796875
9806,1.19140625,1.11328125,-0.09765625,-0.341796875
9807,1.259765625,1.15234375,-0.263671875,-0.2734375
9808,1.259765625,1.123046875,-0.302734375,-0.478515625
9809,1.2109375,1.171875,-0.224609375,-0.2734375
9810,1.25,0.908203125,-0.2734375,-0.3125
9811,1.23046875,1.15234375,-0.3125,-0.29296875
9812,1.220703125,1.201171875,-0.166015625,-0.361328125
9813,1.220703125,1.25,-0.322265625,-0.283203125
9814,1.240234375,0.9765625,-0.244140625,-0.400390625
9815,1.2109375,1.181640625,-0.205078125,-0.498046875
9816,1.26953125,1.162109375,-0.322265625,-0.3515625
9817,1.2109375,1.1328125,-0.1953125,-0.33203125
9818,1.416015625,1.240234375,-0.205078125,-0.41015625
9819,1.298828125,1.083984375,-0.13671875,-0.283203125
9820,1.328125,1.11328125,-0.263671875,-0.37109375
9821,1.416015625,1.201171875,-0.33203125,-0.419921875
9822,1.26953125,1.171875,-0.244140625,-0.29296875
9823,1.279296875,1.34765625,-0.33203125,-0.478515625
9824,1.220703125,1.162109375,-0.25390625,-0.419921875
9825,1.220703125,1.240234375,-0.1171875,-0.322265625
9826,1.376953125,1.1328125,-0.33203125,-0.283203125
9827,1.552734375,1.240234375,-0.2734375,-0.4296875
9828,1.42578125,0.966796875,-0.29296875,-0.458984375
9829,1.34765625,1.171875,-0.302734375,-0.37109375
9830,1.279296875,1.171875,-0.263671875,-0.29296875
9831,1.3671875,1.11328125,-0.25390625,-0.322265625
9832,1.318359375,1.09375,-0.1953125,-0.37109375
9833,1.30859375,1.181640625,-0.21484375,-0.48828125
9834,1.2109375,1.09375,-0.068359375,-0.3125
9835,1.23046875,1.181640625,-0.361328125,-0.361328125
9836,1.220703125,1.19140625,-0.21484375,-0.390625
9837,1.2890625,1.083984375,-0.263671875,-0.341796875
9838,1.2109375,1.1328125,-0.146484375,-0.48828125
9839,1.220703125,1.171875,-0.25390625,-0.4296875
9840,1.298828125,1.103515625,-0.33203125,-0.390625
9841,1.19140625,1.162109375,-0.224609375,-0.4296875
9842,1.337890625,1.171875,-0.1953125,-0.537109375
9843,1.23046875,1.162109375,-0.17578125,-0.41015625
9844,1.23046875,1.23046875,-0.234375,-0.439453125
9845,1.30859375,1.064453125,-0.185546875,-0.458984375
9846,1.259765625,1.123046875,-0.361328125,-0.4296875
9847,1.220703125,1.201171875,-0.166015625,-0.41015625
9848,1.162109375,1.15234375,-0.2734375,-0.4296875
9849,1.240234375,1.19140625,-0.087890625,-0.400390625
9850,1.240234375,1.15234375,-0.21484375,-0.458984375
9851,1.259765625,1.171875,-0.146484375,-0.341796875
9852,1.298828125,1.064453125,-0.21484375,-0.341796875
9853,1.25,1.171875,-0.05859375,-0.33203125
9854,1.03515625,1.142578125,-0.205078125,-0.263671875
9855,1.162109375,1.083984375,-0.1171875,-0.33203125
9856,1.23046875,1.19140625,-0.283203125,-0.3125
9857,1.23046875,1.201171875,-0.263671875,-0.33203125
9858,1.2109375,1.19140625,-0.234375,-0.41015625
9859,1.240234375,1.259765625,-0.283203125,-0.37109375
9860,1.083984375,1.19140625,-0.234375,-0.234375
9861,1.15234375,1.23046875,-0.322265625,-0.390625
9862,1.240234375,1.162109375,-0.29296875,-0.322265625
9863,1.09375,1.142578125,-0.166015625,-0.4296875
9864,1.064453125,1.1328125,-0.09765625,-0.185546875
9865,1.142578125,1.201171875,-0.283203125,-0.380859375
9866,1.142578125,1.162109375,-0.25390625,-0.380859375
9867,1.162109375,1.15234375,-0.09765625,-0.2734375
9868,1.162109375,1.259765625,-0.224609375,-0.244140625
9869,1.2109375,1.15234375,-0.234375,-0.29296875
9870,1.142578125,1.025390625,-0.224609375,-0.302734375
9871,1.298828125,1.123046875,-0.2734375,-0.37109375
9872,1.09375,1.09375,-0.234375,-0.283203125
9873,1.26953125,1.15234375,-0.1953125,-0.244140625
9874,1.25,1.064453125,-0.263671875,-0.29296875
9875,1.298828125,1.07421875,-0.224609375,-0.41015625
9876,1.23046875,1.1328125,-0.263671875,-0.3125
9877,1.07421875,0.986328125,-0.15625,-0.33203125
9878,1.162109375,1.181640625,-0.263671875,-0.3125
9879,1.15234375,1.083984375,-0.341796875,-0.390625
9880,1.15234375,1.03515625,-0.244140625,-0.37109375
9881,1.23046875,1.03515625,-0.205078125,-0.2734375
9882,1.220703125,1.0546875,-0.166015625,-0.419921875
9883,1.181640625,0.99609375,-0.419921875,-0.341796875
9884,1.181640625,1.09375,-0.29296875,-0.341796875
9885,1.220703125,1.103515625,-0.341796875,-0.2734375
9886,1.15234375,1.064453125,-0.25390625,-0.33203125
9887,1.2109375,1.220703125,-0.21484375,-0.341796875
9888,1.103515625,1.03515625,-0.302734375,-0.263671875
9889,1.2890625,1.103515625,-0.234375,-0.2734375
9890,1.23046875,1.07421875,-0.2734375,-0.283203125
9891,1.181640625,1.123046875,-0.3125,-0.283203125
9892,1.240234375,1.064453125,-0.439453125,-0.283203125
9893,1.19140625,1.09375,-0.29296875,-0.15625
9894,1.11328125,1.15234375,-0.341796875,-0.224609375
9895,1.103515625,1.0546875,-0.224609375,-0.29296875
9896,1.15234375,1.005859375,-0.2734375,-0.263671875
9897,1.162109375,1.11328125,-0.244140625,-0.25390625
9898,1.259765625,1.0546875,-0.205078125,-0.25390625
9899,1.1328125,0.9765625,-0.185546875,-0.2734375
9900,1.25,1.09375,-0.29296875,-0.322265625
9901,1.044921875,1.15234375,-0.17578125,-0.2734375
9902,1.171875,1.103515625,-0.33203125,-0.263671875
9903,1.19140625,1.07421875,-0.234375,-0.390625
9904,1.259765625,1.11328125,-0.25390625,-0.244140625
9905,1.2109375,1.123046875,-0.283203125,-0.25390625
9906,1.25,1.142578125,-0.21484375,-0.3125
9907,1.083984375,1.123046875,-0.234375,-0.302734375
9908,1.162109375,1.1328125,-0.146484375,-0.33203125
9909,1.162109375,1.07421875,-0.234375,-0.3515625
9910,1.23046875,1.123046875,-0.21484375,-0.263671875
9911,1.220703125,0.947265625,-0.224609375,-0.2734375
9912,1.2890625,1.25,-0.263671875,-0.15625
9913,1.19140625,1.11328125,-0.1953125,-0.37109375
9914,1.181640625,1.11328125,-0.1953125,-0.2734375
9915,1.2109375,1.123046875,-0.244140625,-0.2734375
9916,1.1328125,1.1328125,-0.166015625,-0.302734375
9917,1.220703125,1.162109375,-0.29296875,-0.380859375
9918,1.23046875,1.162109375,-0.1953125,-0.224609375
9919,1.19140625,1.15234375,-0.2734375,-0.341796875
9920,1.181640625,1.142578125,-0.263671875,-0.3515625
9921,1.103515625,1.083984375,-0.224609375,-0.205078125
9922,1.07421875,1.142578125,-0.224609375,-0.244140625
9923,1.201171875,1.11328125,-0.390625,-0.25390625
9924,1.25,1.07421875,-0.302734375,-0.25390625
9925,1.2109375,1.1328125,-0.234375,-0.2734375
9926,1.2109375,1.19140625,-0.29296875,-0.185546875
9927,1.25,1.181640625,-0.263671875,-0.302734375
9928,1.2109375,1.1328125,-0.3515625,-0.263671875
9929,1.19140625,0.99609375,-0.322265625,-0.2734375
9930,1.2109375,1.15234375,-0.3515625,-0.390625
9931,1.259765625,1.0546875,-0.302734375,-0.234375
9932,1.240234375,1.11328125,-0.283203125,-0.234375
9933,1.15234375,1.19140625,-0.185546875,-0.146484375
9934,1.103515625,1.103515625,-0.283203125,-0.205078125
9935,1.220703125,1.044921875,-0.234375,-0.29296875
9936,1.123046875,1.064453125,-0.185546875,-0.146484375
9937,1.11328125,1.07421875,-0.322265625,-0.25390625
9938,1.201171875,1.09375,-0.33203125,-0.224609375
9939,1.19140625,1.07421875,-0.2734375,-0.234375
9940,1.220703125,1.1328125,-0.244140625,-0.244140625
9941,1.201171875,1.07421875,-0.380859375,-0.224609375
9942,1.25,1.044921875,-0.29296875,-0.341796875
9943,1.23046875,1.09375,-0.380859375,-0.224609375
9944,1.2890625,1.0546875,-0.29296875,-0.185546875
9945,1.2109375,1.015625,-0.21484375,-0.224609375
9946,1.181640625,1.19140625,-0.361328125,-0.361328125
9947,1.2109375,1.181640625,-0.302734375,-0.1171875
9948,1.171875,1.1328125,-0.224609375,-0.224609375
9949,1.25,1.044921875,-0.302734375,-0.244140625
9950,1.171875,1.07421875,-0.205078125,-0.185546875
9951,1.15234375,1.26953125,-0.205078125,-0.341796875
9952,1.1328125,1.11328125,-0.3125,-0.234375
9953,1.1328125,1.15234375,-0.361328125,-0.224609375
9954,1.23046875,1.123046875,-0.341796875,-0.283203125
9955,1.26953125,1.103515625,-0.3125,-0.361328125
9956,1.103515625,0.966796875,-0.2734375,-0.224609375
9957,1.142578125,1.064453125,-0.3515625,-0.205078125
9958,1.2890625,1.09375,-0.263671875,-0.3515625
9959,1.181640625,1.171875,-0.224609375,-0.29296875
9960,1.19140625,1.15234375,-0.166015625,-0.244140625
9961,1.07421875,1.103515625,-0.166015625,-0.13671875
9962,1.318359375,1.162109375,-0.400390625,-0.263671875
9963,1.240234375,1.201171875,-0.3125,-0.283203125
9964,1.240234375,1.103515625,-0.263671875,-0.439453125
9965,1.26953125,1.11328125,-0.3515625,-0.3125
9966,1.25,1.064453125,-0.2734375,-0.25390625
9967,1.220703125,1.123046875,-0.341796875,-0.283203125
9968,1.240234375,1.07421875,-0.361328125,-0.29296875
9969,1.11328125,1.171875,-0.322265625,-0.3515625
9970,1.220703125,1.044921875,-0.29296875,-0.3515625
9971,1.2109375,1.181640625,-0.3515625,-0.205078125
9972,1.181640625,1.103515625,-0.380859375,-0.2734375
9973,1.09375,1.19140625,-0.322265625,-0.380859375
9974,1.19140625,1.15234375,-0.29296875,-0.302734375
9975,1.171875,1.1328125,-0.3125,-0.263671875
9976,1.11328125,1.1328125,-0.263671875,-0.263671875
9977,1.1328125,1.220703125,-0.224609375,-0.17578125
9978,1.15234375,1.220703125,-0.1953125,-0.244140625
9979,1.201171875,1.1328125,-0.25390625,-0.3515625
9980,1.15234375,1.181640625,-0.25390625,-0.224609375
9981,1.142578125,1.15234375,-0.390625,-0.185546875
9982,1.142578125,1.123046875,-0.2734375,-0.21484375
9983,1.1328125,1.19140625,-0.263671875,-0.234375
9984,1.07421875,1.259765625,-0.29296875,-0.146484375
9985,1.279296875,1.15234375,-0.263671875,-0.1953125
9986,1.26953125,1.005859375,-0.361328125,-0.25390625
9987,1.181640625,1.15234375,-0.234375,-0.17578125
9988,1.2109375,1.064453125,-0.2734375,-0.224609375
9989,1.171875,1.15234375,-0.15625,-0.1171875
9990,1.201171875,1.162109375,-0.322265625,-0.2734375
9991,1.2890625,1.103515625,-0.2734375,-0.1171875
9992,1.25,1.162109375,-0.244140625,-0.25390625
9993,1.220703125,0.99609375,-0.25390625,-0.283203125
9994,1.259765625,1.03515625,-0.3125,-0.263671875
9995,1.2890625,1.103515625,-0.29296875,-0.33203125
9996,1.19140625,1.03515625,-0.361328125,-0.3515625
9997,1.25,1.15234375,-0.234375,-0.458984375
9998,1.2109375,1.09375,-0.3515625,-0.3515625
9999,1.2109375,1.09375,-0.419921875,-0.263671875
10000,1.19140625,1.1328125,-0.3125,-0.25390625
10001,1.34765625,1.142578125,-0.185546875,-0.234375
10002,1.201171875,1.0546875,-0.2734375,-0.263671875
10003,1.23046875,1.123046875,-0.322265625,-0.37109375
10004,1.30859375,1.15234375,-0.263671875,-0.46875
10005,1.201171875,1.005859375,-0.390625,-0.224609375
10006,1.220703125,1.083984375,-0.390625,-0.380859375
10007,1.259765625,1.15234375,-0.3515625,-0.234375
10008,1.30859375,1.07421875,-0.224609375,-0.21484375
10009,1.2109375,1.142578125,-0.234375,-0.263671875
10010,1.328125,1.03515625,-0.25390625,-0.33203125
10011,1.181640625,1.025390625,-0.283203125,-0.21484375
10012,1.181640625,1.1328125,-0.29296875,-0.17578125
10013,1.318359375,1.103515625,-0.3515625,-0.146484375
10014,1.142578125,1.142578125,-0.2734375,-0.244140625
10015,1.23046875,1.123046875,-0.1953125,-0.244140625
10016,1.2109375,1.0546875,-0.283203125,-0.224609375
10017,1.2109375,1.005859375,-0.283203125,-0.263671875
10018,1.240234375,1.162109375,-0.33203125,-0.29296875
10019,1.259765625,1.11328125,-0.33203125,-0.3125
10020,1.123046875,1.025390625,-0.25390625,-0.263671875
10021,1.171875,1.123046875,-0.185546875,-0.3125
10022,1.38671875,1.123046875,-0.302734375,-0.33203125
10023,1.2109375,1.044921875,-0.263671875,-0.3125
10024,1.201171875,1.181640625,-0.1953125,-0.302734375
10025,1.2890625,1.103515625,-0.29296875,-0.3125
10026,1.30859375,1.083984375,-0.25390625,-0.302734375
10027,1.2109375,1.083984375,-0.25390625,-0.322265625
10028,1.2109375,1.162109375,-0.283203125,-0.2734375
10029,1.376953125,1.2109375,-0.302734375,-0.25390625
10030,1.201171875,1.23046875,-0.322265625,-0.322265625
10031,1.162109375,1.19140625,-0.322265625,-0.302734375
10032,1.220703125,1.171875,-0.302734375,-0.283203125
10033,1.162109375,1.1328125,-0.25390625,-0.283203125
10034,1.259765625,1.15234375,-0.322265625,-0.302734375
10035,1.40625,1.220703125,-0.263671875,-0.361328125
10036,1.23046875,1.240234375,-0.37109375,-0.3515625
10037,1.259765625,1.142578125,-0.283203125,-0.29296875
10038,1.26953125,1.09375,-0.205078125,-0.302734375
10039,1.220703125,1.083984375,-0.283203125,-0.2734375
10040,1.220703125,1.201171875,-0.263671875,-0.5859375
10041,1.123046875,1.123046875,-0.234375,-0.302734375
10042,1.23046875,1.083984375,-0.283203125,-0.302734375
10043,1.240234375,1.07421875,-0.29296875,-0.302734375
10044,1.083984375,1.23046875,-0.2734375,-0.302734375
10045,1.240234375,1.11328125,-0.244140625,-0.33203125
10046,1.19140625,1.11328125,-0.224609375,-0.322265625
10047,1.240234375,1.025390625,-0.390625,-0.29296875
10048,1.171875,1.11328125,-0.25390625,-0.302734375
10049,1.240234375,1.2890625,-0.205078125,-0.263671875
10050,1.25,1.19140625,-0.283203125,-0.2734375
10051,1.2109375,1.09375,-0.263671875,-0.44921875
10052,1.25,1.1328125,-0.283203125,-0.390625
10053,1.142578125,1.123046875,-0.2734375,-0.380859375
10054,1.19140625,1.083984375,-0.1953125,-0.37109375
10055,1.162109375,1.064453125,-0.21484375,-0.419921875
10056,1.2109375,1.142578125,-0.234375,-0.341796875
10057,1.181640625,1.201171875,-0.361328125,-0.322265625
10058,1.220703125,1.2890625,-0.322265625,-0.33203125
10059,1.162109375,1.09375,-0.302734375,-0.478515625
10060,1.279296875,1.181640625,-0.4296875,-0.3515625
10061,1.162109375,1.162109375,-0.302734375,-0.1171875
10062,1.279296875,1.15234375,-0.263671875,-0.302734375
10063,1.181640625,1.07421875,-0.2734375,-0.2734375
10064,1.181640625,1.09375,-0.2734375,-0.3515625
10065,1.123046875,1.07421875,-0.283203125,-0.322265625
10066,1.220703125,1.181640625,-0.322265625,-0.322265625
10067,1.1328125,1.171875,-0.185546875,-0.17578125
10068,1.26953125,1.142578125,-0.244140625,-0.25390625
10069,1.0546875,1.337890625,-0.244140625,-0.41015625
10070,1.23046875,1.328125,-0.17578125,-0.166015625
10071,1.23046875,1.220703125,-0.234375,-0.380859375
10072,1.220703125,1.201171875,-0.068359375,-0.29296875
10073,1.328125,1.240234375,-0.322265625,-0.29296875
10074,1.23046875,1.181640625,-0.244140625,-0.29296875
10075,1.15234375,1.19140625,-0.185546875,-0.4296875
10076,1.11328125,1.279296875,-0.263671875,-0.29296875
10077,1.2109375,1.220703125,-0.234375,-0.419921875
10078,1.142578125,1.15234375,-0.25390625,-0.380859375
10079,1.201171875,1.220703125,-0.263671875,-0.458984375
10080,1.142578125,1.181640625,-0.263671875,-0.48828125
10081,1.220703125,1.201171875,-0.205078125,-0.341796875
10082,1.171875,1.328125,-0.3125,-0.419921875
10083,1.23046875,1.19140625,-0.2734375,-0.419921875
10084,1.142578125,1.259765625,-0.302734375,-0.361328125
10085,1.2109375,1.220703125,-0.263671875,-0.44921875
10086,1.23046875,1.25,-0.33203125,-0.46875
10087,1.123046875,1.357421875,-0.3125,-0.439453125
10088,1.201171875,1.2109375,-0.33203125,-0.419921875
10089,1.240234375,1.220703125,-0.283203125,-0.322265625
10090,1.09375,1.328125,-0.126953125,-0.419921875
10091,1.2109375,1.30859375,-0.3125,-0.341796875
10092,1.259765625,1.259765625,-0.25390625,-0.2734375
10093,1.19140625,1.201171875,-0.263671875,-0.44921875
10094,1.19140625,1.2109375,-0.1953125,-0.3515625
10095,1.171875,1.19140625,-0.17578125,-0.419921875
10096,1.201171875,1.23046875,-0.29296875,-0.419921875
10097,1.142578125,1.083984375,-0.341796875,-0.322265625
10098,1.23046875,1.201171875,-0.25390625,-0.41015625
10099,1.25,1.240234375,-0.263671875,-0.341796875
10100,1.201171875,1.0546875,-0.263671875,-0.439453125
10101,1.328125,1.171875,-0.244140625,-0.37109375
10102,1.220703125,1.201171875,-0.302734375,-0.4296875
10103,1.26953125,1.162109375,-0.17578125,-0.4296875
10104,1.25,1.103515625,-0.244140625,-0.439453125
10105,1.2890625,1.1328125,-0.107421875,-0.41015625
10106,1.240234375,1.09375,-0.13671875,-0.4296875
10107,1.25,1.181640625,-0.283203125,-0.478515625
10108,1.30859375,1.1328125,-0.224609375,-0.341796875
10109,1.279296875,0.87890625,0.01953125,-0.37109375
10110,1.2109375,1.298828125,-0.244140625,-0.44921875
10111,1.171875,1.044921875,-0.33203125,-0.439453125
10112,1.240234375,1.337890625,-0.25390625,-0.439453125
10113,1.09375,1.2109375,-0.3125,-0.21484375
10114,1.26953125,1.171875,-0.244140625,-0.3515625
10115,1.142578125,1.23046875,-0.380859375,-0.361328125
10116,1.1328125,1.220703125,-0.33203125,-0.478515625
10117,1.25,1.15234375,-0.244140625,-0.400390625
10118,1.15234375,1.25,-0.13671875,-0.390625
10119,1.181640625,1.259765625,-0.263671875,-0.37109375
10120,0.966796875,1.23046875,-0.25390625,-0.439453125
10121,1.171875,1.201171875,-0.244140625,-0.322265625
10122,1.11328125,1.23046875,-0.263671875,-0.17578125
10123,1.142578125,1.240234375,-0.224609375,-0.3515625
10124,1.279296875,1.396484375,-0.185546875,-0.41015625
10125,1.328125,1.181640625,-0.33203125,-0.41015625
10126,1.162109375,1.26953125,-0.25390625,-0.361328125
10127,1.19140625,1.083984375,-0.205078125,-0.33203125
10128,1.298828125,1.103515625,-0.361328125,-0.517578125
10129,1.162109375,1.181640625,-0.25390625,-0.3515625
10130,1.318359375,1.318359375,-0.205078125,-0.41015625
10131,1.23046875,0.91796875,-0.302734375,-0.4296875
10132,1.337890625,1.19140625,-0.302734375,-0.41015625
10133,1.25,1.083984375,-0.29296875,-0.380859375
10134,1.25,1.26953125,-0.439453125,-0.41015625
10135,1.2109375,1.2109375,-0.234375,-0.498046875
10136,1.25,1.11328125,-0.205078125,-0.41015625
10137,1.279296875,1.15234375,-0.341796875,-0.185546875
10138,1.25,1.19140625,-0.2734375,-0.37109375
10139,1.162109375,1.171875,-0.17578125,-0.44921875
10140,1.220703125,1.142578125,-0.263671875,-0.390625
10141,1.0546875,1.1328125,-0.3125,-0.419921875
10142,1.23046875,1.162109375,-0.205078125,-0.419921875
10143,1.15234375,1.201171875,-0.234375,-0.322265625
10144,1.162109375,1.15234375,-0.2734375,-0.078125
10145,1.279296875,1.19140625,-0.2734375,-0.37109375
10146,1.2109375,1.25,-0.361328125,-0.4296875
10147,1.09375,1.162109375,-0.224609375,-0.341796875
10148,1.09375,1.19140625,-0.244140625,-0.380859375
10149,1.23046875,1.435546875,-0.107421875,-0.37109375
10150,1.25,1.1328125,-0.185546875,-0.400390625
10151,1.25,1.181640625,-0.25390625,-0.419921875
10152,1.220703125,1.11328125,-0.3125,-0.46875
10153,1.19140625,1.171875,-0.29296875,-0.615234375
10154,1.025390625,1.11328125,-0.21484375,-0.361328125
10155,1.171875,1.181640625,-0.205078125,-0.380859375
10156,1.1328125,1.201171875,-0.25390625,-0.380859375
10157,1.1328125,1.103515625,-0.25390625,-0.41015625
10158,1.15234375,0.986328125,-0.068359375,-0.3515625
10159,1.103515625,1.15234375,-0.263671875,-0.56640625
10160,1.103515625,1.103515625,-0.244140625,-0.44921875
10161,1.15234375,1.1328125,-0.283203125,-0.44921875
10162,1.162109375,1.142578125,-0.341796875,-0.46875
10163,1.279296875,1.171875,-0.21484375,-0.439453125
10164,1.2109375,1.171875,-0.263671875,-0.400390625
10165,1.2109375,1.142578125,-0.244140625,-0.458984375
10166,1.064453125,1.25,-0.33203125,-0.458984375
10167,1.279296875,1.19140625,-0.25390625,-0.41015625
10168,1.19140625,1.181640625,-0.244140625,-0.390625
10169,1.2109375,1.181640625,-0.2734375,-0.400390625
10170,1.201171875,1.083984375,-0.185546875,-0.400390625
10171,1.279296875,1.181640625,-0.322265625,-0.390625
10172,1.259765625,1.07421875,-0.29296875,-0.4296875
10173,1.240234375,1.103515625,-0.126953125,-0.322265625
10174,1.298828125,1.2890625,-0.224609375,-0.244140625
10175,1.279296875,1.240234375,-0.25390625,-0.380859375
10176,1.11328125,1.259765625,-0.25390625,-0.41015625
10177,1.220703125,1.123046875,-0.21484375,-0.224609375
10178,1.064453125,1.181640625,-0.263671875,-0.37109375
10179,1.181640625,1.23046875,-0.185546875,-0.390625
10180,1.162109375,1.19140625,-0.2734375,-0.263671875
10181,1.19140625,1.11328125,-0.234375,-0.390625
10182,1.181640625,1.0546875,-0.078125,-0.419921875
10183,1.15234375,1.181640625,-0.185546875,-0.419921875
10184,1.15234375,1.171875,-0.13671875,-0.234375
10185,1.123046875,1.162109375,-0.263671875,-0.458984375
10186,1.171875,1.09375,-0.361328125,-0.517578125
10187,1.103515625,1.181640625,-0.1953125,-0.419921875
10188,1.2109375,1.220703125,-0.15625,-0.400390625
10189,1.123046875,1.328125,-0.29296875,-0.44921875
10190,1.064453125,1.142578125,-0.263671875,-0.56640625
10191,1.083984375,1.0546875,-0.224609375,-0.400390625
10192,1.09375,1.142578125,-0.3125,-0.419921875
10193,1.142578125,1.162109375,-0.244140625,-0.390625
10194,1.19140625,1.25,-0.33203125,-0.400390625
10195,1.19140625,1.1328125,-0.1171875,-0.322265625
10196,1.40625,1.07421875,-0.25390625,-0.29296875
10197,1.2109375,1.015625,-0.263671875,-0.3515625
10198,1.2109375,0.9765625,-0.244140625,-0.400390625
10199,1.103515625,1.064453125,-0.244140625,-0.37109375
10200,1.298828125,1.123046875,-0.185546875,-0.361328125
10201,1.23046875,1.005859375,-0.1171875,-0.361328125
10202,1.357421875,1.142578125,-0.263671875,-0.341796875
10203,1.23046875,1.11328125,-0.185546875,-0.380859375
10204,1.2109375,1.11328125,-0.263671875,-0.37109375
10205,1.19140625,1.103515625,-0.234375,-0.322265625
10206,1.181640625,0.95703125,-0.3515625,-0.37109375
10207,1.201171875,1.2109375,-0.37109375,-0.341796875
10208,1.30859375,1.083984375,-0.244140625,-0.33203125
10209,1.162109375,1.103515625,-0.224609375,-0.41015625
10210,1.19140625,1.279296875,-0.1953125,-0.341796875
10211,1.181640625,1.11328125,-0.205078125,-0.439453125
10212,1.171875,1.09375,-0.13671875,-0.400390625
10213,1.259765625,1.07421875,-0.17578125,-0.361328125
10214,1.201171875,1.11328125,-0.205078125,-0.400390625
10215,1.2109375,1.1328125,-0.205078125,-0.33203125
10216,1.26953125,1.083984375,-0.341796875,-0.37109375
10217,1.34765625,1.123046875,-0.1953125,-0.126953125
10218,1.171875,1.103515625,-0.244140625,-0.361328125
10219,1.201171875,1.123046875,-0.21484375,-0.41015625
10220,1.2109375,1.103515625,-0.25390625,-0.3515625
10221,1.318359375,1.103515625,-0.185546875,-0.400390625
10222,1.2890625,1.09375,-0.166015625,-0.419921875
10223,1.279296875,1.19140625,-0.29296875,-0.33203125
10224,1.2109375,1.123046875,-0.322265625,-0.33203125
10225,1.220703125,1.123046875,-0.341796875,-0.29296875
10226,1.40625,1.171875,-0.2734375,-0.341796875
10227,1.2109375,1.123046875,-0.2734375,-0.380859375
10228,1.328125,0.9765625,-0.185546875,-0.41015625
10229,1.181640625,1.083984375,-0.25390625,-0.341796875
10230,1.23046875,1.171875,-0.2734375,-0.33203125
10231,1.23046875,1.005859375,-0.322265625,-0.361328125
10232,1.23046875,1.15234375,-0.21484375,-0.44921875
10233,1.09375,1.11328125,-0.263671875,-0.33203125
10234,1.23046875,1.064453125,-0.126953125,-0.380859375
10235,1.15234375,1.1328125,-0.25390625,-0.419921875
10236,1.357421875,1.201171875,-0.2734375,-0.400390625
10237,1.357421875,1.38671875,-0.37109375,-0.41015625
10238,1.2109375,1.259765625,-0.185546875,-0.46875
10239,1.3671875,1.083984375,-0.205078125,-0.400390625
10240,1.279296875,1.044921875,-0.234375,-0.341796875
10241,1.2109375,1.123046875,-0.244140625,-0.380859375
10242,1.11328125,1.0546875,-0.29296875,-0.25390625
10243,1.220703125,1.09375,-0.224609375,-0.361328125
10244,1.220703125,1.171875,-0.341796875,-0.380859375
10245,1.162109375,1.1328125,-0.15625,-0.2734375
10246,1.15234375,1.015625,-0.244140625,-0.29296875
10247,1.201171875,1.07421875,-0.21484375,-0.3125
10248,1.19140625,1.15234375,-0.283203125,-0.3515625
10249,1.23046875,1.07421875,-0.126953125,-0.37109375
10250,1.318359375,1.181640625,-0.126953125,-0.322265625
10251,1.171875,1.162109375,-0.21484375,-0.361328125
10252,1.337890625,1.2109375,-0.09765625,-0.3125
10253,1.30859375,1.025390625,-0.185546875,-0.29296875
10254,1.30859375,1.2109375,-0.17578125,-0.263671875
10255,1.40625,1.015625,-0.126953125,-0.390625
10256,1.318359375,1.181640625,-0.25390625,-0.33203125
10257,1.279296875,1.171875,-0.29296875,-0.33203125
10258,1.2890625,1.142578125,-0.3125,-0.41015625
10259,1.2890625,1.0546875,-0.29296875,-0.3125
10260,1.2109375,1.162109375,-0.224609375,-0.419921875
10261,1.220703125,1.220703125,-0.263671875,-0.380859375
10262,1.328125,1.07421875,-0.17578125,-0.3515625
10263,1.2109375,1.2109375,-0.244140625,-0.4296875
10264,1.11328125,1.201171875,-0.244140625,-0.390625
10265,1.23046875,1.15234375,-0.283203125,-0.33203125
10266,1.220703125,1.181640625,-0.244140625,-0.4296875
10267,1.19140625,1.162109375,-0.224609375,-0.390625
10268,1.2109375,1.025390625,-0.25390625,-0.419921875
10269,1.23046875,1.181640625,-0.302734375,-0.380859375
10270,1.171875,1.15234375,-0.25390625,-0.478515625
10271,1.220703125,1.15234375,-0.263671875,-0.380859375
10272,1.220703125,1.171875,-0.17578125,-0.458984375
10273,1.044921875,1.103515625,-0.126953125,-0.37109375
10274,1.259765625,1.19140625,-0.087890625,-0.4296875
10275,1.30859375,1.083984375,-0.166015625,-0.41015625
10276,1.2109375,1.201171875,-0.107421875,-0.41015625
10277,1.240234375,1.25,-0.048828125,-0.400390625
10278,1.34765625,1.15234375,-0.21484375,-0.322265625
10279,1.23046875,1.09375,-0.185546875,-0.322265625
10280,1.2109375,1.044921875,-0.126953125,-0.341796875
10281,1.103515625,1.171875,-0.224609375,-0.5078125
10282,1.142578125,1.11328125,-0.1953125,-0.419921875
10283,1.23046875,1.181640625,-0.283203125,-0.37109375
10284,1.25,1.181640625,-0.146484375,-0.556640625
10285,1.26953125,1.142578125,-0.068359375,-0.4296875
10286,1.201171875,1.220703125,-0.263671875,-0.380859375
10287,1.26953125,1.015625,-0.1953125,-0.33203125
10288,1.259765625,1.09375,-0.244140625,-0.341796875
10289,1.279296875,1.123046875,-0.146484375,-0.4296875
10290,1.2890625,1.123046875,-0.205078125,-0.380859375
10291,1.2109375,1.142578125,-0.166015625,-0.361328125
10292,1.162109375,1.142578125,-0.185546875,-0.419921875
10293,1.083984375,1.123046875,-0.234375,-0.419921875
10294,1.171875,1.083984375,-0.302734375,-0.44921875
10295,1.181640625,1.103515625,-0.1953125,-0.37109375
10296,1.15234375,1.201171875,-0.185546875,-0.234375
10297,1.162109375,1.1328125,-0.05859375,-0.341796875
10298,1.181640625,1.15234375,-0.205078125,-0.361328125
10299,1.162109375,1.23046875,-0.205078125,-0.439453125
10300,1.2890625,1.123046875,-0.126953125,-0.3125
10301,1.259765625,1.240234375,-0.185546875,-0.390625
10302,1.201171875,1.07421875,-0.234375,-0.390625
10303,1.2109375,1.123046875,-0.263671875,-0.322265625
10304,1.220703125,1.171875,-0.224609375,-0.302734375
10305,1.25,1.044921875,-0.361328125,-0.2734375
10306,1.240234375,1.2109375,-0.205078125,-0.224609375
10307,1.1328125,1.0546875,-0.126953125,-0.341796875
10308,1.162109375,1.005859375,-0.1953125,-0.13671875
10309,1.2109375,1.064453125,-0.205078125,-0.380859375
10310,1.220703125,0.947265625,-0.224609375,-0.361328125
10311,1.220703125,1.025390625,-0.302734375,-0.380859375
10312,1.30859375,1.0546875,-0.166015625,-0.205078125
10313,1.298828125,1.083984375,-0.2734375,-0.41015625
10314,1.26953125,1.103515625,-0.13671875,-0.4296875
10315,1.1328125,0.9765625,-0.234375,-0.361328125
10316,1.23046875,1.11328125,-0.205078125,-0.224609375
10317,1.201171875,1.15234375,-0.234375,-0.3515625
10318,1.25,1.005859375,-0.29296875,-0.400390625
10319,1.19140625,1.09375,-0.234375,-0.380859375
10320,1.201171875,0.9765625,-0.1171875,-0.283203125
10321,1.2109375,1.1328125,-0.234375,-0.29296875
10322,1.2109375,1.03515625,-0.126953125,-0.29296875
10323,1.2109375,1.03515625,-0.13671875,-0.283203125
10324,1.171875,1.103515625,-0.1953125,-0.17578125
10325,1.2109375,1.171875,-0.17578125,-0.302734375
10326,1.220703125,1.181640625,-0.166015625,-0.341796875
10327,1.15234375,1.09375,-0.224609375,-0.283203125
10328,1.23046875,1.11328125,-0.244140625,-0.244140625
10329,1.240234375,1.220703125,-0.283203125,-0.244140625
10330,1.318359375,1.09375,-0.244140625,-0.205078125
10331,1.279296875,1.015625,-0.2734375,-0.302734375
10332,1.19140625,1.064453125,-0.21484375,-0.3125
10333,1.220703125,1.11328125,-0.244140625,-0.263671875
10334,1.181640625,1.15234375,-0.25390625,-0.283203125
10335,1.11328125,1.0546875,-0.361328125,-0.3125
10336,1.181640625,1.123046875,-0.263671875,-0.400390625
10337,1.162109375,1.1328125,-0.283203125,-0.302734375
10338,1.171875,0.966796875,-0.2734375,-0.263671875
10339,1.181640625,1.09375,-0.2734375,-0.341796875
10340,1.1328125,1.123046875,-0.302734375,-0.283203125
10341,1.162109375,1.123046875,-0.302734375,-0.185546875
10342,1.162109375,1.1328125,-0.302734375,-0.29296875
10343,1.171875,1.2109375,-0.224609375,-0.37109375
10344,1.162109375,1.083984375,-0.224609375,-0.15625
10345,1.162109375,1.09375,-0.263671875,-0.390625
10346,1.162109375,1.083984375,-0.21484375,-0.25390625
10347,1.171875,1.279296875,-0.13671875,-0.263671875
10348,1.142578125,1.1328125,-0.244140625,-0.341796875
10349,1.181640625,1.11328125,-0.21484375,-0.263671875
10350,1.25,1.142578125,-0.33203125,-0.302734375
10351,1.240234375,1.083984375,-0.234375,-0.3125
10352,1.15234375,1.083984375,-0.224609375,-0.33203125
10353,1.103515625,1.064453125,-0.244140625,-0.283203125
10354,1.25,1.142578125,-0.25390625,-0.21484375
10355,1.240234375,1.11328125,-0.322265625,-0.263671875
10356,1.2109375,1.201171875,-0.185546875,-0.224609375
10357,1.25,1.07421875,-0.224609375,-0.29296875
10358,1.181640625,1.103515625,-0.185546875,-0.25390625
10359,1.162109375,1.0546875,-0.29296875,-0.2734375
10360,1.23046875,1.07421875,-0.33203125,-0.21484375
10361,1.220703125,1.083984375,-0.21484375,-0.244140625
10362,1.171875,1.142578125,-0.25390625,-0.234375
10363,1.15234375,1.123046875,-0.25390625,-0.263671875
10364,1.19140625,1.0546875,-0.302734375,-0.283203125
10365,1.23046875,1.162109375,-0.263671875,-0.2734375
10366,1.15234375,1.142578125,-0.283203125,-0.21484375
10367,1.259765625,1.142578125,-0.25390625,-0.25390625
10368,1.064453125,1.11328125,-0.3125,-0.283203125
10369,1.171875,0.908203125,-0.263671875,-0.244140625
10370,1.220703125,1.064453125,-0.380859375,-0.185546875
10371,1.2109375,0.78125,-0.322265625,-0.234375
10372,1.162109375,1.1328125,-0.146484375,-0.2734375
10373,1.220703125,1.025390625,-0.3125,-0.41015625
10374,1.19140625,1.0546875,-0.17578125,-0.263671875
10375,1.171875,1.07421875,-0.244140625,-0.29296875
10376,1.220703125,1.07421875,-0.283203125,-0.234375
10377,1.240234375,1.005859375,-0.380859375,-0.263671875
10378,1.201171875,0.986328125,-0.341796875,-0.244140625
10379,1.171875,1.083984375,-0.29296875,-0.33203125
10380,1.2109375,1.142578125,-0.361328125,-0.2734375
10381,1.15234375,0.986328125,-0.341796875,-0.361328125
10382,1.23046875,1.07421875,-0.341796875,-0.21484375
10383,1.201171875,1.064453125,-0.439453125,-0.17578125
10384,1.240234375,1.1328125,-0.244140625,-0.234375
10385,1.181640625,1.11328125,-0.390625,-0.1953125
10386,1.171875,1.15234375,-0.2734375,-0.25390625
10387,1.25,1.083984375,-0.4296875,-0.2734375
10388,1.083984375,1.083984375,-0.41015625,-0.283203125
10389,1.162109375,1.09375,-0.419921875,-0.263671875
10390,1.162109375,1.11328125,-0.37109375,-0.25390625
10391,1.201171875,1.11328125,-0.33203125,-0.205078125
10392,1.328125,1.103515625,-0.37109375,-0.244140625
10393,1.19140625,1.064453125,-0.29296875,-0.2734375
10394,1.2109375,1.083984375,-0.302734375,-0.29296875
10395,0.966796875,1.044921875,-0.29296875,-0.224609375
10396,1.1328125,1.298828125,-0.234375,-0.234375
10397,1.259765625,1.123046875,-0.322265625,-0.25390625
10398,1.337890625,1.11328125,-0.29296875,-0.341796875
10399,1.201171875,1.09375,-0.37109375,-0.283203125
10400,1.142578125,1.083984375,-0.224609375,-0.29296875
10401,1.171875,1.083984375,-0.3515625,-0.25390625
10402,1.181640625,0.986328125,-0.234375,-0.234375
10403,1.26953125,1.162109375,-0.3515625,-0.44921875
10404,1.240234375,1.181640625,-0.25390625,-0.244140625
10405,1.181640625,1.15234375,-0.244140625,-0.185546875
10406,1.11328125,1.103515625,-0.33203125,-0.341796875
10407,1.09375,1.11328125,-0.3125,-0.234375
10408,1.171875,1.1328125,-0.146484375,-0.2734375
10409,1.09375,1.09375,-0.498046875,-0.2734375
10410,1.162109375,1.09375,-0.33203125,-0.263671875
10411,1.171875,1.171875,-0.322265625,-0.25390625
10412,1.15234375,1.220703125,-0.29296875,-0.21484375
10413,1.171875,1.1328125,-0.322265625,-0.263671875
10414,1.2109375,1.103515625,-0.283203125,-0.21484375
10415,1.2109375,1.240234375,-0.380859375,-0.390625
10416,1.38671875,1.083984375,-0.341796875,-0.205078125
10417,1.259765625,1.11328125,-0.33203125,-0.29296875
10418,1.201171875,0.986328125,-0.3515625,-0.009765625
10419,1.044921875,1.0546875,-0.244140625,-0.3515625
10420,1.240234375,1.15234375,-0.322265625,-0.185546875
10421,1.171875,1.064453125,-0.322265625,-0.263671875
10422,1.2890625,1.025390625,-0.244140625,-0.2734375
10423,1.23046875,1.220703125,-0.361328125,-0.2734375
10424,1.2890625,1.07421875,-0.29296875,-0.3515625
10425,1.435546875,0.99609375,-0.244140625,-0.29296875
10426,1.162109375,1.0546875,-0.2734375,-0.29296875
10427,1.30859375,0.888671875,-0.2734375,-0.341796875
10428,1.259765625,1.083984375,-0.322265625,-0.419921875
10429,1.26953125,1.142578125,-0.283203125,-0.234375
10430,1.2890625,0.95703125,-0.33203125,-0.341796875
10431,1.181640625,1.044921875,-0.33203125,-0.146484375
10432,1.318359375,1.09375,-0.29296875,-0.29296875
10433,1.2109375,1.07421875,-0.37109375,-0.322265625
10434,1.123046875,1.09375,-0.21484375,-0.48828125
10435,1.181640625,1.064453125,-0.224609375,-0.2734375
10436,1.142578125,1.123046875,-0.29296875,-0.3125
10437,1.279296875,1.03515625,-0.2734375,-0.37109375
10438,1.2109375,1.25,-0.302734375,-0.3125
10439,1.220703125,1.064453125,-0.322265625,-0.302734375
10440,1.298828125,1.083984375,-0.29296875,-0.078125
10441,1.15234375,1.220703125,-0.322265625,-0.205078125
10442,1.15234375,1.064453125,-0.205078125,-0.341796875
10443,1.259765625,1.11328125,-0.283203125,-0.166015625
10444,1.23046875,1.1328125,-0.283203125,-0.283203125
10445,1.220703125,1.07421875,-0.3125,-0.29296875
10446,1.259765625,1.09375,-0.341796875,-0.29296875
10447,1.2890625,1.09375,-0.341796875,-0.2734375
10448,1.19140625,1.26953125,-0.244140625,-0.283203125
10449,1.181640625,1.103515625,-0.322265625,-0.17578125
10450,1.171875,1.11328125,-0.302734375,-0.2734375
10451,1.19140625,1.1328125,-0.322265625,-0.3125
10452,1.162109375,1.103515625,-0.322265625,-0.1953125
10453,1.201171875,1.11328125,-0.224609375,-0.3125
10454,1.23046875,1.07421875,-0.400390625,-0.33203125
10455,1.201171875,1.123046875,-0.302734375,-0.244140625
10456,1.171875,1.142578125,-0.29296875,-0.25390625
10457,1.2109375,1.123046875,-0.29296875,-0.234375
10458,1.181640625,1.1328125,-0.29296875,-0.634765625
10459,1.103515625,1.15234375,-0.25390625,-0.25390625
10460,1.181640625,1.142578125,-0.3125,-0.341796875
10461,1.162109375,1.15234375,-0.29296875,-0.29296875
10462,1.09375,1.1328125,-0.341796875,-0.341796875
10463,1.279296875,1.171875,-0.390625,-0.33203125
10464,1.328125,1.2109375,-0.33203125,-0.46875
10465,1.240234375,1.123046875,-0.390625,-0.322265625
10466,1.26953125,1.123046875,-0.166015625,-0.33203125
10467,1.25,1.162109375,-0.380859375,-0.46875
10468,1.2890625,1.142578125,-0.302734375,-0.2734375
10469,1.220703125,1.181640625,-0.185546875,-0.29296875
10470,1.171875,1.162109375,-0.3515625,-0.283203125
10471,1.15234375,1.171875,-0.361328125,-0.3515625
10472,1.201171875,1.19140625,-0.234375,-0.283203125
10473,1.23046875,1.103515625,-0.37109375,-0.37109375
10474,1.2890625,1.103515625,-0.400390625,-0.302734375
10475,1.2890625,1.162109375,-0.419921875,-0.166015625
10476,1.201171875,1.11328125,-0.205078125,-0.33203125
10477,1.181640625,1.103515625,-0.205078125,-0.17578125
10478,1.220703125,1.1328125,-0.146484375,-0.3125
10479,1.220703125,1.142578125,-0.37109375,-0.458984375
10480,1.1328125,1.103515625,-0.234375,-0.5078125
10481,1.2109375,1.2109375,-0.224609375,-0.341796875
10482,1.26953125,1.171875,-0.341796875,-0.29296875
10483,1.23046875,1.07421875,-0.2734375,-0.3125
10484,1.1328125,1.103515625,-0.13671875,-0.29296875
10485,1.30859375,1.181640625,-0.29296875,-0.029296875
10486,1.142578125,1.103515625,-0.244140625,-0.29296875
10487,1.220703125,1.142578125,-0.3515625,-0.29296875
10488,1.201171875,1.201171875,-0.263671875,-0.439453125
10489,1.005859375,1.09375,-0.283203125,-0.234375
10490,1.318359375,1.07421875,-0.205078125,-0.37109375
10491,1.181640625,1.19140625,-0.322265625,-0.390625
10492,1.2109375,1.162109375,-0.37109375,-0.234375
10493,1.15234375,1.15234375,-0.25390625,-0.2734375
10494,1.201171875,1.2890625,-0.244140625,-0.4296875
10495,1.181640625,1.171875,-0.1953125,-0.341796875
10496,1.19140625,1.240234375,-0.1953125,-0.380859375
10497,1.2109375,1.015625,-0.322265625,-0.322265625
10498,1.11328125,1.09375,-0.1953125,-0.17578125
10499,1.15234375,1.064453125,-0.234375,-0.29296875
10500,1.123046875,1.15234375,-0.146484375,-0.2734375
10501,1.240234375,1.15234375,-0.224609375,-0.29296875
10502,1.162109375,1.025390625,-0.2734375,-0.341796875
10503,1.15234375,1.240234375,-0.244140625,-0.3125
10504,1.19140625,1.19140625,-0.17578125,-0.302734375
10505,1.298828125,1.1328125,-0.302734375,-0.3515625
10506,1.19140625,1.1328125,-0.3125,-0.439453125
10507,1.171875,1.181640625,-0.244140625,-0.380859375
10508,1.123046875,1.259765625,-0.2734375,-0.322265625
10509,1.201171875,1.1328125,-0.380859375,-0.4296875
10510,1.103515625,1.162109375,-0.302734375,-0.537109375
10511,1.171875,1.19140625,-0.37109375,-0.419921875
10512,1.162109375,1.2109375,-0.224609375,-0.37109375
10513,1.15234375,1.19140625,-0.322265625,-0.44921875
10514,1.162109375,1.181640625,-0.361328125,-0.419921875
10515,1.162109375,0.986328125,-0.3515625,-0.380859375
10516,1.19140625,1.25,-0.29296875,-0.478515625
10517,1.11328125,1.259765625,-0.322265625,-0.4296875
10518,1.220703125,1.279296875,-0.263671875,-0.37109375
10519,1.30859375,1.279296875,-0.283203125,-0.244140625
10520,1.240234375,1.30859375,-0.33203125,-0.439453125
10521,1.142578125,1.240234375,-0.21484375,-0.3125
10522,1.083984375,1.298828125,-0.21484375,-0.322265625
10523,1.03515625,1.162109375,-0.2734375,-0.361328125
10524,1.171875,1.34765625,-0.25390625,-0.44921875
10525,1.171875,1.23046875,-0.234375,-0.3515625
10526,1.25,1.23046875,-0.29296875,-0.37109375
10527,1.23046875,1.259765625,-0.263671875,-0.46875
10528,1.26953125,1.298828125,-0.234375,-0.44921875
10529,1.240234375,1.26953125,-0.322265625,-0.380859375
10530,1.171875,1.30859375,-0.205078125,-0.37109375
10531,1.1328125,1.09375,-0.244140625,-0.517578125
10532,1.19140625,1.2109375,-0.224609375,-0.361328125
10533,1.103515625,0.8984375,-0.166015625,-0.390625
10534,1.19140625,1.201171875,-0.1953125,-0.48828125
10535,1.259765625,1.15234375,-0.29296875,-0.419921875
10536,1.328125,1.181640625,-0.458984375,-0.400390625
10537,1.220703125,1.171875,-0.185546875,-0.3515625
10538,1.1328125,1.123046875,-0.33203125,-0.5078125
10539,1.240234375,1.240234375,-0.2734375,-0.380859375
10540,1.220703125,1.162109375,-0.341796875,-0.29296875
10541,1.044921875,1.1328125,-0.3515625,-0.400390625
10542,1.220703125,1.513671875,-0.29296875,-0.390625
10543,1.142578125,1.0546875,-0.33203125,-0.3515625
10544,1.19140625,1.298828125,-0.283203125,-0.439453125
10545,1.259765625,1.181640625,-0.126953125,-0.3515625
10546,1.220703125,1.259765625,-0.244140625,-0.341796875
10547,1.15234375,1.171875,-0.263671875,-0.439453125
10548,1.19140625,1.2109375,-0.33203125,-0.419921875
10549,1.083984375,1.2109375,-0.17578125,-0.37109375
10550,1.15234375,1.259765625,-0.2734375,-0.41015625
10551,1.181640625,1.1328125,-0.37109375,-0.400390625
10552,1.181640625,1.142578125,-0.361328125,-0.5078125
10553,1.181640625,1.25,-0.3125,-0.380859375
10554,1.201171875,1.240234375,-0.33203125,-0.361328125
10555,1.19140625,1.142578125,-0.2734375,-0.25390625
10556,1.25,1.201171875,-0.185546875,-0.29296875
10557,1.328125,1.09375,-0.322265625,-0.361328125
10558,1.279296875,1.123046875,-0.263671875,-0.41015625
10559,1.376953125,1.142578125,-0.234375,-0.224609375
10560,1.2109375,1.1328125,-0.244140625,-0.44921875
10561,1.25,1.044921875,-0.3125,-0.400390625
10562,1.396484375,1.103515625,-0.263671875,-0.37109375
10563,1.2890625,1.15234375,-0.17578125,-0.4296875
10564,1.25,1.171875,-0.234375,-0.4296875
10565,1.396484375,1.11328125,-0.263671875,-0.46875
10566,1.25,1.11328125,-0.263671875,-0.33203125
10567,1.2890625,1.142578125,-0.3125,-0.458984375
10568,1.23046875,1.171875,-0.29296875,-0.380859375
10569,1.23046875,1.19140625,-0.283203125,-0.4296875
10570,1.240234375,1.15234375,-0.33203125,-0.390625
10571,1.181640625,1.162109375,-0.2734375,-0.341796875
10572,1.23046875,1.171875,-0.1171875,-0.390625
10573,1.171875,1.171875,-0.1953125,-0.41015625
10574,1.171875,1.142578125,-0.234375,-0.400390625
10575,1.23046875,1.11328125,-0.341796875,-0.361328125
10576,1.279296875,1.015625,-0.322265625,-0.341796875
10577,1.26953125,1.23046875,-0.25390625,-0.4296875
10578,1.1328125,1.142578125,-0.302734375,-0.3125
10579,1.201171875,1.181640625,-0.29296875,-0.439453125
10580,1.181640625,1.1328125,-0.3125,-0.361328125
10581,1.298828125,1.1328125,-0.244140625,-0.37109375
10582,1.181640625,1.005859375,-0.3515625,-0.37109375
10583,1.11328125,1.1328125,-0.25390625,-0.3515625
10584,1.201171875,1.1328125,-0.205078125,-0.380859375
10585,1.15234375,1.25,-0.1953125,-0.478515625
10586,1.25,1.171875,-0.244140625,-0.302734375
10587,1.220703125,1.15234375,-0.205078125,-0.37109375
10588,1.064453125,1.015625,-0.126953125,-0.380859375
10589,1.15234375,1.142578125,-0.205078125,-0.361328125
10590,1.0546875,1.083984375,-0.205078125,-0.52734375
10591,1.15234375,1.03515625,-0.1953125,-0.46875
10592,1.220703125,1.09375,-0.21484375,-0.46875
10593,1.171875,1.09375,-0.29296875,-0.37109375
10594,1.15234375,1.123046875,-0.283203125,-0.478515625
10595,1.201171875,1.07421875,-0.283203125,-0.3515625
10596,1.19140625,1.09375,-0.244140625,-0.44921875
10597,1.23046875,1.123046875,-0.380859375,-0.52734375
10598,1.181640625,1.11328125,-0.234375,-0.33203125
10599,1.298828125,1.0546875,-0.263671875,-0.634765625
10600,1.26953125,1.181640625,-0.2734375,-0.380859375
10601,1.171875,1.09375,-0.302734375,-0.595703125
10602,1.015625,1.15234375,-0.29296875,-0.673828125
10603,1.201171875,1.1328125,-0.13671875,-0.478515625
10604,1.2109375,1.26953125,-0.3515625,-0.439453125
10605,1.171875,1.201171875,-0.25390625,-0.498046875
10606,1.25,1.11328125,-0.2734375,-0.380859375
10607,1.181640625,1.083984375,-0.17578125,-0.478515625
10608,1.23046875,1.123046875,-0.25390625,-0.185546875
10609,1.044921875,1.0546875,-0.205078125,-0.380859375
10610,1.181640625,1.09375,-0.234375,-0.439453125
10611,1.1328125,1.162109375,-0.3515625,-0.341796875
10612,1.181640625,1.103515625,-0.283203125,-0.37109375
10613,1.09375,1.123046875,-0.234375,-0.33203125
10614,1.09375,1.181640625,-0.21484375,-0.3515625
10615,1.064453125,1.162109375,-0.21484375,-0.361328125
10616,1.044921875,1.142578125,-0.1953125,-0.41015625
10617,1.044921875,1.162109375,-0.33203125,-0.341796875
10618,1.19140625,1.1328125,-0.2734375,-0.458984375
10619,1.142578125,1.201171875,-0.33203125,-0.400390625
10620,0.986328125,1.09375,-0.29296875,-0.537109375
10621,1.15234375,1.044921875,-0.3125,-0.44921875
10622,1.1328125,1.240234375,-0.13671875,-0.48828125
10623,1.19140625,1.15234375,-0.283203125,-0.439453125
10624,1.064453125,1.103515625,-0.263671875,-0.419921875
10625,1.171875,1.181640625,-0.2734375,-0.4296875
10626,1.162109375,1.171875,-0.2734375,-0.419921875
10627,1.015625,1.240234375,-0.166015625,-0.41015625
10628,1.123046875,1.103515625,-0.3125,-0.400390625
10629,1.044921875,1.11328125,-0.2734375,-0.41015625
10630,1.162109375,1.142578125,-0.3125,-0.41015625
10631,1.19140625,1.015625,-0.2734375,-0.37109375
10632,1.162109375,1.123046875,-0.17578125,-0.322265625
10633,1.15234375,0.95703125,-0.224609375,-0.341796875
10634,1.171875,1.123046875,-0.126953125,-0.3515625
10635,1.123046875,1.162109375,-0.224609375,-0.1953125
10636,1.2109375,1.11328125,-0.09765625,-0.400390625
10637,1.220703125,1.09375,-0.185546875,-0.33203125
10638,1.279296875,1.11328125,-0.13671875,-0.3515625
10639,1.34765625,1.11328125,-0.15625,-0.4296875
10640,1.201171875,1.162109375,-0.21484375,-0.390625
10641,1.240234375,1.064453125,-0.166015625,-0.400390625
10642,1.220703125,1.044921875,-0.1171875,-0.390625
10643,1.220703125,1.064453125,-0.166015625,-0.390625
10644,1.201171875,1.11328125,-0.205078125,-0.41015625
10645,1.083984375,1.09375,-0.15625,-0.3515625
10646,1.220703125,1.044921875,-0.224609375,-0.458984375
10647,1.181640625,1.083984375,-0.341796875,-0.3515625
10648,1.259765625,1.0546875,-0.283203125,-0.341796875
10649,1.201171875,1.240234375,-0.390625,-0.37109375
10650,1.298828125,1.064453125,-0.33203125,-0.322265625
10651,1.201171875,1.1328125,-0.302734375,-0.3125
10652,1.23046875,0.986328125,-0.322265625,-0.41015625
10653,1.171875,1.15234375,-0.17578125,-0.322265625
10654,1.259765625,1.181640625,-0.361328125,-0.380859375
10655,1.30859375,0.99609375,-0.3515625,-0.458984375
10656,1.181640625,1.15234375,-0.3125,-0.439453125
10657,1.19140625,1.1328125,-0.2734375,-0.37109375
10658,1.220703125,0.9375,-0.302734375,-0.29296875
10659,1.19140625,1.318359375,-0.263671875,-0.439453125
10660,1.03515625,1.162109375,-0.166015625,-0.380859375
10661,1.181640625,1.103515625,-0.21484375,-0.46875
10662,1.171875,1.03515625,-0.400390625,-0.44921875
10663,1.123046875,1.142578125,-0.37109375,-0.400390625
10664,1.171875,1.23046875,-0.224609375,-0.3515625
10665,1.26953125,1.181640625,-0.166015625,-0.41015625
10666,1.201171875,1.083984375,-0.25390625,-0.29296875
10667,1.259765625,1.162109375,-0.185546875,-0.380859375
10668,1.220703125,0.9765625,-0.244140625,-0.458984375
10669,1.19140625,1.1328125,-0.21484375,-0.400390625
10670,1.25,1.30859375,-0.185546875,-0.44921875
10671,1.142578125,1.123046875,-0.244140625,-0.166015625
10672,1.201171875,1.1328125,-0.244140625,-0.46875
10673,1.38671875,1.03515625,-0.087890625,-0.390625
10674,1.220703125,1.11328125,-0.29296875,-0.380859375
10675,1.34765625,1.181640625,-0.25390625,-0.380859375
10676,1.357421875,0.9765625,-0.25390625,-0.361328125
10677,1.30859375,1.15234375,-0.146484375,-0.263671875
10678,1.220703125,1.044921875,-0.302734375,-0.537109375
10679,1.25,1.1328125,-0.185546875,-0.302734375
10680,1.220703125,1.142578125,-0.244140625,-0.44921875
10681,1.171875,1.15234375,-0.205078125,-0.37109375
10682,1.2890625,1.0546875,-0.166015625,-0.302734375
10683,1.26953125,1.162109375,-0.25390625,-0.41015625
10684,1.3671875,1.1328125,-0.185546875,-0.2734375
10685,1.279296875,1.162109375,-0.1953125,-0.341796875
10686,1.259765625,1.328125,-0.185546875,-0.419921875
10687,1.328125,1.220703125,-0.224609375,-0.390625
10688,1.328125,1.181640625,-0.166015625,-0.41015625
10689,1.25,1.103515625,-0.21484375,-0.361328125
10690,1.201171875,1.142578125,-0.1953125,-0.205078125
10691,1.328125,1.1328125,-0.146484375,-0.322265625
10692,1.3671875,1.142578125,-0.283203125,-0.322265625
10693,1.142578125,1.103515625,-0.234375,-0.390625
10694,1.0546875,1.083984375,-0.205078125,-0.341796875
10695,1.23046875,1.201171875,-0.244140625,-0.341796875
10696,1.25,1.142578125,-0.224609375,-0.29296875
10697,1.30859375,1.09375,-0.15625,-0.390625
10698,1.201171875,1.162109375,-0.21484375,-0.33203125
10699,1.201171875,1.142578125,-0.2734375,-0.5078125
10700,1.23046875,1.09375,-0.1953125,-0.361328125
10701,1.220703125,1.220703125,-0.21484375,-0.44921875
10702,1.123046875,1.201171875,-0.21484375,-0.234375
10703,1.171875,1.19140625,-0.107421875,-0.37109375
10704,1.23046875,1.142578125,-0.224609375,-0.458984375
10705,1.25,1.064453125,-0.25390625,-0.25390625
10706,1.328125,1.11328125,-0.21484375,-0.33203125
10707,1.318359375,1.11328125,-0.17578125,-0.341796875
10708,1.40625,1.171875,-0.205078125,-0.341796875
10709,1.376953125,1.142578125,-0.185546875,-0.41015625
10710,1.240234375,1.171875,-0.244140625,-0.400390625
10711,1.26953125,1.15234375,-0.1953125,-0.44921875
10712,1.240234375,1.15234375,-0.21484375,-0.205078125
10713,1.298828125,1.357421875,-0.15625,-0.3515625
10714,1.26953125,1.15234375,-0.3125,-0.46875
10715,1.220703125,1.181640625,-0.1171875,-0.4296875
10716,1.30859375,1.25,-0.390625,-0.33203125
10717,1.25,1.171875,-0.2734375,-0.146484375
10718,1.201171875,1.142578125,-0.244140625,-0.458984375
10719,1.23046875,1.1328125,-0.21484375,-0.380859375
10720,1.181640625,1.201171875,-0.25390625,-0.322265625
10721,1.318359375,1.123046875,-0.244140625,-0.48828125
10722,1.15234375,1.259765625,-0.224609375,-0.33203125
10723,1.25,1.15234375,-0.3125,-0.41015625
10724,1.279296875,1.19140625,-0.21484375,-0.21484375
10725,1.181640625,1.005859375,-0.185546875,-0.3125
10726,1.201171875,1.15234375,-0.234375,-0.341796875
10727,1.240234375,1.083984375,-0.1953125,-0.205078125
10728,1.2109375,1.09375,-0.3515625,-0.37109375
10729,1.2109375,1.083984375,-0.21484375,-0.1171875
10730,1.171875,1.15234375,-0.1953125,-0.205078125
10731,1.09375,1.30859375,-0.263671875,-0.41015625
10732,1.201171875,1.123046875,-0.126953125,-0.33203125
10733,1.162109375,1.15234375,-0.234375,-0.478515625
10734,1.171875,1.181640625,-0.205078125,-0.380859375
10735,1.2109375,1.0546875,-0.1171875,-0.361328125
10736,1.2890625,1.103515625,-0.244140625,-0.390625
10737,1.181640625,1.03515625,-0.1171875,-0.37109375
10738,1.2109375,1.1328125,-0.244140625,-0.234375
10739,1.142578125,1.025390625,-0.234375,-0.2734375
10740,1.07421875,1.044921875,-0.205078125,-0.361328125
10741,1.240234375,1.044921875,-0.283203125,-0.33203125
10742,1.240234375,1.103515625,-0.166015625,-0.2734375
10743,1.162109375,1.123046875,-0.1953125,-0.3125
10744,1.201171875,1.083984375,-0.146484375,-0.419921875
10745,1.181640625,1.005859375,-0.166015625,-0.322265625
10746,1.083984375,1.025390625,-0.17578125,-0.283203125
10747,1.171875,1.005859375,-0.224609375,-0.380859375
10748,1.279296875,1.015625,-0.1953125,-0.400390625
10749,1.162109375,1.0546875,-0.2734375,-0.3125
10750,1.2109375,1.03515625,-0.185546875,-0.33203125
10751,1.201171875,1.07421875,-0.185546875,-0.37109375
10752,1.044921875,1.11328125,-0.15625,-0.341796875
10753,1.26953125,1.123046875,-0.126953125,-0.41015625
10754,1.23046875,1.0546875,-0.25390625,-0.234375
10755,1.19140625,1.03515625,-0.25390625,-0.390625
10756,1.240234375,1.07421875,-0.244140625,-0.439453125
10757,1.30859375,1.09375,-0.3515625,-0.234375
10758,1.40625,1.025390625,-0.283203125,-0.1953125
10759,1.201171875,1.11328125,-0.263671875,-0.263671875
10760,1.240234375,1.07421875,-0.29296875,-0.205078125
10761,1.11328125,1.03515625,-0.37109375,-0.29296875
10762,1.181640625,1.220703125,-0.283203125,-0.283203125
10763,1.181640625,1.09375,-0.244140625,-0.41015625
10764,1.0546875,1.1328125,-0.3515625,-0.302734375
10765,1.15234375,1.103515625,-0.361328125,-0.29296875
10766,1.2890625,1.162109375,-0.29296875,-0.3125
10767,1.181640625,1.09375,-0.25390625,-0.244140625
10768,1.181640625,1.11328125,-0.341796875,-0.3515625
10769,1.171875,1.123046875,-0.29296875,-0.3125
10770,1.03515625,1.142578125,-0.322265625,-0.13671875
10771,1.162109375,0.9765625,-0.283203125,-0.33203125
10772,1.201171875,1.083984375,-0.205078125,-0.400390625
10773,1.19140625,1.123046875,-0.244140625,-0.322265625
10774,1.201171875,1.19140625,-0.205078125,-0.380859375
10775,1.15234375,1.201171875,-0.17578125,-0.1953125
10776,1.3671875,1.09375,-0.15625,-0.322265625
10777,1.23046875,1.03515625,-0.17578125,-0.302734375
10778,1.25,1.181640625,-0.205078125,-0.5078125
10779,1.42578125,1.11328125,-0.166015625,-0.2734375
10780,1.2890625,1.201171875,-0.21484375,-0.2734375
10781,1.19140625,1.11328125,-0.17578125,-0.25390625
10782,1.240234375,1.07421875,-0.29296875,-0.302734375
10783,1.38671875,1.07421875,-0.17578125,-0.244140625
10784,1.2109375,1.015625,-0.341796875,-0.283203125
10785,1.337890625,1.103515625,-0.244140625,-0.29296875
10786,1.2109375,1.19140625,-0.263671875,-0.283203125
10787,1.25,1.0546875,-0.234375,-0.302734375
10788,1.220703125,1.123046875,-0.17578125,-0.3125
10789,1.279296875,1.162109375,-0.1171875,-0.205078125
10790,1.25,1.083984375,-0.25390625,-0.29296875
10791,1.1328125,1.11328125,-0.205078125,-0.224609375
10792,1.123046875,1.083984375,-0.185546875,-0.126953125
10793,1.11328125,1.142578125,-0.21484375,-0.3125
10794,1.171875,1.11328125,-0.263671875,-0.185546875
10795,1.2109375,1.2109375,-0.17578125,-0.224609375
10796,1.171875,1.083984375,-0.33203125,-0.29296875
10797,1.25,1.09375,-0.1171875,-0.1953125
10798,1.0546875,1.09375,-0.13671875,-0.2734375
10799,1.123046875,1.07421875,-0.21484375,-0.21484375
10800,1.2109375,1.0546875,-0.283203125,-0.205078125
10801,1.171875,1.03515625,-0.283203125,-0.302734375
10802,1.171875,1.064453125,-0.341796875,-0.302734375
10803,1.181640625,1.162109375,-0.2734375,-0.2734375
10804,1.181640625,1.142578125,-0.322265625,-0.2734375
10805,1.201171875,1.09375,-0.322265625,-0.283203125
10806,1.064453125,1.07421875,-0.29296875,-0.29296875
10807,1.103515625,1.1328125,-0.244140625,-0.126953125
10808,1.162109375,1.19140625,-0.390625,-0.322265625
10809,1.2109375,1.083984375,-0.205078125,-0.283203125
10810,1.181640625,1.025390625,-0.302734375,-0.224609375
10811,1.201171875,1.15234375,-0.244140625,-0.185546875
10812,1.19140625,1.083984375,-0.33203125,-0.3125
10813,1.15234375,1.044921875,-0.4296875,-0.224609375
10814,1.19140625,0.9765625,-0.517578125,-0.185546875
10815,1.25,1.103515625,-0.46875,-0.263671875
10816,1.19140625,1.11328125,-0.439453125,-0.224609375
10817,1.142578125,1.123046875,-0.439453125,-0.25390625
10818,1.15234375,1.0546875,-0.3515625,-0.1953125
10819,1.15234375,1.123046875,-0.380859375,-0.224609375
10820,1.162109375,1.11328125,-0.41015625,-0.2734375
10821,1.1328125,1.103515625,-0.419921875,-0.205078125
10822,1.181640625,1.0546875,-0.380859375,-0.25390625
10823,1.171875,1.025390625,-0.41015625,-0.283203125
10824,1.11328125,1.11328125,-0.37109375,-0.1953125
10825,1.318359375,1.03515625,-0.361328125,-0.302734375
10826,1.220703125,1.03515625,-0.322265625,-0.185546875
10827,1.15234375,1.11328125,-0.283203125,-0.302734375
10828,1.220703125,1.1328125,-0.3515625,-0.29296875
10829,1.171875,1.07421875,-0.44921875,-0.302734375
10830,1.171875,1.11328125,-0.302734375,-0.361328125
10831,1.142578125,1.07421875,-0.3515625,-0.234375
10832,1.171875,0.986328125,-0.244140625,-0.2734375
10833,1.19140625,1.15234375,-0.244140625,-0.185546875
10834,1.044921875,1.142578125,-0.283203125,-0.1953125
10835,1.19140625,1.083984375,-0.302734375,-0.224609375
10836,1.162109375,1.15234375,-0.41015625,-0.302734375
10837,1.1328125,1.1328125,-0.25390625,-0.263671875
10838,1.259765625,1.1328125,-0.322265625,-0.25390625
10839,1.19140625,1.15234375,-0.244140625,-0.361328125
10840,1.103515625,1.1328125,-0.234375,-0.21484375
10841,1.220703125,1.123046875,-0.400390625,-0.322265625
10842,1.240234375,1.083984375,-0.1953125,-0.41015625
10843,1.298828125,1.1328125,-0.400390625,-0.302734375
10844,1.19140625,1.142578125,-0.205078125,-0.25390625
10845,1.2109375,1.162109375,-0.3125,-0.126953125
10846,1.2109375,1.19140625,-0.244140625,-0.361328125
10847,1.2109375,1.15234375,-0.126953125,-0.283203125
10848,1.23046875,1.30859375,-0.37109375,-0.37109375
10849,1.2890625,1.123046875,-0.3515625,-0.322265625
10850,1.34765625,1.1328125,-0.5078125,-0.25390625
10851,1.279296875,0.869140625,-0.4296875,-0.244140625
10852,1.26953125,1.11328125,-0.390625,-0.21484375
10853,1.298828125,1.015625,-0.3515625,-0.283203125
10854,1.19140625,1.044921875,-0.3125,-0.263671875
10855,1.240234375,1.142578125,-0.3125,-0.21484375
10856,1.23046875,1.103515625,-0.302734375,-0.126953125
10857,1.318359375,1.09375,-0.166015625,-0.322265625
10858,1.23046875,1.103515625,-0.234375,-0.380859375
10859,1.25,1.015625,-0.302734375,-0.322265625
10860,1.201171875,1.201171875,-0.322265625,-0.283203125
10861,1.19140625,1.103515625,-0.29296875,-0.205078125
10862,1.25,1.005859375,-0.3125,-0.25390625
10863,1.19140625,1.2109375,-0.33203125,-0.29296875
10864,1.259765625,1.1328125,-0.2734375,-0.25390625
10865,1.2109375,1.142578125,-0.205078125,-0.224609375
10866,1.279296875,1.2890625,-0.37109375,-0.2734375
10867,1.1328125,1.171875,-0.2734375,-0.166015625
10868,1.15234375,1.1328125,-0.263671875,-0.234375
10869,1.23046875,1.2109375,-0.283203125,-0.380859375
10870,1.23046875,1.083984375,-0.322265625,-0.21484375
10871,1.181640625,1.09375,-0.302734375,-0.2734375
10872,1.26953125,1.2109375,-0.341796875,-0.29296875
10873,1.337890625,1.123046875,-0.361328125,-0.283203125
10874,1.220703125,1.083984375,-0.263671875,-0.29296875
10875,1.25,1.142578125,-0.2734375,-0.29296875
10876,1.40625,1.1328125,-0.322265625,-0.234375
10877,1.2109375,1.171875,-0.263671875,-0.224609375
10878,1.2890625,1.201171875,-0.3515625,-0.244140625
10879,1.26953125,1.1328125,-0.3125,-0.263671875
10880,1.23046875,1.11328125,-0.234375,-0.2734375
10881,1.23046875,0.751953125,-0.234375,-0.302734375
10882,1.34765625,1.123046875,-0.302734375,-0.341796875
10883,1.337890625,1.181640625,-0.341796875,-0.2734375
10884,1.2890625,1.23046875,-0.3125,-0.302734375
10885,1.3671875,1.162109375,-0.322265625,-0.33203125
10886,1.123046875,1.181640625,-0.322265625,-0.29296875
10887,1.19140625,1.15234375,-0.322265625,-0.2734375
10888,1.279296875,1.171875,-0.234375,-0.322265625
10889,1.15234375,1.1328125,-0.244140625,-0.33203125
10890,1.171875,1.064453125,-0.263671875,-0.302734375
10891,1.03515625,1.123046875,-0.361328125,-0.205078125
10892,1.15234375,1.09375,-0.224609375,-0.33203125
10893,1.220703125,1.103515625,-0.361328125,-0.21484375
10894,1.162109375,1.25,-0.263671875,-0.224609375
10895,1.123046875,1.201171875,-0.263671875,-0.263671875
10896,1.240234375,1.171875,-0.244140625,-0.322265625
10897,1.15234375,1.123046875,-0.458984375,-0.25390625
10898,1.23046875,1.19140625,-0.380859375,-0.302734375
10899,1.1328125,1.25,-0.224609375,-0.3515625
10900,1.220703125,1.162109375,-0.3515625,-0.478515625
10901,1.25,1.181640625,-0.33203125,-0.15625
10902,1.19140625,1.25,-0.3515625,-0.302734375
10903,1.240234375,1.220703125,-0.3515625,-0.17578125
10904,1.240234375,1.142578125,-0.3125,-0.380859375
10905,1.337890625,1.07421875,-0.546875,-0.25390625
10906,1.220703125,1.171875,-0.234375,-0.2734375
10907,1.40625,1.162109375,-0.3515625,-0.2734375
10908,1.240234375,1.15234375,-0.302734375,-0.3125
10909,1.181640625,1.123046875,-0.322265625,-0.244140625
10910,1.23046875,1.123046875,-0.234375,-0.46875
10911,1.2109375,1.09375,-0.380859375,-0.244140625
10912,1.240234375,0.9375,-0.322265625,-0.283203125
10913,1.23046875,1.083984375,-0.244140625,-0.283203125
10914,1.15234375,1.0546875,-0.33203125,-0.244140625
10915,1.2890625,1.015625,-0.25390625,-0.361328125
10916,1.201171875,1.103515625,-0.3125,-0.3515625
10917,1.19140625,1.015625,-0.244140625,-0.283203125
10918,1.259765625,1.181640625,-0.126953125,-0.224609375
10919,1.201171875,1.201171875,-0.263671875,-0.29296875
10920,1.181640625,1.201171875,-0.302734375,-0.3125
10921,1.11328125,1.181640625,-0.205078125,-0.37109375
10922,1.376953125,1.201171875,-0.283203125,-0.2734375
10923,1.19140625,1.201171875,-0.3125,-0.400390625
10924,1.15234375,1.1328125,0.009765625,-0.244140625
10925,1.162109375,1.162109375,-0.2734375,-0.33203125
10926,1.19140625,1.1328125,-0.244140625,-0.341796875
10927,1.19140625,1.201171875,-0.3125,-0.3515625
10928,1.181640625,1.19140625,-0.322265625,-0.41015625
10929,1.181640625,1.123046875,-0.283203125,-0.302734375
10930,1.171875,1.15234375,-0.224609375,-0.380859375
10931,1.123046875,1.181640625,-0.244140625,-0.3515625
10932,1.30859375,1.220703125,-0.1953125,-0.3515625
10933,1.2109375,1.162109375,-0.146484375,-0.390625
10934,1.1328125,1.142578125,-0.263671875,-0.322265625
10935,1.142578125,1.103515625,-0.234375,-0.2734375
10936,1.162109375,1.220703125,-0.478515625,-0.380859375
10937,1.25,1.19140625,-0.3515625,-0.517578125
10938,1.2109375,1.1328125,-0.37109375,-0.390625
10939,1.259765625,1.23046875,-0.390625,-0.263671875
10940,1.2109375,1.181640625,-0.2734375,-0.341796875
10941,1.30859375,1.044921875,-0.322265625,-0.400390625
10942,1.171875,1.15234375,-0.263671875,-0.3515625
10943,1.220703125,1.181640625,-0.3125,-0.44921875
10944,1.220703125,1.220703125,-0.234375,-0.341796875
10945,1.181640625,1.142578125,-0.361328125,-0.29296875
10946,1.1328125,1.181640625,-0.234375,-0.3125
10947,1.162109375,1.171875,-0.37109375,-0.380859375
10948,1.259765625,1.07421875,-0.25390625,-0.390625
10949,1.142578125,1.259765625,-0.283203125,-0.341796875
10950,1.09375,1.15234375,-0.302734375,-0.341796875
10951,1.19140625,1.181640625,-0.3515625,-0.390625
10952,1.044921875,1.2109375,-0.15625,-0.29296875
10953,1.1328125,1.23046875,-0.3515625,-0.595703125
10954,1.171875,1.201171875,-0.25390625,-0.3515625
10955,1.2109375,1.2109375,-0.29296875,-0.380859375
10956,1.1328125,1.220703125,-0.3125,-0.283203125
10957,1.26953125,1.162109375,-0.2734375,-0.4296875
10958,1.171875,1.220703125,-0.263671875,-0.322265625
10959,1.2109375,1.19140625,-0.29296875,-0.439453125
10960,1.171875,1.162109375,-0.263671875,-0.341796875
10961,1.201171875,1.416015625,-0.3125,-0.3515625
10962,1.181640625,1.162109375,-0.33203125,-0.400390625
10963,1.2109375,1.19140625,-0.1953125,-0.390625
10964,1.181640625,1.171875,-0.146484375,-0.068359375
10965,1.259765625,1.181640625,-0.33203125,-0.46875
10966,1.181640625,1.298828125,-0.263671875,-0.419921875
10967,1.19140625,1.181640625,-0.33203125,-0.48828125
10968,1.19140625,1.240234375,-0.302734375,-0.37109375
10969,1.201171875,1.171875,-0.1953125,-0.390625
10970,1.181640625,1.142578125,-0.341796875,-0.478515625
10971,1.23046875,1.2109375,-0.3125,-0.3125
10972,1.123046875,1.201171875,-0.302734375,-0.41015625
10973,1.1328125,1.357421875,-0.283203125,-0.302734375
10974,1.1328125,1.181640625,-0.283203125,-0.322265625
10975,1.083984375,1.181640625,-0.283203125,-0.400390625
10976,1.11328125,1.171875,-0.390625,-0.400390625
10977,1.123046875,1.201171875,-0.33203125,-0.576171875
10978,1.25,1.25,-0.380859375,-0.3515625
10979,1.25,1.201171875,-0.224609375,-0.41015625
10980,1.19140625,1.162109375,-0.263671875,-0.458984375
10981,1.19140625,1.162109375,-0.25390625,-0.390625
10982,1.220703125,1.11328125,-0.283203125,-0.419921875
10983,1.142578125,1.123046875,-0.2734375,-0.29296875
10984,1.171875,1.23046875,-0.29296875,-0.3515625
10985,1.2109375,1.19140625,-0.302734375,-0.380859375
10986,1.142578125,1.240234375,-0.234375,-0.3125
10987,1.19140625,1.201171875,-0.25390625,-0.48828125
10988,1.181640625,1.19140625,-0.25390625,-0.341796875
10989,1.279296875,1.19140625,-0.25390625,-0.390625
10990,1.25,1.220703125,-0.146484375,-0.419921875
10991,1.220703125,1.162109375,-0.234375,-0.41015625
10992,1.142578125,1.162109375,-0.244140625,-0.46875
10993,1.30859375,1.171875,-0.3125,-0.361328125
10994,1.25,1.30859375,-0.390625,-0.302734375
10995,1.298828125,1.181640625,-0.29296875,-0.390625
10996,1.240234375,1.26953125,-0.283203125,-0.33203125
10997,1.142578125,1.171875,-0.390625,-0.29296875
10998,1.083984375,1.19140625,-0.33203125,-0.302734375
10999,1.240234375,1.171875,-0.3125,-0.44921875
11000,1.25,0.91796875,-0.2734375,-0.380859375
11001,1.162109375,1.181640625,-0.283203125,-0.283203125
11002,1.23046875,1.2109375,-0.302734375,-0.29296875
11003,1.171875,1.201171875,-0.166015625,-0.41015625
11004,1.03515625,1.181640625,-0.37109375,-0.244140625
11005,1.123046875,1.2109375,-0.361328125,-0.390625
11006,1.15234375,1.064453125,-0.25390625,-0.361328125
11007,1.181640625,0.986328125,-0.33203125,-0.44921875
11008,1.19140625,1.142578125,-0.234375,-0.439453125
11009,1.19140625,1.103515625,-0.263671875,-0.380859375
11010,1.142578125,1.142578125,-0.302734375,-0.21484375
11011,1.123046875,1.19140625,-0.224609375,-0.29296875
11012,1.15234375,1.142578125,-0.37109375,-0.4296875
11013,1.220703125,1.03515625,-0.29296875,-0.37109375
11014,1.181640625,1.162109375,-0.341796875,-0.37109375
11015,1.1328125,1.1328125,-0.361328125,-0.4296875
11016,1.142578125,1.162109375,-0.3125,-0.1953125
11017,1.240234375,1.11328125,-0.361328125,-0.400390625
11018,1.23046875,1.123046875,-0.1953125,-0.3515625
11019,1.15234375,0.947265625,-0.244140625,-0.44921875
11020,1.240234375,1.1328125,-0.224609375,-0.185546875
11021,1.26953125,1.25,-0.146484375,-0.37109375
11022,1.181640625,1.1328125,-0.234375,-0.3515625
11023,1.279296875,1.1328125,-0.185546875,-0.5078125
11024,1.19140625,1.005859375,-0.15625,-0.546875
11025,1.19140625,1.23046875,-0.205078125,-0.41015625
11026,1.11328125,1.025390625,-0.25390625,-0.5859375
11027,1.123046875,0.95703125,-0.205078125,-0.419921875
11028,1.19140625,1.171875,-0.107421875,-0.419921875
11029,1.1328125,1.1328125,-0.33203125,-0.44921875
11030,1.2109375,1.015625,-0.390625,-0.419921875
11031,1.15234375,1.044921875,-0.439453125,-0.41015625
11032,1.337890625,1.162109375,-0.25390625,-0.5078125
11033,1.142578125,1.2109375,-0.322265625,-0.537109375
11034,1.19140625,1.220703125,-0.302734375,-0.400390625
11035,1.083984375,1.15234375,-0.146484375,-0.41015625
11036,1.11328125,1.0546875,-0.341796875,-0.44921875
11037,1.142578125,1.19140625,-0.37109375,-0.341796875
11038,1.142578125,0.99609375,-0.224609375,-0.478515625
11039,1.11328125,1.220703125,-0.263671875,-0.380859375
11040,1.1328125,1.2109375,-0.205078125,-0.419921875
11041,1.015625,1.142578125,-0.224609375,-0.3125
11042,1.162109375,1.279296875,-0.25390625,-0.361328125
11043,1.11328125,1.181640625,-0.2734375,-0.341796875
11044,1.181640625,1.171875,-0.29296875,-0.439453125
11045,1.201171875,1.201171875,-0.322265625,-0.41015625
11046,1.1328125,1.181640625,-0.283203125,-0.2734375
11047,1.123046875,1.123046875,-0.2734375,-0.33203125
11048,1.162109375,1.083984375,-0.3515625,-0.4296875
11049,1.15234375,1.15234375,-0.29296875,-0.3125
11050,1.123046875,1.1328125,-0.224609375,-0.458984375
11051,1.162109375,1.083984375,-0.234375,-0.458984375
11052,1.181640625,0.849609375,-0.283203125,-0.517578125
11053,1.201171875,1.1328125,-0.29296875,-0.48828125
11054,1.23046875,1.1328125,-0.244140625,-0.44921875
11055,1.171875,1.1328125,-0.15625,-0.400390625
11056,1.083984375,1.123046875,-0.263671875,-0.41015625
11057,1.07421875,1.083984375,-0.3125,-0.458984375
11058,1.15234375,1.11328125,-0.2734375,-0.4296875
11059,1.11328125,1.1328125,-0.15625,-0.458984375
11060,1.19140625,0.966796875,-0.17578125,-0.4296875
11061,1.162109375,1.07421875,-0.400390625,-0.576171875
11062,1.171875,1.103515625,-0.283203125,-0.556640625
11063,0.947265625,1.123046875,-0.078125,-0.341796875
11064,1.162109375,1.015625,-0.087890625,-0.41015625
11065,1.083984375,0.95703125,-0.146484375,-0.6640625
11066,1.181640625,1.1328125,-0.126953125,-0.37109375
11067,1.171875,1.23046875,-0.1171875,-0.41015625
11068,1.11328125,1.162109375,-0.234375,-0.244140625
11069,1.2109375,1.162109375,-0.205078125,-0.419921875
11070,1.220703125,1.064453125,-0.263671875,-0.390625
11071,1.2109375,1.15234375,-0.13671875,-0.234375
11072,1.201171875,1.09375,-0.234375,-0.341796875
11073,1.23046875,1.03515625,-0.13671875,-0.361328125
11074,1.19140625,1.220703125,-0.21484375,-0.146484375
11075,1.23046875,1.19140625,-0.185546875,-0.37109375
11076,1.25,1.025390625,-0.185546875,-0.361328125
11077,1.23046875,1.103515625,-0.29296875,-0.322265625
11078,1.2109375,1.15234375,-0.146484375,-0.4296875
11079,1.201171875,0.908203125,-0.33203125,-0.41015625
11080,1.220703125,1.07421875,-0.283203125,-0.322265625
11081,1.318359375,1.07421875,-0.244140625,-0.517578125
11082,1.220703125,1.103515625,-0.2734375,-0.3515625
11083,1.201171875,1.09375,-0.263671875,-0.322265625
11084,1.1328125,1.162109375,-0.302734375,-0.37109375
11085,1.23046875,1.11328125,-0.21484375,-0.419921875
11086,1.2109375,1.09375,-0.302734375,-0.517578125
11087,1.298828125,1.15234375,-0.234375,-0.3125
11088,1.25,1.19140625,-0.15625,-0.390625
11089,1.220703125,1.171875,-0.21484375,-0.380859375
11090,1.1328125,1.0546875,-0.283203125,-0.341796875
11091,1.25,1.064453125,-0.078125,-0.37109375
11092,1.171875,1.142578125,-0.263671875,-0.4296875
11093,1.083984375,1.09375,-0.25390625,-0.60546875
11094,1.259765625,1.142578125,-0.29296875,-0.44921875
11095,1.19140625,1.083984375,-0.3125,-0.419921875
11096,1.181640625,1.1328125,-0.25390625,-0.517578125
11097,1.103515625,1.1328125,-0.17578125,-0.419921875
11098,1.220703125,1.103515625,-0.25390625,-0.380859375
11099,1.19140625,1.083984375,-0.21484375,-0.546875
11100,1.162109375,1.064453125,-0.322265625,-0.322265625
11101,1.181640625,0.859375,-0.234375,-0.322265625
11102,1.171875,1.103515625,-0.234375,-0.46875
11103,1.23046875,1.09375,-0.21484375,-0.380859375
11104,1.2109375,1.07421875,-0.107421875,-0.361328125
11105,1.11328125,1.1328125,-0.1953125,-0.5078125
11106,1.337890625,1.09375,-0.244140625,-0.3515625
11107,1.2109375,1.064453125,-0.244140625,-0.205078125
11108,1.220703125,1.142578125,-0.224609375,-0.2734375
11109,1.2890625,1.09375,-0.17578125,-0.283203125
11110,1.259765625,1.1328125,-0.244140625,-0.361328125
11111,1.279296875,1.07421875,-0.244140625,-0.29296875
11112,1.328125,1.171875,-0.1953125,-0.341796875
11113,1.240234375,0.947265625,-0.21484375,-0.3125
11114,1.171875,1.11328125,-0.234375,-0.21484375
11115,1.318359375,1.03515625,-0.21484375,-0.390625
11116,1.220703125,1.103515625,-0.234375,-0.29296875
11117,1.201171875,1.142578125,-0.2734375,-0.3515625
11118,1.09375,1.103515625,-0.13671875,-0.3515625
11119,1.15234375,1.064453125,-0.380859375,-0.341796875
11120,1.25,1.142578125,-0.21484375,-0.419921875
11121,1.201171875,1.142578125,-0.234375,-0.46875
11122,1.25,1.09375,-0.029296875,-0.41015625
11123,1.279296875,1.064453125,-0.224609375,-0.361328125
11124,1.2109375,1.19140625,-0.13671875,-0.3515625
11125,1.181640625,1.064453125,-0.2734375,-0.419921875
11126,1.23046875,1.11328125,-0.25390625,-0.4296875
11127,1.2890625,1.201171875,-0.234375,-0.380859375
11128,1.25,1.11328125,-0.3515625,-0.41015625
11129,1.220703125,1.103515625,-0.1953125,-0.3515625
11130,1.30859375,1.181640625,-0.21484375,-0.33203125
11131,1.23046875,1.19140625,-0.029296875,-0.283203125
11132,1.23046875,0.9375,-0.2734375,-0.419921875
11133,1.25,1.103515625,-0.263671875,-0.390625
11134,1.2109375,1.181640625,-0.068359375,-0.361328125
11135,1.2890625,1.1328125,-0.146484375,-0.322265625
11136,1.259765625,1.103515625,-0.2734375,-0.390625
11137,1.220703125,1.162109375,-0.15625,-0.390625
11138,1.26953125,1.11328125,-0.224609375,-0.419921875
11139,1.162109375,1.15234375,-0.224609375,-0.380859375
11140,1.240234375,0.927734375,-0.185546875,-0.439453125
11141,1.142578125,1.09375,-0.2734375,-0.439453125
11142,1.083984375,1.171875,-0.1953125,-0.390625
11143,1.30859375,1.123046875,-0.224609375,-0.341796875
11144,1.171875,1.220703125,-0.25390625,-0.244140625
11145,1.19140625,1.2109375,-0.25390625,-0.48828125
11146,1.09375,1.171875,-0.15625,-0.46875
11147,1.15234375,0.986328125,-0.185546875,-0.400390625
11148,1.181640625,1.123046875,-0.21484375,-0.3515625
11149,1.201171875,1.083984375,-0.166015625,-0.3515625
11150,1.26953125,1.2109375,-0.244140625,-0.44921875
11151,1.2890625,1.123046875,-0.234375,-0.302734375
11152,1.26953125,1.171875,-0.21484375,-0.2734375
11153,1.240234375,1.015625,-0.166015625,-0.263671875
11154,1.220703125,1.103515625,-0.29296875,-0.361328125
11155,1.220703125,1.123046875,-0.2734375,-0.283203125
11156,1.25,1.1328125,-0.146484375,-0.2734375
11157,1.328125,1.11328125,-0.244140625,-0.380859375
11158,1.298828125,1.11328125,-0.283203125,-0.37109375
11159,1.2109375,1.0546875,-0.25390625,-0.3125
11160,1.26953125,1.103515625,-0.244140625,-0.419921875
11161,1.19140625,1.07421875,-0.166015625,-0.46875
11162,1.201171875,1.123046875,-0.2734375,-0.400390625
11163,1.07421875,1.064453125,-0.17578125,-0.341796875
11164,1.171875,1.0546875,-0.21484375,-0.33203125
11165,1.2109375,1.15234375,-0.29296875,-0.3125
11166,1.181640625,1.123046875,-0.1953125,-0.37109375
11167,1.171875,1.259765625,-0.224609375,-0.3515625
11168,1.181640625,1.015625,-0.224609375,-0.3125
11169,1.0546875,1.1328125,-0.21484375,-0.3515625
11170,1.2109375,1.015625,-0.068359375,-0.37109375
11171,1.23046875,0.9765625,-0.244140625,-0.390625
11172,1.1328125,1.03515625,-0.15625,-0.439453125
11173,1.220703125,0.99609375,-0.1953125,-0.390625
11174,1.171875,1.044921875,-0.166015625,-0.2734375
11175,1.11328125,0.986328125,-0.21484375,-0.283203125
11176,1.15234375,1.1328125,-0.126953125,-0.322265625
11177,1.2109375,1.162109375,-0.283203125,-0.3515625
11178,1.240234375,1.064453125,-0.302734375,-0.33203125
11179,1.1328125,0.9375,-0.302734375,-0.322265625
11180,1.19140625,1.171875,-0.361328125,-0.33203125
11181,1.23046875,1.03515625,-0.244140625,-0.390625
11182,1.07421875,0.99609375,-0.380859375,-0.3515625
11183,1.201171875,1.07421875,-0.302734375,-0.419921875
11184,1.23046875,1.07421875,-0.2734375,-0.400390625
11185,1.171875,1.0546875,-0.361328125,-0.263671875
11186,1.19140625,0.99609375,-0.25390625,-0.380859375
11187,1.25,1.064453125,-0.263671875,-0.390625
11188,1.181640625,1.07421875,-0.25390625,-0.390625
11189,1.181640625,1.064453125,-0.3515625,-0.302734375
11190,1.220703125,1.09375,-0.25390625,-0.244140625
11191,1.376953125,1.123046875,-0.33203125,-0.17578125
11192,1.19140625,1.064453125,-0.166015625,-0.205078125
11193,1.201171875,1.083984375,-0.25390625,-0.29296875
11194,1.162109375,1.03515625,-0.3125,-0.3515625
11195,1.240234375,1.03515625,-0.224609375,-0.341796875
11196,1.142578125,1.07421875,-0.322265625,-0.185546875
11197,1.123046875,1.044921875,-0.185546875,-0.283203125
11198,1.279296875,1.162109375,-0.302734375,-0.263671875
11199,1.220703125,1.15234375,-0.322265625,-0.17578125
11200,1.15234375,1.07421875,-0.25390625,-0.224609375
11201,1.19140625,1.09375,-0.009765625,-0.29296875
11202,1.181640625,1.09375,-0.0390625,-0.234375
11203,1.162109375,1.07421875,-0.185546875,-0.1953125
11204,1.2890625,1.083984375,-0.29296875,-0.244140625
11205,1.23046875,1.005859375,-0.166015625,-0.33203125
11206,1.201171875,0.986328125,-0.263671875,-0.205078125
11207,1.34765625,0.83984375,-0.1953125,-0.3125
11208,1.240234375,1.083984375,-0.25390625,-0.2734375
11209,1.2109375,1.044921875,-0.2734375,-0.37109375
11210,1.220703125,0.9765625,-0.224609375,-0.29296875
11211,1.201171875,1.07421875,-0.25390625,-0.37109375
11212,1.318359375,1.142578125,-0.087890625,-0.439453125
11213,1.2109375,1.23046875,-0.37109375,-0.322265625
11214,1.220703125,1.044921875,-0.13671875,-0.380859375
11215,1.25,1.005859375,-0.15625,-0.33203125
11216,1.328125,1.044921875,-0.263671875,-0.3125
11217,1.220703125,1.181640625,-0.302734375,-0.25390625
11218,1.23046875,1.103515625,-0.3125,-0.263671875
11219,1.201171875,1.044921875,-0.263671875,-0.263671875
11220,1.201171875,1.005859375,-0.146484375,-0.2734375
11221,1.201171875,1.064453125,-0.3125,-0.25390625
11222,1.1328125,1.19140625,-0.224609375,-0.2734375
11223,1.162109375,1.15234375,-0.234375,-0.25390625
11224,1.11328125,1.044921875,-0.244140625,-0.17578125
11225,1.181640625,1.15234375,-0.234375,-0.33203125
11226,1.201171875,1.123046875,-0.146484375,-0.29296875
11227,1.123046875,1.07421875,-0.283203125,-0.33203125
11228,1.220703125,0.99609375,-0.29296875,-0.234375
11229,1.201171875,1.015625,-0.126953125,-0.322265625
11230,1.2890625,1.025390625,-0.263671875,-0.29296875
11231,1.23046875,1.181640625,-0.2734375,-0.283203125
11232,1.201171875,1.11328125,-0.1953125,-0.1953125
11233,1.23046875,1.103515625,-0.263671875,-0.361328125
11234,1.19140625,1.103515625,-0.25390625,-0.283203125
11235,1.181640625,1.09375,-0.263671875,-0.2734375
11236,1.15234375,1.09375,-0.263671875,-0.2734375
11237,1.2109375,1.083984375,-0.25390625,-0.3125
11238,1.19140625,1.083984375,-0.068359375,-0.283203125
11239,1.2109375,1.025390625,-0.244140625,-0.37109375
11240,1.26953125,1.142578125,-0.185546875,-0.263671875
11241,1.2109375,1.09375,-0.166015625,-0.3125
11242,1.220703125,1.103515625,-0.21484375,-0.166015625
11243,1.201171875,1.142578125,-0.439453125,-0.2734375
11244,1.181640625,1.083984375,-0.263671875,-0.244140625
11245,1.11328125,1.064453125,-0.41015625,-0.05859375
11246,1.162109375,1.0546875,-0.458984375,-0.458984375
11247,1.201171875,1.123046875,-0.224609375,-0.21484375
11248,1.2109375,1.09375,-0.439453125,-0.185546875
11249,1.162109375,1.03515625,-0.322265625,-0.25390625
11250,1.19140625,1.09375,-0.537109375,-0.224609375
11251,1.23046875,0.9765625,-0.400390625,-0.0390625
11252,1.171875,1.044921875,-0.4296875,-0.21484375
11253,1.19140625,1.298828125,-0.37109375,-0.205078125
11254,1.259765625,1.044921875,-0.439453125,-0.244140625
11255,1.201171875,1.11328125,-0.439453125,-0.33203125
11256,1.220703125,1.0546875,-0.380859375,-0.302734375
11257,1.103515625,1.083984375,-0.37109375,-0.15625
11258,1.279296875,1.083984375,-0.3515625,-0.234375
11259,1.15234375,1.162109375,-0.33203125,-0.263671875
11260,1.19140625,1.123046875,-0.390625,-0.21484375
11261,1.259765625,1.07421875,-0.3125,-0.3125
11262,1.2109375,1.083984375,-0.25390625,-0.37109375
11263,1.171875,1.07421875,-0.419921875,-0.400390625
11264,1.025390625,1.103515625,-0.390625,-0.126953125
11265,1.005859375,1.044921875,-0.302734375,-0.29296875
11266,1.19140625,1.11328125,-0.37109375,-0.341796875
11267,1.2890625,1.064453125,-0.322265625,-0.263671875
11268,1.103515625,0.8984375,-0.244140625,-0.341796875
11269,1.15234375,1.240234375,-0.3515625,-0.25390625
11270,1.162109375,1.1328125,-0.3125,-0.283203125
11271,1.19140625,1.1328125,-0.33203125,-0.2734375
11272,1.19140625,1.015625,-0.341796875,-0.25390625
11273,1.142578125,1.162109375,-0.3515625,-0.1171875
11274,1.171875,1.15234375,-0.3125,-0.263671875
11275,1.171875,1.025390625,-0.263671875,-0.234375
11276,1.38671875,1.11328125,-0.33203125,-0.263671875
11277,1.2109375,1.15234375,-0.3515625,-0.185546875
11278,1.220703125,1.11328125,-0.29296875,-0.234375
11279,1.259765625,1.1328125,-0.361328125,-0.21484375
11280,1.19140625,1.015625,-0.4296875,-0.29296875
11281,1.162109375,1.025390625,-0.37109375,-0.263671875
11282,1.15234375,1.09375,-0.3515625,-0.17578125
11283,1.181640625,1.11328125,-0.3515625,-0.33203125
11284,1.171875,1.171875,-0.2734375,-0.29296875
11285,1.123046875,1.1328125,-0.283203125,-0.4296875
11286,1.23046875,1.09375,-0.33203125,-0.302734375
11287,1.2109375,1.103515625,-0.234375,-0.29296875
11288,1.220703125,1.11328125,-0.234375,-0.1953125
11289,1.083984375,1.103515625,-0.283203125,-0.244140625
11290,1.25,1.11328125,-0.234375,-0.33203125
11291,1.2109375,1.142578125,-0.29296875,-0.263671875
11292,1.259765625,1.162109375,-0.25390625,-0.263671875
11293,1.220703125,1.09375,-0.361328125,-0.33203125
11294,1.171875,1.083984375,-0.2734375,-0.29296875
11295,1.279296875,1.015625,-0.166015625,-0.25390625
11296,1.25,1.181640625,-0.166015625,-0.283203125
11297,1.142578125,1.123046875,-0.361328125,-0.15625
11298,1.26953125,1.171875,-0.15625,-0.283203125
11299,1.298828125,1.123046875,-0.3515625,-0.244140625
11300,1.2890625,1.123046875,-0.390625,-0.224609375
11301,1.181640625,1.123046875,-0.419921875,-0.244140625
11302,1.220703125,1.162109375,-0.322265625,-0.283203125
11303,1.279296875,1.15234375,-0.29296875,-0.205078125
11304,1.42578125,1.03515625,-0.2734375,-0.44921875
11305,1.201171875,1.171875,-0.341796875,-0.21484375
11306,1.3671875,1.07421875,-0.390625,-0.244140625
11307,1.201171875,1.171875,-0.458984375,-0.205078125
11308,1.240234375,1.123046875,-0.29296875,-0.244140625
11309,1.26953125,1.15234375,-0.3515625,-0.29296875
11310,1.19140625,1.123046875,-0.341796875,-0.283203125
11311,1.171875,1.181640625,-0.46875,-0.25390625
11312,1.26953125,1.0546875,-0.37109375,-0.224609375
11313,1.2890625,1.142578125,-0.37109375,-0.244140625
11314,1.259765625,1.181640625,-0.41015625,-0.234375
11315,1.23046875,1.240234375,-0.263671875,-0.322265625
11316,1.318359375,1.123046875,-0.380859375,-0.37109375
11317,1.25,1.103515625,-0.341796875,-0.25390625
11318,1.240234375,1.123046875,-0.3125,-0.322265625
11319,1.171875,1.123046875,-0.2734375,-0.5078125
11320,1.181640625,1.19140625,-0.44921875,-0.283203125
11321,1.220703125,1.09375,-0.29296875,-0.3515625
11322,1.07421875,1.2109375,-0.341796875,-0.224609375
11323,1.26953125,1.123046875,-0.224609375,-0.322265625
11324,1.201171875,1.15234375,-0.3125,-0.302734375
11325,1.181640625,1.171875,-0.302734375,-0.390625
11326,1.240234375,1.201171875,-0.17578125,-0.263671875
11327,1.181640625,1.1328125,-0.44921875,-0.205078125
11328,1.142578125,1.123046875,-0.33203125,-0.380859375
11329,1.15234375,1.171875,-0.37109375,-0.25390625
11330,1.15234375,1.240234375,-0.25390625,-0.048828125
11331,1.201171875,1.123046875,-0.302734375,-0.224609375
11332,1.220703125,1.2109375,-0.37109375,-0.29296875
11333,1.298828125,1.3671875,-0.400390625,-0.244140625
11334,1.201171875,1.142578125,-0.1953125,-0.234375
11335,1.2109375,1.23046875,-0.29296875,-0.25390625
11336,1.23046875,1.1328125,-0.41015625,-0.283203125
11337,1.3671875,1.23046875,-0.3125,-0.33203125
11338,1.357421875,1.1328125,-0.380859375,-0.3125
11339,1.34765625,1.318359375,-0.244140625,-0.322265625
11340,1.220703125,1.103515625,-0.33203125,-0.3125
11341,1.103515625,0.99609375,-0.234375,-0.3125
11342,1.25,1.11328125,-0.3125,-0.29296875
11343,1.26953125,1.103515625,-0.302734375,-0.283203125
11344,1.162109375,1.1328125,-0.41015625,-0.302734375
11345,1.181640625,1.09375,-0.302734375,-0.341796875
11346,1.201171875,1.1328125,-0.25390625,-0.234375
11347,1.220703125,1.025390625,-0.33203125,-0.3515625
11348,1.162109375,1.11328125,-0.302734375,-0.341796875
11349,1.123046875,1.07421875,-0.263671875,-0.25390625
11350,1.2109375,1.142578125,-0.3515625,-0.283203125
11351,1.240234375,1.201171875,-0.3125,-0.263671875
11352,1.220703125,1.25,-0.283203125,-0.302734375
11353,1.23046875,1.171875,-0.3125,-0.3515625
11354,1.220703125,1.162109375,-0.322265625,-0.283203125
11355,1.25,1.162109375,-0.33203125,-0.380859375
11356,1.103515625,1.11328125,-0.380859375,-0.3515625
11357,1.2109375,1.171875,-0.3515625,-0.400390625
11358,1.26953125,1.171875,-0.33203125,-0.263671875
11359,1.357421875,1.162109375,-0.21484375,-0.29296875
11360,1.23046875,0.908203125,-0.224609375,-0.3515625
11361,1.181640625,1.123046875,-0.341796875,-0.302734375
11362,1.23046875,1.201171875,-0.3125,-0.2734375
11363,1.15234375,1.064453125,-0.224609375,-0.322265625
11364,1.220703125,1.30859375,-0.283203125,-0.46875
11365,1.09375,1.015625,-0.29296875,-0.302734375
11366,1.07421875,1.435546875,-0.146484375,-0.380859375
11367,1.1328125,1.11328125,-0.25390625,-0.3125
11368,1.181640625,1.09375,-0.3125,-0.263671875
11369,1.171875,1.0546875,-0.234375,-0.244140625
11370,1.09375,1.259765625,-0.361328125,-0.205078125
11371,1.103515625,1.162109375,-0.44921875,-0.380859375
11372,1.220703125,1.044921875,-0.3515625,-0.478515625
11373,1.19140625,1.396484375,-0.37109375,-0.419921875
11374,1.201171875,1.11328125,-0.29296875,-0.37109375
11375,1.162109375,1.07421875,-0.419921875,-0.419921875
11376,1.1328125,1.23046875,-0.1953125,-0.361328125
11377,1.1328125,1.11328125,-0.33203125,-0.37109375
11378,1.1328125,1.201171875,-0.3125,-0.380859375
11379,1.201171875,1.1328125,-0.33203125,-0.263671875
11380,1.2109375,1.142578125,-0.29296875,-0.244140625
11381,1.201171875,1.162109375,-0.419921875,-0.341796875
11382,1.1328125,1.09375,-0.185546875,-0.52734375
11383,1.11328125,1.201171875,-0.224609375,-0.498046875
11384,1.19140625,1.34765625,-0.1953125,-0.380859375
11385,1.123046875,1.09375,-0.244140625,-0.419921875
11386,1.162109375,1.162109375,-0.283203125,-0.37109375
11387,1.123046875,1.2109375,-0.302734375,-0.380859375
11388,1.201171875,1.181640625,-0.17578125,-0.322265625
11389,1.2890625,1.19140625,-0.244140625,-0.3125
11390,1.19140625,1.376953125,-0.087890625,-0.390625
11391,1.2109375,0.99609375,-0.29296875,-0.33203125
11392,1.279296875,1.201171875,-0.244140625,-0.44921875
11393,1.162109375,1.123046875,-0.29296875,-0.390625
11394,1.19140625,1.142578125,-0.224609375,-0.3515625
11395,1.337890625,1.162109375,-0.361328125,-0.419921875
11396,1.181640625,1.171875,-0.48828125,-0.3125
11397,1.181640625,1.0546875,-0.341796875,-0.283203125
11398,1.2109375,1.162109375,-0.33203125,-0.322265625
11399,1.2109375,1.103515625,-0.3125,-0.361328125
11400,1.23046875,1.142578125,-0.29296875,-0.4296875
11401,1.09375,1.181640625,-0.25390625,-0.3125
11402,1.25,1.15234375,-0.419921875,-0.478515625
11403,1.19140625,1.083984375,-0.46875,-0.37109375
11404,1.15234375,1.2109375,-0.3125,-0.44921875
11405,1.220703125,1.123046875,-0.37109375,-0.361328125
11406,1.23046875,1.171875,-0.263671875,-0.37109375
11407,1.142578125,1.171875,-0.341796875,-0.419921875
11408,1.2109375,1.15234375,-0.390625,-0.400390625
11409,1.19140625,1.220703125,-0.244140625,-0.37109375
11410,1.201171875,1.201171875,-0.302734375,-0.3515625
11411,1.220703125,1.318359375,-0.37109375,-0.341796875
11412,1.19140625,1.19140625,-0.17578125,-0.390625
11413,1.240234375,1.220703125,-0.29296875,-0.390625
11414,1.103515625,1.220703125,-0.341796875,-0.361328125
11415,1.15234375,1.240234375,-0.263671875,-0.37109375
11416,1.15234375,1.2109375,-0.302734375,-0.3515625
11417,1.083984375,1.142578125,-0.33203125,-0.41015625
11418,1.1328125,1.416015625,-0.1171875,-0.37109375
11419,1.25,1.2109375,-0.283203125,-0.244140625
11420,1.123046875,1.2109375,-0.25390625,-0.400390625
11421,1.162109375,1.220703125,-0.234375,-0.283203125
11422,1.142578125,1.259765625,-0.29296875,-0.390625
11423,1.201171875,1.2109375,-0.33203125,-0.380859375
11424,1.220703125,1.15234375,-0.400390625,-0.41015625
11425,1.201171875,1.181640625,-0.29296875,-0.419921875
11426,1.142578125,1.09375,-0.29296875,-0.302734375
11427,1.142578125,1.15234375,-0.400390625,-0.439453125
11428,1.2109375,1.044921875,-0.263671875,-0.244140625
11429,1.09375,1.181640625,-0.302734375,-0.390625
11430,1.15234375,1.181640625,-0.37109375,-0.3515625
11431,1.1328125,1.15234375,-0.3515625,-0.4296875
11432,1.005859375,1.162109375,-0.29296875,-0.361328125
11433,1.15234375,1.142578125,-0.458984375,-0.3515625
11434,1.142578125,1.2109375,-0.283203125,-0.21484375
11435,1.09375,1.220703125,-0.25390625,-0.458984375
11436,1.083984375,1.201171875,-0.302734375,-0.400390625
11437,1.15234375,1.162109375,-0.263671875,-0.322265625
11438,1.015625,1.142578125,-0.263671875,-0.341796875
11439,1.025390625,1.23046875,-0.361328125,-0.322265625
11440,1.1328125,1.259765625,-0.283203125,-0.224609375
11441,1.142578125,1.15234375,-0.380859375,-0.4296875
11442,1.25,1.23046875,-0.302734375,-0.44921875
11443,1.11328125,1.162109375,-0.2734375,-0.29296875
11444,1.2109375,1.142578125,-0.3125,-0.46875
11445,1.11328125,1.23046875,-0.15625,-0.380859375
11446,1.005859375,1.26953125,-0.263671875,-0.3125
11447,1.11328125,1.1328125,-0.3515625,-0.44921875
11448,1.25,1.0546875,-0.283203125,-0.390625
11449,1.142578125,1.1328125,-0.302734375,-0.361328125
11450,1.162109375,1.064453125,-0.322265625,-0.341796875
11451,1.123046875,0.99609375,-0.3125,-0.390625
11452,1.220703125,1.09375,-0.3515625,-0.322265625
11453,1.26953125,1.142578125,-0.3515625,-0.46875
11454,1.162109375,1.103515625,-0.380859375,-0.439453125
11455,1.1328125,1.103515625,-0.21484375,-0.4296875
11456,1.1328125,1.15234375,-0.146484375,-0.439453125
11457,1.15234375,1.03515625,-0.263671875,-0.458984375
11458,1.123046875,1.240234375,-0.302734375,-0.390625
11459,1.142578125,1.103515625,-0.185546875,-0.3125
11460,1.171875,1.142578125,-0.322265625,-0.439453125
11461,1.07421875,1.03515625,-0.185546875,-0.4296875
11462,1.1328125,1.1328125,-0.283203125,-0.52734375
11463,1.19140625,1.11328125,-0.361328125,-0.439453125
11464,1.142578125,1.318359375,-0.322265625,-0.44921875
11465,1.201171875,1.162109375,-0.234375,-0.400390625
11466,1.2109375,1.25,-0.361328125,-0.4296875
11467,1.15234375,1.318359375,-0.17578125,-0.400390625
11468,1.015625,1.15234375,-0.29296875,-0.400390625
11469,1.103515625,1.171875,-0.205078125,-0.380859375
11470,1.103515625,1.083984375,-0.263671875,-0.322265625
11471,1.15234375,1.142578125,-0.2734375,-0.302734375
11472,1.025390625,1.123046875,-0.302734375,-0.37109375
11473,1.123046875,1.240234375,-0.283203125,-0.4296875
11474,1.025390625,1.11328125,-0.29296875,-0.33203125
11475,1.19140625,1.171875,-0.3515625,-0.390625
11476,1.15234375,1.07421875,-0.224609375,-0.3125
11477,1.171875,1.103515625,-0.380859375,-0.3515625
11478,1.1328125,1.0546875,-0.2734375,-0.380859375
11479,1.162109375,1.0546875,-0.3125,-0.361328125
11480,1.181640625,1.083984375,-0.302734375,-0.44921875
11481,1.11328125,1.083984375,-0.390625,-0.419921875
11482,1.15234375,1.15234375,-0.29296875,-0.3515625
11483,1.09375,1.09375,-0.283203125,-0.2734375
11484,1.1328125,1.07421875,-0.2734375,-0.3515625
11485,1.171875,1.123046875,-0.17578125,-0.4296875
11486,1.142578125,1.103515625,-0.17578125,-0.380859375
11487,1.171875,1.0546875,-0.234375,-0.478515625
11488,1.123046875,1.171875,-0.283203125,-0.46875
11489,1.201171875,1.11328125,-0.224609375,-0.400390625
11490,1.11328125,1.19140625,-0.205078125,-0.458984375
11491,1.1328125,1.142578125,-0.302734375,-0.400390625
11492,1.103515625,1.1328125,-0.2734375,-0.400390625
11493,1.171875,1.123046875,-0.33203125,-0.439453125
11494,1.240234375,1.15234375,-0.244140625,-0.537109375
11495,1.07421875,1.15234375,-0.302734375,-0.380859375
11496,1.0546875,1.11328125,-0.25390625,-0.517578125
11497,1.123046875,1.162109375,-0.361328125,-0.439453125
11498,1.15234375,1.19140625,-0.322265625,-0.380859375
11499,1.34765625,1.15234375,-0.302734375,-0.458984375
11500,1.23046875,1.171875,-0.15625,-0.380859375
11501,1.25,1.07421875,-0.17578125,-0.390625
11502,1.26953125,1.15234375,-0.283203125,-0.419921875
11503,1.19140625,1.25,-0.263671875,-0.400390625
11504,1.19140625,1.220703125,-0.224609375,-0.3515625
11505,1.181640625,1.064453125,-0.244140625,-0.52734375
11506,1.142578125,1.015625,-0.322265625,-0.419921875
11507,1.201171875,1.064453125,-0.322265625,-0.390625
11508,1.259765625,1.103515625,-0.25390625,-0.400390625
11509,1.240234375,1.064453125,-0.37109375,-0.439453125
11510,1.2109375,0.966796875,-0.263671875,-0.41015625
11511,1.171875,1.09375,-0.234375,-0.400390625
11512,1.181640625,0.9375,-0.2734375,-0.33203125
11513,1.2109375,1.015625,-0.25390625,-0.33203125
11514,1.2109375,1.103515625,-0.263671875,-0.44921875
11515,1.171875,1.11328125,-0.322265625,-0.341796875
11516,1.1328125,1.025390625,-0.224609375,-0.41015625
11517,1.162109375,1.064453125,-0.29296875,-0.419921875
11518,1.201171875,1.03515625,-0.322265625,-0.341796875
11519,1.171875,1.162109375,-0.234375,-0.3515625
11520,1.083984375,1.103515625,-0.263671875,-0.263671875
11521,1.2109375,1.09375,-0.283203125,-0.400390625
11522,1.171875,1.240234375,-0.25390625,-0.478515625
11523,1.2109375,1.142578125,-0.224609375,-0.361328125
11524,1.201171875,1.03515625,-0.302734375,-0.48828125
11525,1.2109375,1.240234375,-0.205078125,-0.4296875
11526,1.181640625,1.03515625,-0.234375,-0.17578125
11527,1.142578125,1.103515625,-0.21484375,-0.400390625
11528,1.15234375,1.162109375,-0.1953125,-0.400390625
11529,1.15234375,1.1328125,-0.234375,-0.29296875
11530,1.181640625,1.103515625,-0.283203125,-0.380859375
11531,1.201171875,1.298828125,-0.2734375,-0.390625
11532,1.201171875,1.162109375,-0.263671875,-0.29296875
11533,1.259765625,1.103515625,-0.361328125,-0.390625
11534,1.181640625,1.11328125,-0.3125,-0.341796875
11535,1.09375,1.103515625,-0.126953125,-0.390625
11536,1.025390625,1.181640625,-0.3125,-0.33203125
11537,1.240234375,1.0546875,-0.126953125,-0.41015625
11538,1.2109375,1.11328125,-0.244140625,-0.3515625
11539,1.103515625,1.11328125,-0.224609375,-0.302734375
11540,1.1328125,1.103515625,-0.224609375,-0.390625
11541,1.240234375,1.103515625,-0.29296875,-0.37109375
11542,1.25,1.11328125,-0.21484375,-0.33203125
11543,1.220703125,1.1328125,-0.234375,-0.205078125
11544,1.25,1.123046875,-0.244140625,-0.3515625
11545,1.103515625,1.181640625,-0.263671875,-0.380859375
11546,1.162109375,1.07421875,-0.234375,-0.33203125
11547,1.26953125,1.123046875,-0.263671875,-0.44921875
11548,1.2890625,1.259765625,-0.126953125,-0.341796875
11549,1.201171875,1.123046875,-0.380859375,-0.25390625
11550,1.19140625,1.15234375,-0.25390625,-0.400390625
11551,1.25,1.103515625,-0.244140625,-0.3515625
11552,1.259765625,1.11328125,-0.205078125,-0.2734375
11553,1.181640625,1.1328125,-0.25390625,-0.37109375
11554,1.123046875,1.19140625,-0.234375,-0.33203125
11555,1.337890625,1.171875,-0.234375,-0.41015625
11556,1.318359375,1.162109375,-0.205078125,-0.234375
11557,1.328125,1.162109375,-0.283203125,-0.25390625
11558,1.201171875,1.259765625,-0.21484375,-0.302734375
11559,1.26953125,1.15234375,-0.322265625,-0.2734375
11560,1.318359375,1.15234375,-0.263671875,-0.283203125
11561,1.220703125,1.240234375,-0.224609375,-0.380859375
11562,1.162109375,1.2109375,-0.205078125,-0.283203125
11563,1.279296875,1.15234375,-0.244140625,-0.576171875
11564,1.279296875,1.240234375,-0.078125,-0.37109375
11565,1.19140625,1.240234375,-0.21484375,-0.3515625
11566,1.474609375,1.11328125,-0.224609375,-0.44921875
11567,1.42578125,1.0546875,-0.302734375,-0.37109375
11568,1.279296875,1.11328125,-0.146484375,-0.556640625
11569,1.279296875,1.123046875,-0.224609375,-0.37109375
11570,1.15234375,1.15234375,-0.33203125,-0.390625
11571,1.201171875,1.142578125,-0.224609375,-0.576171875
11572,1.201171875,1.181640625,-0.283203125,-0.33203125
11573,1.25,1.005859375,-0.21484375,-0.37109375
11574,1.171875,1.142578125,-0.185546875,-0.400390625
11575,1.259765625,1.15234375,-0.244140625,-0.48828125
11576,1.23046875,1.298828125,-0.244140625,-0.400390625
11577,1.181640625,0.966796875,-0.126953125,-0.322265625
11578,1.298828125,1.103515625,-0.21484375,-0.390625
11579,1.171875,1.09375,-0.244140625,-0.234375
11580,1.19140625,1.03515625,-0.146484375,-0.33203125
11581,1.171875,1.2109375,-0.2734375,-0.2734375
11582,1.2890625,1.220703125,-0.1953125,-0.3125
11583,1.25,1.11328125,-0.126953125,-0.146484375
11584,1.25,1.15234375,-0.25390625,-0.205078125
11585,1.181640625,1.171875,-0.185546875,-0.322265625
11586,1.201171875,1.083984375,-0.09765625,-0.29296875
11587,1.279296875,1.162109375,-0.15625,-0.224609375
11588,1.171875,1.044921875,-0.244140625,-0.322265625
11589,1.240234375,0.966796875,-0.1953125,-0.322265625
11590,1.279296875,1.09375,-0.205078125,-0.322265625
11591,1.26953125,1.181640625,-0.234375,-0.263671875
11592,1.23046875,1.240234375,-0.17578125,-0.224609375
11593,1.15234375,1.1328125,-0.205078125,-0.263671875
11594,1.15234375,1.171875,-0.17578125,-0.380859375
11595,1.201171875,1.11328125,-0.33203125,-0.4296875
11596,1.142578125,1.09375,-0.29296875,-0.439453125
11597,1.2109375,1.123046875,-0.185546875,-0.37109375
11598,1.2109375,1.1328125,-0.25390625,-0.3515625
11599,1.07421875,1.103515625,-0.185546875,-0.302734375
11600,1.09375,1.103515625,-0.21484375,-0.322265625
11601,1.181640625,1.103515625,-0.234375,-0.283203125
11602,1.19140625,1.09375,-0.205078125,-0.380859375
11603,1.19140625,1.083984375,-0.205078125,-0.361328125
11604,1.240234375,0.95703125,-0.3515625,-0.419921875
11605,1.162109375,1.162109375,-0.263671875,-0.537109375
11606,1.2109375,1.09375,-0.107421875,-0.3515625
11607,1.19140625,1.162109375,-0.185546875,-0.419921875
11608,1.30859375,1.1328125,-0.3125,-0.283203125
11609,1.240234375,1.123046875,-0.263671875,-0.302734375
11610,1.19140625,1.09375,-0.234375,-0.2734375
11611,1.1328125,1.03515625,-0.263671875,-0.1953125
11612,1.1328125,1.0546875,-0.146484375,-0.380859375
11613,1.171875,1.03515625,-0.068359375,-0.2734375
11614,1.162109375,1.07421875,-0.244140625,-0.185546875
11615,1.103515625,1.09375,-0.17578125,-0.380859375
11616,1.162109375,1.07421875,-0.185546875,-0.41015625
11617,1.123046875,1.005859375,-0.263671875,-0.37109375
11618,1.15234375,1.103515625,-0.263671875,-0.126953125
11619,1.201171875,1.15234375,-0.3515625,-0.322265625
11620,1.19140625,1.07421875,-0.234375,-0.322265625
11621,1.240234375,1.083984375,-0.25390625,-0.224609375
11622,1.15234375,1.11328125,-0.33203125,-0.283203125
11623,1.19140625,1.220703125,-0.3515625,-0.29296875
11624,1.162109375,1.09375,-0.205078125,-0.3515625
11625,1.123046875,0.9765625,-0.29296875,-0.302734375
11626,1.083984375,1.162109375,-0.2734375,-0.37109375
11627,1.162109375,1.03515625,-0.302734375,-0.15625
11628,1.123046875,1.162109375,-0.390625,-0.205078125
11629,1.15234375,1.19140625,-0.29296875,-0.234375
11630,0.966796875,1.11328125,-0.302734375,-0.44921875
11631,1.103515625,0.908203125,-0.439453125,-0.234375
11632,1.162109375,1.2109375,-0.126953125,-0.322265625
11633,1.09375,1.03515625,-0.29296875,-0.46875
11634,1.142578125,1.044921875,-0.263671875,-0.2734375
11635,1.15234375,1.044921875,-0.263671875,-0.37109375
11636,1.025390625,1.0546875,-0.234375,-0.1953125
11637,1.03515625,1.064453125,-0.17578125,-0.283203125
11638,1.19140625,1.103515625,-0.1953125,-0.400390625
11639,1.259765625,1.07421875,-0.205078125,-0.244140625
11640,1.25,1.005859375,-0.13671875,-0.302734375
11641,1.171875,1.181640625,-0.15625,-0.302734375
11642,1.1328125,1.0546875,-0.263671875,-0.244140625
11643,1.23046875,0.947265625,-0.107421875,-0.283203125
11644,1.259765625,1.123046875,-0.263671875,-0.166015625
11645,1.30859375,1.11328125,-0.263671875,-0.224609375
11646,1.142578125,1.044921875,-0.234375,-0.302734375
11647,1.201171875,1.09375,-0.2734375,-0.263671875
11648,1.25,1.123046875,-0.2734375,-0.341796875
11649,1.3671875,1.005859375,-0.3125,-0.302734375
11650,1.220703125,0.986328125,-0.3125,-0.322265625
11651,1.23046875,1.1328125,-0.29296875,-0.322265625
11652,1.376953125,1.064453125,-0.234375,-0.283203125
11653,1.23046875,1.123046875,-0.244140625,-0.322265625
11654,1.2890625,1.142578125,-0.263671875,-0.322265625
11655,1.23046875,1.044921875,-0.29296875,-0.322265625
11656,1.19140625,1.064453125,-0.185546875,-0.29296875
11657,1.337890625,1.123046875,-0.322265625,-0.234375
11658,1.19140625,1.0546875,-0.17578125,-0.2734375
11659,1.171875,1.25,-0.234375,-0.302734375
11660,1.19140625,1.103515625,-0.224609375,-0.17578125
11661,1.15234375,1.123046875,-0.37109375,-0.25390625
11662,1.181640625,1.015625,-0.322265625,-0.25390625
11663,1.2109375,1.09375,-0.263671875,-0.234375
11664,1.376953125,1.03515625,-0.283203125,-0.15625
11665,1.220703125,1.2109375,-0.048828125,-0.244140625
11666,1.23046875,1.123046875,-0.2734375,-0.244140625
11667,1.201171875,1.15234375,-0.33203125,-0.29296875
11668,1.123046875,1.09375,-0.25390625,-0.341796875
11669,1.201171875,1.201171875,-0.283203125,-0.283203125
11670,1.181640625,1.09375,-0.13671875,-0.29296875
11671,1.181640625,1.044921875,-0.3515625,-0.244140625
11672,1.240234375,1.07421875,-0.341796875,-0.3125
11673,1.240234375,1.064453125,-0.33203125,-0.146484375
11674,1.15234375,1.044921875,-0.234375,-0.234375
11675,1.25,1.11328125,-0.3515625,-0.380859375
11676,1.220703125,1.083984375,-0.341796875,-0.322265625
11677,1.298828125,1.09375,-0.380859375,-0.33203125
11678,1.19140625,1.064453125,-0.41015625,-0.322265625
11679,1.201171875,1.103515625,-0.37109375,-0.146484375
11680,1.15234375,1.09375,-0.302734375,-0.283203125
11681,1.171875,1.083984375,-0.341796875,-0.2734375
11682,1.123046875,1.07421875,-0.419921875,-0.234375
11683,1.2890625,1.083984375,-0.537109375,-0.234375
11684,1.23046875,1.11328125,-0.263671875,-0.2734375
11685,1.1328125,1.11328125,-0.322265625,-0.15625
11686,1.201171875,1.044921875,-0.439453125,-0.244140625
11687,1.19140625,1.162109375,-0.37109375,-0.3125
11688,1.07421875,1.083984375,-0.244140625,-0.13671875
11689,1.162109375,0.908203125,-0.322265625,-0.283203125
11690,1.220703125,1.181640625,-0.322265625,-0.17578125
11691,1.142578125,1.09375,-0.33203125,-0.205078125
11692,1.279296875,1.123046875,-0.29296875,-0.263671875
11693,1.201171875,1.123046875,-0.361328125,-0.224609375
11694,1.103515625,1.142578125,-0.302734375,-0.37109375
11695,1.19140625,1.0546875,-0.419921875,-0.234375
11696,1.15234375,1.083984375,-0.13671875,-0.2734375
11697,1.123046875,1.123046875,-0.29296875,-0.1953125
11698,1.1328125,1.0546875,-0.263671875,-0.2734375
11699,1.142578125,1.0546875,-0.46875,-0.283203125
11700,1.123046875,1.142578125,-0.3515625,-0.21484375
11701,1.240234375,1.15234375,-0.400390625,-0.2734375
11702,1.1328125,1.064453125,-0.3125,-0.1953125
11703,1.181640625,1.09375,-0.322265625,-0.322265625
11704,1.2890625,1.03515625,-0.302734375,-0.244140625
11705,1.240234375,1.103515625,-0.21484375,-0.244140625
11706,1.201171875,1.11328125,-0.263671875,-0.3125
11707,1.23046875,1.123046875,-0.322265625,-0.29296875
11708,1.09375,1.1328125,-0.205078125,-0.263671875
11709,1.298828125,1.07421875,-0.41015625,-0.29296875
11710,1.142578125,1.025390625,-0.283203125,-0.29296875
11711,1.181640625,1.142578125,-0.302734375,-0.37109375
11712,1.2890625,1.064453125,-0.33203125,-0.546875
11713,1.2109375,1.09375,-0.33203125,-0.283203125
11714,1.1328125,1.044921875,-0.234375,-0.2734375
11715,1.142578125,1.064453125,-0.244140625,-0.2734375
11716,1.171875,1.07421875,-0.361328125,-0.2734375
11717,1.19140625,0.99609375,-0.25390625,-0.1171875
11718,1.19140625,1.044921875,-0.283203125,-0.263671875
11719,1.25,1.09375,-0.302734375,-0.283203125
11720,1.220703125,1.09375,-0.244140625,-0.234375
11721,1.19140625,1.103515625,-0.263671875,-0.41015625
11722,1.240234375,1.083984375,-0.1953125,-0.244140625
11723,1.298828125,1.07421875,-0.244140625,-0.37109375
11724,1.328125,1.103515625,-0.302734375,-0.15625
11725,1.201171875,1.064453125,-0.2734375,-0.1953125
11726,1.240234375,1.19140625,-0.302734375,-0.29296875
11727,1.240234375,1.11328125,-0.185546875,-0.13671875
11728,1.2890625,1.142578125,-0.439453125,-0.244140625
11729,1.2109375,1.1328125,-0.302734375,-0.1953125
11730,1.240234375,1.03515625,-0.322265625,-0.205078125
11731,1.318359375,1.25,-0.322265625,-0.17578125
11732,1.201171875,1.083984375,-0.380859375,-0.224609375
11733,1.23046875,1.142578125,-0.341796875,-0.283203125
11734,1.23046875,1.15234375,-0.302734375,-0.205078125
11735,1.181640625,1.201171875,-0.29296875,-0.3125
11736,1.240234375,1.1328125,-0.37109375,-0.244140625
11737,1.142578125,1.181640625,-0.263671875,-0.185546875
11738,1.23046875,1.142578125,-0.322265625,-0.2734375
11739,1.162109375,1.23046875,-0.37109375,-0.361328125
11740,1.2109375,1.123046875,-0.322265625,-0.21484375
11741,1.259765625,1.11328125,-0.498046875,-0.185546875
11742,1.259765625,1.11328125,-0.25390625,-0.146484375
11743,1.220703125,1.1328125,-0.419921875,-0.283203125
11744,1.171875,1.142578125,-0.400390625,-0.1953125
11745,1.2109375,1.07421875,-0.400390625,-0.224609375
11746,1.25,1.123046875,-0.3515625,-0.283203125
11747,1.09375,1.15234375,-0.283203125,-0.3125
11748,1.240234375,1.201171875,-0.341796875,-0.33203125
11749,1.337890625,1.171875,-0.322265625,-0.33203125
11750,1.23046875,1.083984375,-0.3515625,-0.302734375
11751,1.240234375,1.171875,-0.283203125,-0.25390625
11752,1.2109375,1.07421875,-0.380859375,-0.25390625
11753,1.103515625,1.0546875,-0.302734375,-0.37109375
11754,1.240234375,1.220703125,-0.517578125,-0.322265625
11755,1.07421875,1.09375,-0.263671875,-0.2734375
11756,1.259765625,1.328125,-0.2734375,-0.322265625
11757,1.171875,1.025390625,-0.283203125,-0.322265625
11758,1.337890625,1.220703125,-0.302734375,-0.3125
11759,1.171875,1.25,-0.37109375,-0.244140625
11760,1.19140625,1.064453125,-0.1953125,-0.3125
11761,1.123046875,1.162109375,-0.3125,-0.29296875
11762,1.240234375,1.220703125,-0.244140625,-0.29296875
11763,1.2109375,1.142578125,-0.3515625,-0.390625
11764,1.376953125,1.201171875,-0.33203125,-0.25390625
11765,1.240234375,1.201171875,-0.244140625,-0.263671875
11766,1.259765625,1.09375,-0.2734375,-0.3515625
11767,1.240234375,1.220703125,-0.302734375,-0.380859375
11768,1.259765625,1.162109375,-0.263671875,-0.29296875
11769,1.25,1.181640625,-0.1953125,-0.341796875
11770,1.240234375,1.162109375,-0.263671875,-0.302734375
11771,1.162109375,0.95703125,-0.21484375,-0.302734375
11772,1.181640625,1.0546875,-0.244140625,-0.322265625
11773,1.23046875,1.15234375,-0.29296875,-0.244140625
11774,1.240234375,1.07421875,-0.361328125,-0.341796875
11775,1.220703125,1.1328125,-0.41015625,-0.3125
11776,1.25,1.171875,-0.185546875,-0.302734375
11777,1.09375,1.220703125,-0.3125,-0.302734375
11778,1.162109375,1.201171875,-0.341796875,-0.263671875
11779,1.162109375,1.11328125,-0.29296875,-0.46875
11780,1.25,1.1328125,-0.2734375,-0.29296875
11781,1.181640625,1.07421875,-0.302734375,-0.21484375
11782,1.09375,1.103515625,-0.29296875,-0.302734375
11783,1.2109375,1.09375,-0.244140625,-0.3515625
11784,1.181640625,1.19140625,-0.205078125,-0.341796875
11785,1.240234375,1.171875,-0.33203125,-0.3515625
11786,1.09375,1.142578125,-0.41015625,-0.244140625
11787,1.201171875,1.09375,-0.234375,-0.1953125
11788,1.220703125,1.259765625,-0.3125,-0.400390625
11789,1.083984375,1.103515625,-0.361328125,-0.3125
11790,1.201171875,1.142578125,-0.322265625,-0.322265625
11791,1.201171875,1.19140625,-0.29296875,-0.224609375
11792,1.03515625,1.123046875,-0.283203125,-0.29296875
11793,1.123046875,1.2109375,-0.302734375,-0.244140625
11794,1.171875,1.181640625,-0.400390625,-0.29296875
11795,1.1328125,1.201171875,-0.37109375,-0.380859375
11796,1.19140625,1.26953125,-0.46875,-0.263671875
11797,1.2109375,1.181640625,-0.3125,-0.2734375
11798,1.142578125,1.123046875,-0.341796875,-0.302734375
11799,1.103515625,1.064453125,-0.37109375,-0.322265625
11800,1.220703125,1.142578125,-0.2734375,-0.244140625
11801,1.220703125,1.15234375,-0.25390625,-0.283203125
11802,1.103515625,1.083984375,-0.2734375,-0.380859375
11803,1.240234375,0.95703125,-0.263671875,-0.37109375
11804,1.142578125,1.23046875,-0.33203125,-0.478515625
11805,1.064453125,1.1328125,-0.185546875,-0.44921875
11806,1.181640625,1.201171875,-0.25390625,-0.458984375
11807,1.23046875,1.162109375,-0.29296875,-0.302734375
11808,1.162109375,1.26953125,-0.1953125,-0.3515625
11809,1.142578125,1.201171875,-0.2734375,-0.458984375
11810,1.34765625,1.15234375,-0.25390625,-0.4296875
11811,1.1328125,1.30859375,-0.341796875,-0.4296875
11812,1.181640625,1.240234375,-0.21484375,-0.419921875
11813,1.376953125,1.23046875,-0.25390625,-0.4296875
11814,1.11328125,1.123046875,-0.21484375,-0.33203125
11815,1.142578125,1.07421875,-0.4296875,-0.380859375
11816,1.181640625,1.259765625,-0.380859375,-0.361328125
11817,1.103515625,1.142578125,-0.439453125,-0.3515625
11818,1.142578125,1.162109375,-0.166015625,-0.439453125
11819,1.1328125,1.181640625,-0.2734375,-0.29296875
11820,1.142578125,1.240234375,-0.302734375,-0.37109375
11821,1.142578125,1.201171875,-0.234375,-0.3125
11822,1.201171875,1.201171875,-0.2734375,-0.33203125
11823,1.07421875,1.25,-0.25390625,-0.390625
11824,1.142578125,1.181640625,-0.302734375,-0.25390625
11825,0.9375,1.171875,-0.1953125,-0.33203125
11826,1.181640625,1.103515625,-0.234375,-0.41015625
11827,1.103515625,1.201171875,-0.1953125,-0.400390625
11828,1.171875,1.15234375,-0.322265625,-0.458984375
11829,0.95703125,1.19140625,-0.361328125,-0.361328125
11830,1.142578125,1.201171875,-0.283203125,-0.380859375
11831,1.162109375,1.181640625,-0.25390625,-0.361328125
11832,1.1328125,1.19140625,-0.234375,-0.400390625
11833,1.181640625,1.09375,-0.244140625,-0.4296875
11834,1.11328125,1.15234375,-0.283203125,-0.341796875
11835,1.1328125,1.19140625,-0.2734375,-0.390625
11836,1.181640625,1.07421875,-0.3125,-0.380859375
11837,1.171875,1.2109375,-0.25390625,-0.458984375
11838,1.298828125,1.220703125,-0.341796875,-0.419921875
11839,1.23046875,1.123046875,-0.25390625,-0.498046875
11840,1.181640625,1.240234375,-0.205078125,-0.419921875
11841,1.044921875,1.162109375,-0.302734375,-0.390625
11842,1.162109375,1.201171875,-0.13671875,-0.390625
11843,1.220703125,1.2109375,-0.37109375,-0.41015625
11844,1.103515625,1.25,-0.37109375,-0.419921875
11845,1.07421875,1.064453125,-0.205078125,-0.439453125
11846,1.142578125,1.123046875,-0.29296875,-0.263671875
11847,1.15234375,1.2109375,-0.244140625,-0.37109375
11848,1.15234375,1.171875,-0.322265625,-0.390625
11849,1.15234375,1.23046875,-0.302734375,-0.419921875
11850,1.025390625,1.201171875,-0.29296875,-0.341796875
11851,1.1328125,1.19140625,-0.13671875,-0.41015625
11852,1.09375,1.19140625,-0.341796875,-0.419921875
11853,1.220703125,1.181640625,-0.224609375,-0.380859375
11854,1.123046875,1.220703125,-0.25390625,-0.37109375
11855,1.1328125,1.103515625,-0.234375,-0.390625
11856,1.1328125,1.181640625,-0.29296875,-0.419921875
11857,1.123046875,1.123046875,-0.15625,-0.37109375
11858,1.0546875,1.171875,-0.1953125,-0.263671875
11859,1.259765625,1.11328125,-0.283203125,-0.41015625
11860,1.220703125,1.201171875,-0.146484375,-0.419921875
11861,1.181640625,1.220703125,-0.322265625,-0.37109375
11862,1.240234375,1.201171875,-0.302734375,-0.361328125
11863,1.103515625,1.181640625,-0.283203125,-0.3515625
11864,1.0546875,1.25,-0.322265625,-0.46875
11865,1.162109375,1.181640625,-0.3125,-0.419921875
11866,1.15234375,1.123046875,-0.15625,-0.361328125
11867,1.142578125,1.171875,-0.234375,-0.3125
11868,1.142578125,1.162109375,-0.244140625,-0.517578125
11869,1.103515625,1.15234375,-0.341796875,-0.380859375
11870,1.162109375,1.064453125,-0.25390625,-0.361328125
11871,1.171875,1.19140625,-0.2734375,-0.341796875
11872,1.171875,1.11328125,-0.322265625,-0.419921875
11873,1.171875,1.19140625,-0.302734375,-0.322265625
11874,1.123046875,1.220703125,-0.33203125,-0.322265625
11875,1.240234375,0.986328125,-0.244140625,-0.361328125
11876,1.2109375,1.11328125,-0.37109375,-0.439453125
11877,1.171875,1.15234375,-0.3515625,-0.2734375
11878,1.1328125,1.181640625,-0.3125,-0.263671875
11879,1.142578125,1.171875,-0.21484375,-0.283203125
11880,1.15234375,1.11328125,-0.2734375,-0.419921875
11881,1.123046875,1.3671875,-0.15625,-0.37109375
11882,1.171875,1.123046875,-0.234375,-0.3515625
11883,1.142578125,1.09375,-0.244140625,-0.33203125
11884,1.1328125,1.26953125,-0.224609375,-0.390625
11885,1.26953125,1.25,-0.29296875,-0.361328125
11886,1.123046875,1.123046875,-0.263671875,-0.48828125
11887,1.15234375,0.9375,-0.244140625,-0.4296875
11888,1.0546875,0.966796875,-0.166015625,-0.439453125
11889,1.181640625,1.15234375,-0.29296875,-0.33203125
11890,1.162109375,1.11328125,-0.21484375,-0.37109375
11891,1.11328125,1.064453125,-0.15625,-0.517578125
11892,0.966796875,1.142578125,-0.25390625,-0.458984375
11893,1.0546875,1.259765625,-0.2734375,-0.478515625
11894,1.07421875,1.123046875,-0.341796875,-0.380859375
11895,1.09375,1.123046875,-0.302734375,-0.205078125
11896,1.181640625,1.123046875,-0.263671875,-0.390625
11897,1.11328125,1.09375,-0.3515625,-0.400390625
11898,1.171875,1.103515625,-0.3125,-0.46875
11899,1.181640625,1.1328125,-0.283203125,-0.46875
11900,1.11328125,0.99609375,-0.25390625,-0.361328125
11901,1.123046875,1.1328125,-0.302734375,-0.234375
11902,1.142578125,1.171875,-0.33203125,-0.390625
11903,1.15234375,1.23046875,-0.17578125,-0.400390625
11904,1.19140625,1.15234375,-0.322265625,-0.400390625
11905,1.181640625,1.064453125,-0.37109375,-0.341796875
11906,1.03515625,1.416015625,-0.283203125,-0.361328125
11907,1.220703125,1.1328125,-0.3125,-0.4296875
11908,1.11328125,1.142578125,-0.21484375,-0.322265625
11909,1.103515625,1.0546875,-0.25390625,-0.498046875
11910,1.162109375,1.1328125,-0.185546875,-0.5078125
11911,1.2109375,1.171875,-0.224609375,-0.400390625
11912,1.25,1.11328125,-0.244140625,-0.283203125
11913,1.15234375,1.162109375,-0.244140625,-0.17578125
11914,1.19140625,1.15234375,-0.234375,-0.439453125
11915,1.279296875,1.19140625,-0.1953125,-0.439453125
11916,1.162109375,1.11328125,-0.244140625,-0.439453125
11917,0.927734375,1.1328125,-0.263671875,-0.380859375
11918,1.103515625,1.083984375,-0.322265625,-0.44921875
11919,1.123046875,1.09375,-0.2734375,-0.361328125
11920,1.064453125,1.1328125,-0.224609375,-0.537109375
11921,1.103515625,1.25,-0.3125,-0.46875
11922,1.11328125,1.142578125,-0.263671875,-0.4296875
11923,1.0546875,1.103515625,-0.2734375,-0.615234375
11924,1.083984375,1.103515625,-0.3125,-0.46875
11925,1.0546875,1.201171875,-0.263671875,-0.33203125
11926,1.015625,1.181640625,-0.302734375,-0.498046875
11927,1.15234375,1.083984375,-0.13671875,-0.380859375
11928,1.162109375,1.1328125,-0.17578125,-0.478515625
11929,1.09375,1.1328125,-0.244140625,-0.322265625
11930,1.181640625,1.025390625,-0.244140625,-0.341796875
11931,1.142578125,1.15234375,-0.2734375,-0.17578125
11932,1.201171875,1.15234375,-0.283203125,-0.341796875
11933,1.279296875,1.220703125,-0.263671875,-0.3125
11934,1.15234375,1.19140625,-0.29296875,-0.390625
11935,1.0546875,1.1328125,-0.2734375,-0.390625
11936,1.123046875,1.015625,-0.2734375,-0.361328125
11937,1.103515625,1.26953125,-0.3515625,-0.263671875
11938,1.083984375,1.0546875,-0.3125,-0.390625
11939,1.181640625,1.044921875,-0.234375,-0.380859375
11940,1.103515625,1.09375,-0.400390625,-0.234375
11941,1.123046875,1.064453125,-0.322265625,-0.322265625
11942,1.1328125,1.025390625,-0.3125,-0.3515625
11943,1.1328125,1.11328125,-0.283203125,-0.361328125
11944,1.103515625,1.15234375,-0.322265625,-0.41015625
11945,1.064453125,1.083984375,-0.380859375,-0.439453125
11946,1.103515625,1.03515625,-0.2734375,-0.41015625
11947,1.2109375,1.07421875,-0.2734375,-0.419921875
11948,1.1328125,1.015625,-0.3125,-0.419921875
11949,1.1328125,1.2109375,-0.29296875,-0.400390625
11950,1.142578125,1.15234375,-0.244140625,-0.60546875
11951,1.171875,1.25,-0.185546875,-0.302734375
11952,1.1328125,1.162109375,-0.224609375,-0.33203125
11953,1.1328125,1.123046875,-0.2734375,-0.4296875
11954,1.103515625,1.083984375,-0.302734375,-0.33203125
11955,1.181640625,0.9765625,-0.185546875,-0.419921875
11956,1.09375,1.103515625,-0.2734375,-0.576171875
11957,1.259765625,1.15234375,-0.2734375,-0.37109375
11958,1.181640625,1.1328125,-0.17578125,-0.224609375
11959,1.2109375,1.09375,-0.283203125,-0.458984375
11960,1.09375,1.181640625,-0.185546875,-0.302734375
11961,1.181640625,1.15234375,-0.3515625,-0.2734375
11962,1.23046875,1.162109375,-0.17578125,-0.205078125
11963,1.23046875,1.181640625,-0.224609375,-0.37109375
11964,1.19140625,1.1328125,-0.21484375,-0.44921875
11965,1.181640625,1.162109375,-0.2734375,-0.2734375
11966,1.07421875,1.162109375,-0.25390625,-0.390625
11967,1.171875,1.044921875,-0.37109375,-0.341796875
11968,1.201171875,1.09375,-0.2734375,-0.4296875
11969,1.123046875,1.103515625,-0.21484375,-0.341796875
11970,1.181640625,1.15234375,-0.3125,-0.263671875
11971,1.162109375,1.142578125,-0.263671875,-0.185546875
11972,1.181640625,1.103515625,-0.234375,-0.380859375
11973,1.15234375,1.103515625,-0.25390625,-0.29296875
11974,1.1328125,1.11328125,-0.29296875,-0.3125
11975,1.26953125,1.083984375,-0.3515625,-0.2734375
11976,1.23046875,1.064453125,-0.1171875,-0.322265625
11977,1.1328125,1.025390625,-0.4296875,-0.341796875
11978,1.298828125,1.1328125,-0.185546875,-0.322265625
11979,1.123046875,1.07421875,-0.21484375,-0.341796875
11980,1.15234375,1.09375,-0.29296875,-0.537109375
11981,1.1328125,1.09375,-0.2734375,-0.322265625
11982,1.171875,1.064453125,-0.1953125,-0.380859375
11983,1.220703125,1.09375,-0.322265625,-0.146484375
11984,1.42578125,1.171875,-0.244140625,-0.21484375
11985,1.2890625,1.11328125,-0.263671875,-0.3515625
11986,1.34765625,1.19140625,-0.29296875,-0.458984375
11987,1.23046875,1.171875,-0.302734375,-0.44921875
11988,1.201171875,1.09375,-0.224609375,-0.419921875
11989,1.30859375,1.0546875,-0.234375,-0.44921875
11990,1.142578125,1.09375,-0.234375,-0.3125
11991,1.2890625,1.328125,-0.2734375,-0.3515625
11992,1.2890625,1.162109375,-0.185546875,-0.458984375
11993,1.181640625,1.181640625,-0.224609375,-0.322265625
11994,1.2890625,1.181640625,-0.4296875,-0.3125
11995,1.298828125,1.064453125,-0.390625,-0.380859375
11996,1.30859375,1.083984375,-0.3515625,-0.3125
11997,1.30859375,1.171875,-0.302734375,-0.37109375
11998,1.181640625,1.0546875,-0.263671875,-0.361328125
11999,1.162109375,1.15234375,-0.302734375,-0.44921875
12000,1.015625,1.171875,-0.234375,-0.390625
12001,1.171875,1.298828125,-0.4296875,-0.4296875
12002,1.11328125,1.123046875,-0.283203125,-0.361328125
12003,1.181640625,1.142578125,-0.390625,-0.361328125
12004,1.15234375,1.15234375,-0.322265625,-0.37109375
12005,1.1328125,1.15234375,-0.244140625,-0.419921875
12006,1.1328125,1.07421875,-0.13671875,-0.361328125
12007,1.19140625,1.240234375,-0.029296875,-0.25390625
12008,1.220703125,1.171875,-0.205078125,-0.3515625
12009,1.201171875,1.15234375,-0.205078125,-0.41015625
12010,1.25,1.181640625,-0.234375,-0.29296875
12011,1.220703125,1.15234375,-0.15625,-0.56640625
12012,1.259765625,1.123046875,-0.21484375,-0.3515625
12013,1.25,1.07421875,-0.15625,-0.3515625
12014,1.19140625,1.123046875,-0.224609375,-0.302734375
12015,1.240234375,1.15234375,-0.224609375,-0.21484375
12016,1.23046875,1.201171875,-0.322265625,-0.4296875
12017,1.26953125,1.162109375,-0.13671875,-0.37109375
12018,1.2890625,1.15234375,-0.15625,-0.3125
12019,1.2109375,1.1328125,-0.205078125,-0.3515625
12020,1.259765625,1.1328125,-0.21484375,-0.380859375
12021,1.26953125,1.15234375,-0.302734375,-0.322265625
12022,1.1328125,1.064453125,-0.33203125,-0.341796875
12023,1.201171875,1.11328125,-0.2734375,-0.380859375
12024,1.328125,0.99609375,-0.21484375,-0.087890625
12025,1.25,1.15234375,-0.234375,-0.322265625
12026,1.279296875,1.123046875,-0.263671875,-0.146484375
12027,0.9765625,1.083984375,-0.21484375,-0.390625
12028,1.162109375,1.142578125,-0.15625,-0.361328125
12029,1.201171875,1.171875,-0.21484375,-0.361328125
12030,1.142578125,1.103515625,-0.25390625,-0.302734375
12031,1.1328125,1.09375,-0.166015625,-0.322265625
12032,1.2109375,1.083984375,-0.2734375,-0.302734375
12033,1.103515625,1.162109375,-0.244140625,-0.56640625
12034,1.083984375,1.083984375,-0.322265625,-0.400390625
12035,1.1328125,1.298828125,-0.263671875,-0.498046875
12036,1.083984375,1.181640625,-0.1953125,-0.44921875
12037,1.09375,1.201171875,-0.283203125,-0.37109375
12038,1.103515625,1.11328125,-0.009765625,-0.37109375
12039,1.162109375,1.1328125,-0.29296875,-0.361328125
12040,1.23046875,1.064453125,-0.048828125,-0.263671875
12041,1.181640625,1.09375,-0.205078125,-0.263671875
12042,1.15234375,1.09375,-0.146484375,-0.15625
12043,1.171875,1.015625,-0.302734375,-0.302734375
12044,1.181640625,1.03515625,-0.15625,-0.3125
12045,1.34765625,1.07421875,-0.185546875,-0.283203125
12046,1.279296875,1.07421875,-0.166015625,-0.3125
12047,1.181640625,1.1328125,-0.29296875,-0.390625
12048,1.171875,1.142578125,-0.21484375,-0.25390625
12049,1.298828125,0.869140625,-0.146484375,-0.37109375
12050,1.181640625,1.11328125,-0.263671875,-0.302734375
12051,1.240234375,1.0546875,-0.21484375,-0.302734375
12052,1.34765625,1.015625,-0.205078125,-0.25390625
12053,1.171875,1.19140625,-0.244140625,-0.3515625
12054,1.142578125,1.044921875,-0.322265625,-0.29296875
12055,1.23046875,1.064453125,-0.380859375,-0.283203125
12056,1.19140625,1.07421875,-0.3125,-0.25390625
12057,1.279296875,1.083984375,-0.283203125,-0.3515625
12058,1.2109375,1.083984375,-0.21484375,-0.29296875
12059,1.171875,1.025390625,-0.33203125,-0.185546875
12060,1.1328125,1.103515625,-0.283203125,-0.400390625
12061,1.2109375,1.09375,-0.1953125,-0.283203125
12062,1.2109375,1.03515625,-0.283203125,-0.37109375
12063,1.181640625,1.044921875,-0.205078125,-0.263671875
12064,1.181640625,1.025390625,-0.25390625,-0.2734375
12065,1.19140625,1.09375,-0.33203125,-0.3125
12066,1.240234375,1.044921875,-0.25390625,-0.263671875
12067,1.19140625,1.005859375,-0.3125,-0.33203125
12068,1.2109375,1.064453125,-0.341796875,-0.3125
12069,1.083984375,1.11328125,-0.25390625,-0.341796875
12070,1.162109375,1.083984375,-0.25390625,-0.302734375
12071,1.171875,0.927734375,-0.224609375,-0.2734375
12072,1.162109375,1.025390625,-0.25390625,-0.302734375
12073,1.19140625,1.15234375,-0.1953125,-0.263671875
12074,1.171875,1.0546875,-0.41015625,-0.2734375
12075,1.1328125,1.09375,-0.224609375,-0.21484375
12076,1.201171875,1.123046875,-0.1953125,-0.234375
12077,1.171875,1.025390625,-0.3125,-0.3125
12078,1.142578125,1.103515625,-0.263671875,-0.263671875
12079,1.240234375,1.1328125,-0.1953125,-0.29296875
12080,1.25,1.26953125,-0.1953125,-0.3125
12081,1.162109375,1.0546875,-0.29296875,-0.29296875
12082,1.240234375,1.19140625,-0.322265625,-0.3125
12083,1.259765625,0.947265625,-0.44921875,-0.234375
12084,1.201171875,1.083984375,-0.283203125,-0.126953125
12085,1.2109375,1.162109375,-0.185546875,-0.244140625
12086,1.201171875,0.947265625,-0.244140625,-0.2734375
12087,1.259765625,1.142578125,-0.09765625,-0.224609375
12088,1.318359375,1.11328125,-0.2734375,-0.341796875
12089,1.201171875,1.0546875,-0.29296875,-0.283203125
12090,1.19140625,1.11328125,-0.283203125,-0.283203125
12091,1.23046875,1.103515625,-0.283203125,-0.263671875
12092,1.123046875,1.11328125,-0.3125,-0.244140625
12093,1.259765625,1.240234375,-0.37109375,-0.478515625
12094,1.19140625,1.07421875,-0.302734375,-0.21484375
12095,1.2109375,1.07421875,-0.322265625,-0.3125
12096,1.142578125,0.966796875,-0.13671875,-0.263671875
12097,1.30859375,1.103515625,-0.263671875,-0.234375
12098,1.220703125,1.03515625,-0.390625,-0.29296875
12099,1.259765625,1.220703125,-0.302734375,-0.263671875
12100,1.25,1.103515625,-0.361328125,-0.2734375
12101,1.181640625,1.15234375,-0.380859375,-0.3125
12102,1.220703125,1.044921875,-0.400390625,-0.166015625
12103,1.142578125,1.0546875,-0.4296875,-0.263671875
12104,1.181640625,1.09375,-0.46875,-0.263671875
12105,1.220703125,1.044921875,-0.41015625,-0.3125
12106,1.279296875,1.09375,-0.400390625,-0.21484375
12107,1.328125,1.005859375,-0.25390625,-0.2734375
12108,1.201171875,0.810546875,-0.380859375,-0.15625
12109,1.123046875,1.07421875,-0.2734375,-0.25390625
12110,1.162109375,1.376953125,-0.390625,-0.234375
12111,1.2109375,1.1328125,-0.341796875,-0.37109375
12112,1.025390625,1.07421875,-0.302734375,-0.21484375
12113,1.171875,1.083984375,-0.29296875,-0.263671875
12114,1.2109375,0.99609375,-0.205078125,-0.322265625
12115,1.259765625,1.07421875,-0.322265625,-0.205078125
12116,1.15234375,1.0546875,-0.263671875,-0.21484375
12117,1.181640625,1.0546875,-0.302734375,-0.25390625
12118,1.19140625,1.064453125,-0.37109375,-0.263671875
12119,1.279296875,0.859375,-0.283203125,-0.244140625
12120,1.2109375,0.91796875,-0.3515625,-0.283203125
12121,1.171875,1.0546875,-0.33203125,-0.439453125
12122,1.142578125,1.11328125,-0.361328125,-0.341796875
12123,1.19140625,1.103515625,-0.37109375,-0.29296875
12124,1.064453125,1.07421875,-0.302734375,-0.390625
12125,1.162109375,1.07421875,-0.4296875,-0.322265625
12126,1.25,1.26953125,-0.37109375,-0.234375
12127,1.181640625,1.11328125,-0.37109375,-0.419921875
12128,1.11328125,0.966796875,-0.390625,-0.302734375
12129,1.19140625,1.025390625,-0.361328125,-0.224609375
12130,1.201171875,1.11328125,-0.37109375,-0.322265625
12131,1.2890625,1.015625,-0.25390625,-0.21484375
12132,1.201171875,1.11328125,-0.2734375,-0.25390625
12133,1.142578125,1.123046875,-0.25390625,-0.29296875
12134,1.1328125,1.083984375,-0.244140625,-0.234375
12135,1.181640625,1.15234375,-0.068359375,-0.29296875
12136,1.1328125,1.03515625,-0.400390625,-0.283203125
12137,1.181640625,1.083984375,-0.3125,-0.29296875
12138,1.181640625,1.083984375,-0.322265625,-0.21484375
12139,1.220703125,1.064453125,-0.341796875,-0.21484375
12140,1.181640625,1.142578125,-0.3515625,-0.2734375
12141,1.171875,1.123046875,-0.283203125,-0.302734375
12142,1.1328125,1.0546875,-0.33203125,-0.25390625
12143,1.123046875,1.15234375,-0.37109375,-0.244140625
12144,1.1328125,1.181640625,-0.419921875,-0.21484375
12145,1.181640625,1.11328125,-0.244140625,-0.068359375
12146,1.23046875,1.083984375,-0.2734375,-0.283203125
12147,1.162109375,1.083984375,-0.263671875,-0.2734375
12148,1.240234375,1.07421875,-0.21484375,-0.302734375
12149,1.279296875,1.103515625,-0.1953125,-0.107421875
12150,1.162109375,1.15234375,-0.25390625,-0.185546875
12151,1.181640625,1.15234375,-0.302734375,-0.3515625
12152,1.220703125,1.025390625,-0.21484375,-0.283203125
12153,1.123046875,1.19140625,-0.146484375,-0.205078125
12154,1.298828125,1.09375,-0.29296875,-0.302734375
12155,1.181640625,1.0546875,-0.224609375,-0.263671875
12156,1.19140625,1.015625,-0.283203125,-0.244140625
12157,1.19140625,1.07421875,-0.29296875,-0.3515625
12158,1.23046875,1.220703125,-0.283203125,-0.1953125
12159,1.25,1.220703125,-0.224609375,-0.2734375
12160,1.181640625,1.083984375,-0.361328125,-0.263671875
12161,1.181640625,1.123046875,-0.3515625,-0.166015625
12162,1.09375,0.986328125,-0.44921875,-0.244140625
12163,1.240234375,1.03515625,-0.380859375,-0.146484375
12164,1.23046875,1.15234375,-0.25390625,-0.15625
12165,1.103515625,1.318359375,-0.283203125,-0.2734375
12166,1.19140625,1.11328125,-0.3125,-0.2734375
12167,1.15234375,1.19140625,-0.3515625,-0.2734375
12168,1.142578125,1.19140625,-0.263671875,-0.37109375
12169,1.201171875,1.123046875,-0.2734375,-0.390625
12170,1.15234375,1.103515625,-0.1953125,-0.166015625
12171,1.123046875,1.025390625,-0.33203125,-0.25390625
12172,1.23046875,1.15234375,-0.263671875,-0.087890625
12173,1.2109375,1.171875,-0.3125,-0.244140625
12174,1.15234375,1.259765625,-0.3515625,-0.234375
12175,1.1328125,1.103515625,-0.302734375,-0.263671875
12176,1.2109375,1.11328125,-0.3515625,-0.29296875
12177,1.23046875,1.11328125,-0.44921875,-0.29296875
12178,1.25,1.09375,-0.341796875,-0.21484375
12179,1.09375,1.07421875,-0.322265625,-0.341796875
12180,1.25,1.15234375,-0.2734375,-0.2734375
12181,1.201171875,1.025390625,-0.33203125,-0.33203125
12182,1.298828125,1.083984375,-0.33203125,-0.25390625
12183,1.2109375,1.07421875,-0.29296875,-0.33203125
12184,1.220703125,1.171875,-0.3515625,-0.44921875
12185,1.279296875,1.1328125,-0.283203125,-0.33203125
12186,1.298828125,1.162109375,-0.390625,-0.263671875
12187,1.19140625,1.201171875,-0.37109375,-0.390625
12188,1.279296875,1.201171875,-0.263671875,-0.3125
12189,1.171875,1.259765625,-0.3515625,-0.25390625
12190,1.15234375,1.123046875,-0.185546875,-0.37109375
12191,1.328125,1.15234375,-0.302734375,-0.25390625
12192,1.357421875,1.142578125,-0.302734375,-0.29296875
12193,1.220703125,1.171875,-0.400390625,-0.37109375
12194,1.279296875,1.15234375,-0.361328125,-0.37109375
12195,1.142578125,1.11328125,-0.322265625,-0.37109375
12196,1.19140625,1.044921875,-0.37109375,-0.322265625
12197,1.318359375,1.2109375,-0.302734375,-0.1953125
12198,1.2890625,1.19140625,-0.361328125,-0.25390625
12199,1.1328125,1.2109375,-0.361328125,-0.244140625
12200,1.220703125,1.11328125,-0.33203125,-0.244140625
12201,1.11328125,1.26953125,-0.439453125,-0.263671875
12202,1.15234375,1.103515625,-0.224609375,-0.234375
12203,1.162109375,1.03515625,-0.341796875,-0.400390625
12204,1.171875,1.044921875,-0.33203125,-0.302734375
12205,1.220703125,1.11328125,-0.2734375,-0.224609375
12206,1.279296875,1.0546875,-0.29296875,-0.322265625
12207,1.19140625,1.142578125,-0.29296875,-0.322265625
12208,1.201171875,1.09375,-0.380859375,-0.25390625
12209,1.240234375,1.064453125,-0.341796875,-0.3125
12210,1.337890625,1.103515625,-0.1953125,-0.33203125
12211,1.2109375,1.025390625,-0.25390625,-0.283203125
12212,1.25,1.044921875,-0.400390625,-0.380859375
12213,1.123046875,1.015625,-0.33203125,-0.33203125
12214,1.19140625,1.015625,-0.21484375,-0.283203125
12215,1.171875,0.908203125,-0.146484375,-0.185546875
12216,1.171875,1.11328125,-0.1953125,-0.2734375
12217,1.181640625,1.123046875,-0.126953125,-0.33203125
12218,1.19140625,1.201171875,-0.33203125,-0.3125
12219,1.201171875,1.09375,-0.33203125,-0.29296875
12220,1.171875,1.103515625,-0.234375,-0.3515625
12221,1.142578125,1.142578125,-0.283203125,-0.3515625
12222,1.171875,1.162109375,-0.25390625,-0.341796875
12223,1.201171875,1.26953125,-0.25390625,-0.29296875
12224,1.15234375,1.07421875,-0.302734375,-0.3515625
12225,1.376953125,1.2109375,-0.341796875,-0.498046875
12226,1.15234375,1.11328125,-0.17578125,-0.33203125
12227,1.2109375,0.95703125,-0.17578125,-0.25390625
12228,1.328125,1.142578125,-0.17578125,-0.33203125
12229,1.19140625,1.337890625,-0.46875,-0.3515625
12230,1.19140625,1.15234375,-0.302734375,-0.400390625
12231,1.162109375,1.1328125,-0.205078125,-0.3515625
12232,1.123046875,1.23046875,-0.302734375,-0.341796875
12233,1.171875,1.240234375,-0.234375,-0.419921875
12234,0.966796875,1.142578125,-0.25390625,-0.41015625
12235,1.162109375,1.2109375,-0.21484375,-0.283203125
12236,1.220703125,0.99609375,-0.224609375,-0.41015625
12237,1.123046875,1.1328125,-0.3125,-0.341796875
12238,1.142578125,1.025390625,-0.3515625,-0.361328125
12239,1.15234375,1.201171875,-0.302734375,-0.439453125
12240,1.162109375,1.15234375,-0.263671875,-0.5078125
12241,1.1328125,1.044921875,-0.3125,-0.41015625
12242,1.19140625,1.15234375,-0.283203125,-0.33203125
12243,1.240234375,1.25,-0.322265625,-0.302734375
12244,1.162109375,1.23046875,-0.322265625,-0.361328125
12245,1.181640625,1.240234375,-0.322265625,-0.322265625
12246,1.19140625,1.19140625,-0.341796875,-0.400390625
12247,1.1328125,1.220703125,-0.3515625,-0.498046875
12248,1.19140625,1.30859375,-0.263671875,-0.380859375
12249,1.083984375,1.162109375,-0.3125,-0.4296875
12250,1.26953125,1.25,-0.29296875,-0.361328125
12251,1.11328125,1.2109375,-0.3515625,-0.2734375
12252,1.09375,1.19140625,-0.283203125,-0.400390625
12253,0.99609375,1.25,-0.341796875,-0.37109375
12254,1.142578125,1.201171875,-0.3515625,-0.3515625
12255,1.2109375,1.220703125,-0.33203125,-0.37109375
12256,1.123046875,1.0546875,-0.33203125,-0.322265625
12257,1.11328125,1.142578125,-0.341796875,-0.302734375
12258,1.1328125,1.19140625,-0.2734375,-0.478515625
12259,1.1328125,1.162109375,-0.37109375,-0.361328125
12260,1.1328125,1.328125,-0.361328125,-0.302734375
12261,1.142578125,1.162109375,-0.25390625,-0.4296875
12262,1.103515625,1.26953125,-0.234375,-0.380859375
12263,1.123046875,1.044921875,-0.3125,-0.400390625
12264,1.162109375,1.26953125,-0.224609375,-0.478515625
12265,1.23046875,1.23046875,-0.126953125,-0.419921875
12266,1.23046875,1.11328125,-0.224609375,-0.41015625
12267,1.15234375,1.19140625,-0.3515625,-0.33203125
12268,1.03515625,1.240234375,-0.283203125,-0.3125
12269,1.2890625,1.25,-0.37109375,-0.4296875
12270,1.181640625,1.2109375,-0.29296875,-0.419921875
12271,1.11328125,1.181640625,-0.224609375,-0.37109375
12272,1.162109375,1.220703125,-0.37109375,-0.458984375
12273,1.181640625,1.3671875,-0.341796875,-0.341796875
12274,1.25,1.19140625,-0.3515625,-0.390625
12275,1.19140625,1.1328125,-0.3515625,-0.390625
12276,1.15234375,1.259765625,-0.322265625,-0.37109375
12277,1.083984375,1.201171875,-0.2734375,-0.576171875
12278,1.11328125,1.2890625,-0.3125,-0.341796875
12279,1.11328125,1.201171875,-0.3515625,-0.41015625
12280,1.123046875,1.162109375,-0.3125,-0.478515625
12281,1.142578125,1.0546875,-0.458984375,-0.41015625
12282,1.103515625,1.15234375,-0.13671875,-0.37109375
12283,1.19140625,1.240234375,-0.234375,-0.44921875
12284,1.123046875,1.201171875,-0.13671875,-0.361328125
12285,1.0546875,1.15234375,-0.263671875,-0.380859375
12286,1.162109375,1.171875,-0.341796875,-0.439453125
12287,1.171875,1.3671875,-0.380859375,-0.3515625
12288,1.11328125,1.19140625,-0.29296875,-0.458984375
12289,1.171875,1.19140625,-0.224609375,-0.44921875
12290,1.19140625,1.396484375,-0.224609375,-0.3515625
12291,1.171875,1.162109375,-0.15625,-0.419921875
12292,1.1328125,1.19140625,-0.29296875,-0.3515625
12293,1.1328125,1.328125,-0.244140625,-0.4296875
12294,1.19140625,1.513671875,-0.341796875,-0.380859375
12295,1.23046875,1.181640625,-0.361328125,-0.29296875
12296,1.25,1.123046875,-0.341796875,-0.33203125
12297,1.15234375,1.15234375,-0.3515625,-0.244140625
12298,1.181640625,1.171875,-0.25390625,-0.322265625
12299,1.123046875,1.162109375,-0.390625,-0.380859375
12300,1.123046875,1.162109375,-0.166015625,-0.361328125
12301,1.240234375,1.181640625,-0.2734375,-0.244140625
12302,1.181640625,1.1328125,-0.322265625,-0.380859375
12303,1.19140625,1.2890625,-0.283203125,-0.4296875
12304,1.240234375,1.19140625,-0.263671875,-0.3515625
12305,1.2109375,1.142578125,-0.244140625,-0.3515625
12306,1.2890625,1.220703125,-0.37109375,-0.361328125
12307,1.259765625,1.201171875,-0.234375,-0.361328125
12308,1.015625,1.2109375,-0.302734375,-0.390625
12309,1.162109375,1.15234375,-0.283203125,-0.341796875
12310,1.083984375,1.171875,-0.244140625,-0.302734375
12311,1.07421875,1.15234375,-0.25390625,-0.361328125
12312,1.201171875,1.220703125,-0.302734375,-0.44921875
12313,1.1328125,1.1328125,-0.3125,-0.380859375
12314,1.171875,1.15234375,-0.322265625,-0.390625
12315,1.220703125,1.25,-0.29296875,-0.3125
12316,1.162109375,1.15234375,-0.234375,-0.361328125
12317,1.142578125,1.15234375,-0.29296875,-0.400390625
12318,1.0546875,1.240234375,-0.21484375,-0.380859375
12319,1.123046875,1.181640625,-0.17578125,-0.33203125
12320,1.26953125,1.15234375,-0.322265625,-0.400390625
12321,1.09375,1.11328125,-0.244140625,-0.361328125
12322,1.09375,1.162109375,-0.322265625,-0.5078125
12323,1.03515625,1.064453125,-0.283203125,-0.302734375
12324,1.005859375,1.162109375,-0.205078125,-0.478515625
12325,1.162109375,1.201171875,-0.263671875,-0.41015625
12326,1.0546875,1.162109375,-0.283203125,-0.439453125
12327,1.083984375,1.181640625,-0.166015625,-0.3515625
12328,1.15234375,1.11328125,-0.283203125,-0.56640625
12329,1.15234375,1.201171875,-0.234375,-0.44921875
12330,1.03515625,1.38671875,-0.3125,-0.380859375
12331,1.19140625,1.171875,-0.244140625,-0.44921875
12332,1.2109375,1.201171875,-0.244140625,-0.44921875
12333,1.15234375,1.201171875,-0.33203125,-0.361328125
12334,1.15234375,1.2109375,-0.400390625,-0.56640625
12335,1.220703125,1.181640625,-0.263671875,-0.33203125
12336,1.15234375,1.064453125,-0.17578125,-0.41015625
12337,1.1328125,1.162109375,-0.3125,-0.29296875
12338,1.220703125,1.181640625,-0.3125,-0.380859375
12339,1.11328125,1.083984375,-0.234375,-0.41015625
12340,1.11328125,1.083984375,-0.234375,-0.419921875
12341,1.23046875,1.181640625,-0.263671875,-0.41015625
12342,1.23046875,1.26953125,-0.15625,-0.380859375
12343,1.123046875,1.005859375,-0.263671875,-0.478515625
12344,1.240234375,1.15234375,-0.17578125,-0.37109375
12345,1.23046875,1.298828125,-0.3125,-0.419921875
12346,1.142578125,1.09375,-0.3125,-0.3515625
12347,1.15234375,1.15234375,-0.205078125,-0.556640625
12348,1.09375,1.03515625,-0.146484375,-0.4296875
12349,1.09375,1.181640625,-0.361328125,-0.41015625
12350,0.95703125,1.123046875,-0.13671875,-0.380859375
12351,1.1328125,1.064453125,-0.185546875,-0.400390625
12352,1.025390625,1.09375,-0.17578125,-0.341796875
12353,1.03515625,1.1328125,-0.29296875,-0.419921875
12354,1.201171875,1.30859375,-0.29296875,-0.380859375
12355,1.07421875,1.083984375,-0.263671875,-0.400390625
12356,1.083984375,1.123046875,-0.15625,-0.556640625
12357,1.171875,1.123046875,-0.205078125,-0.4296875
12358,1.201171875,1.279296875,-0.283203125,-0.595703125
12359,1.142578125,1.123046875,-0.33203125,-0.390625
12360,1.201171875,1.15234375,-0.302734375,-0.458984375
12361,1.19140625,1.123046875,-0.126953125,-0.48828125
12362,1.1328125,1.083984375,-0.283203125,-0.17578125
12363,1.1328125,1.09375,-0.41015625,-0.33203125
12364,1.162109375,1.19140625,-0.29296875,-0.3515625
12365,1.240234375,1.1328125,-0.29296875,-0.400390625
12366,1.07421875,1.19140625,-0.302734375,-0.322265625
12367,1.142578125,1.1328125,-0.15625,-0.41015625
12368,1.220703125,1.15234375,-0.283203125,-0.439453125
12369,1.1328125,1.201171875,-0.15625,-0.37109375
12370,1.15234375,1.162109375,-0.234375,-0.37109375
12371,1.171875,1.1328125,-0.205078125,-0.3515625
12372,1.23046875,1.07421875,-0.322265625,-0.33203125
12373,1.15234375,1.044921875,-0.185546875,-0.3515625
12374,1.07421875,1.142578125,-0.234375,-0.302734375
12375,1.15234375,1.142578125,-0.244140625,-0.361328125
12376,1.11328125,1.09375,-0.21484375,-0.400390625
12377,1.15234375,1.15234375,-0.224609375,-0.439453125
12378,1.328125,1.083984375,-0.185546875,-0.380859375
12379,1.171875,1.220703125,-0.224609375,-0.419921875
12380,1.07421875,1.1328125,-0.244140625,-0.44921875
12381,0.986328125,1.19140625,-0.3515625,-0.361328125
12382,1.162109375,0.986328125,-0.283203125,-0.46875
12383,1.142578125,1.162109375,-0.283203125,-0.302734375
12384,1.142578125,1.1328125,-0.25390625,-0.41015625
12385,1.162109375,1.09375,-0.3125,-0.439453125
12386,1.11328125,1.181640625,-0.29296875,-0.498046875
12387,1.142578125,1.123046875,-0.37109375,-0.3515625
12388,1.1328125,1.083984375,-0.380859375,-0.419921875
12389,1.1328125,1.1328125,-0.322265625,-0.341796875
12390,1.123046875,1.142578125,-0.322265625,-0.37109375
12391,1.09375,1.07421875,-0.3125,-0.3125
12392,1.181640625,1.11328125,-0.341796875,-0.4296875
12393,1.220703125,1.123046875,-0.3125,-0.205078125
12394,1.15234375,0.8984375,-0.2734375,-0.361328125
12395,1.15234375,1.123046875,-0.25390625,-0.60546875
12396,1.0546875,1.09375,-0.380859375,-0.400390625
12397,1.07421875,1.15234375,-0.244140625,-0.4296875
12398,1.220703125,1.15234375,-0.3515625,-0.2734375
12399,1.162109375,1.0546875,-0.33203125,-0.615234375
12400,1.23046875,1.1328125,-0.4296875,-0.302734375
12401,1.19140625,1.103515625,-0.234375,-0.341796875
12402,0.966796875,1.083984375,-0.234375,-0.341796875
12403,1.23046875,1.26953125,-0.1953125,-0.37109375
12404,1.19140625,1.11328125,-0.41015625,-0.380859375
12405,1.19140625,1.171875,-0.37109375,-0.48828125
12406,1.044921875,1.15234375,-0.234375,-0.33203125
12407,1.2109375,1.09375,-0.283203125,-0.234375
12408,1.2109375,1.123046875,-0.302734375,-0.419921875
12409,1.162109375,1.083984375,-0.2734375,-0.341796875
12410,1.2109375,1.103515625,-0.3125,-0.439453125
12411,1.2109375,1.19140625,-0.263671875,-0.3125
12412,1.2109375,1.259765625,-0.224609375,-0.29296875
12413,1.171875,1.23046875,-0.361328125,-0.361328125
12414,1.15234375,1.142578125,-0.2734375,-0.2734375
12415,1.1328125,1.09375,-0.283203125,-0.3125
12416,1.240234375,1.142578125,-0.244140625,-0.41015625
12417,1.220703125,1.11328125,-0.361328125,-0.33203125
12418,1.30859375,1.162109375,-0.205078125,-0.380859375
12419,1.25,1.15234375,-0.29296875,-0.361328125
12420,1.376953125,1.1328125,-0.283203125,-0.37109375
12421,1.162109375,1.162109375,-0.205078125,-0.341796875
12422,1.2109375,1.09375,-0.283203125,-0.400390625
12423,1.2109375,1.07421875,-0.3515625,-0.419921875
12424,1.416015625,1.03515625,-0.390625,-0.380859375
12425,1.25,1.2890625,-0.302734375,-0.41015625
12426,1.279296875,1.142578125,-0.380859375,-0.41015625
12427,1.240234375,1.181640625,-0.33203125,-0.400390625
12428,1.181640625,1.0546875,-0.283203125,-0.390625
12429,1.123046875,1.103515625,-0.3125,-0.5078125
12430,1.0546875,1.26953125,-0.263671875,-0.361328125
12431,1.30859375,1.142578125,-0.400390625,-0.400390625
12432,1.162109375,1.09375,-0.390625,-0.478515625
12433,0.8984375,1.171875,-0.29296875,-0.361328125
12434,1.259765625,1.220703125,-0.341796875,-0.3515625
12435,1.15234375,1.11328125,-0.3125,-0.263671875
12436,1.25,1.09375,-0.21484375,-0.419921875
12437,1.19140625,1.240234375,-0.302734375,-0.41015625
12438,1.123046875,1.123046875,-0.205078125,-0.400390625
12439,1.416015625,1.1328125,-0.224609375,-0.390625
12440,1.19140625,1.083984375,-0.15625,-0.33203125
12441,1.171875,1.162109375,-0.283203125,-0.263671875
12442,1.181640625,1.201171875,-0.1953125,-0.419921875
12443,1.25,1.015625,-0.263671875,-0.244140625
12444,1.240234375,1.181640625,-0.21484375,-0.302734375
12445,1.34765625,1.15234375,-0.2734375,-0.302734375
12446,1.26953125,1.123046875,-0.234375,-0.419921875
12447,1.240234375,1.15234375,-0.224609375,-0.283203125
12448,1.23046875,1.1328125,-0.21484375,-0.361328125
12449,1.26953125,1.201171875,-0.3125,-0.3125
12450,1.2109375,1.201171875,-0.302734375,-0.29296875
12451,1.26953125,1.19140625,-0.322265625,-0.33203125
12452,1.25,1.171875,-0.244140625,-0.29296875
12453,1.25,1.11328125,-0.1953125,-0.2734375
12454,1.181640625,1.142578125,-0.2734375,-0.3515625
12455,1.240234375,1.09375,-0.390625,-0.41015625
12456,1.15234375,0.9765625,-0.1953125,-0.322265625
12457,1.220703125,1.103515625,-0.2734375,-0.46875
12458,1.083984375,1.201171875,-0.25390625,-0.439453125
12459,1.123046875,1.23046875,-0.234375,-0.44921875
12460,1.142578125,1.123046875,-0.283203125,-0.3515625
12461,1.1328125,1.03515625,-0.263671875,-0.4296875
12462,1.09375,1.103515625,-0.380859375,-0.322265625
12463,1.220703125,1.11328125,-0.322265625,-0.29296875
12464,1.083984375,1.11328125,-0.224609375,-0.400390625
12465,1.123046875,1.07421875,-0.21484375,-0.322265625
12466,1.064453125,1.1328125,-0.166015625,-0.41015625
12467,1.181640625,1.220703125,-0.087890625,-0.4296875
12468,1.171875,1.07421875,-0.17578125,-0.478515625
12469,1.142578125,1.1328125,-0.224609375,-0.4296875
12470,1.23046875,1.123046875,-0.224609375,-0.3515625
12471,1.25,1.162109375,-0.205078125,-0.15625
12472,1.220703125,1.15234375,-0.126953125,-0.400390625
12473,1.09375,1.240234375,-0.205078125,-0.302734375
12474,1.220703125,1.015625,-0.146484375,-0.15625
12475,1.259765625,1.123046875,-0.1953125,-0.37109375
12476,1.1328125,1.103515625,-0.263671875,-0.3515625
12477,1.19140625,1.015625,-0.224609375,-0.205078125
12478,1.240234375,1.103515625,-0.205078125,-0.25390625
12479,1.181640625,1.337890625,-0.146484375,-0.33203125
12480,1.2109375,1.1328125,-0.244140625,-0.400390625
12481,1.19140625,1.11328125,-0.13671875,-0.1171875
12482,1.162109375,1.09375,-0.234375,-0.2734375
12483,1.201171875,1.005859375,-0.13671875,-0.224609375
12484,1.1328125,1.083984375,-0.244140625,-0.25390625
12485,1.171875,0.99609375,-0.283203125,-0.244140625
12486,1.23046875,1.09375,-0.146484375,-0.29296875
12487,1.220703125,1.064453125,-0.234375,-0.283203125
12488,1.23046875,1.2109375,-0.146484375,-0.283203125
12489,1.171875,1.03515625,-0.1953125,-0.283203125
12490,1.38671875,1.083984375,-0.1953125,-0.419921875
12491,1.318359375,0.95703125,-0.361328125,-0.283203125
12492,1.2109375,1.09375,-0.390625,-0.3125
12493,1.171875,1.0546875,-0.2734375,-0.263671875
12494,1.142578125,1.162109375,-0.341796875,-0.244140625
12495,1.220703125,0.9765625,-0.283203125,-0.361328125
12496,1.259765625,1.064453125,-0.263671875,-0.302734375
12497,1.123046875,1.083984375,-0.3125,-0.3515625
12498,1.171875,1.07421875,-0.1953125,-0.37109375
12499,1.064453125,1.09375,-0.3125,-0.3515625
12500,1.2109375,1.09375,-0.3515625,-0.3515625
12501,1.1328125,1.005859375,-0.1171875,-0.263671875
12502,1.220703125,1.025390625,-0.29296875,-0.625
12503,1.142578125,1.03515625,-0.380859375,-0.380859375
12504,1.123046875,1.26953125,-0.37109375,-0.29296875
12505,1.083984375,1.103515625,-0.244140625,-0.29296875
12506,0.986328125,1.201171875,-0.3515625,-0.3125
12507,1.171875,1.19140625,-0.205078125,-0.3125
12508,1.142578125,1.11328125,-0.29296875,-0.146484375
12509,1.19140625,1.064453125,-0.33203125,-0.224609375
12510,1.083984375,1.11328125,-0.17578125,-0.283203125
12511,1.26953125,1.123046875,-0.25390625,-0.234375
12512,1.15234375,1.103515625,-0.3125,-0.302734375
12513,1.220703125,0.927734375,-0.3515625,-0.322265625
12514,1.201171875,1.123046875,-0.17578125,-0.302734375
12515,1.23046875,1.0546875,-0.1953125,-0.17578125
12516,1.220703125,1.103515625,-0.29296875,-0.185546875
12517,1.23046875,1.07421875,-0.283203125,-0.263671875
12518,1.240234375,1.11328125,-0.29296875,-0.3515625
12519,1.318359375,1.123046875,-0.1953125,-0.25390625
12520,1.201171875,1.142578125,-0.37109375,-0.341796875
12521,1.181640625,1.123046875,-0.244140625,-0.21484375
12522,1.25,1.162109375,-0.322265625,-0.263671875
12523,1.23046875,1.07421875,-0.3125,0.01953125
12524,1.201171875,1.15234375,-0.341796875,-0.1953125
12525,1.171875,1.2109375,-0.2734375,-0.2734375
12526,1.201171875,1.09375,-0.302734375,-0.205078125
12527,1.142578125,1.09375,-0.3515625,-0.09765625
12528,1.25,1.07421875,-0.13671875,-0.224609375
12529,1.15234375,1.09375,-0.341796875,-0.21484375
12530,1.064453125,1.11328125,-0.4296875,-0.322265625
12531,1.26953125,1.15234375,-0.380859375,-0.234375
12532,1.181640625,1.09375,-0.3125,-0.078125
12533,1.064453125,1.15234375,-0.3515625,-0.25390625
12534,1.15234375,1.25,-0.380859375,-0.205078125
12535,1.220703125,1.240234375,-0.25390625,-0.21484375
12536,1.2109375,1.1328125,-0.341796875,-0.439453125
12537,1.162109375,0.91796875,-0.41015625,-0.234375
12538,1.201171875,1.1328125,-0.283203125,-0.166015625
12539,1.298828125,1.09375,-0.322265625,-0.3515625
12540,1.26953125,1.220703125,-0.322265625,-0.29296875
12541,1.1328125,1.025390625,-0.322265625,-0.3125
12542,1.2109375,1.103515625,-0.2734375,-0.185546875
12543,1.09375,1.0546875,-0.283203125,-0.341796875
12544,1.171875,1.044921875,-0.3515625,-0.3125
12545,1.171875,1.044921875,-0.33203125,-0.2734375
12546,1.123046875,1.123046875,-0.390625,-0.244140625
12547,1.181640625,1.005859375,-0.263671875,-0.341796875
12548,1.19140625,1.083984375,-0.3515625,-0.234375
12549,1.142578125,1.1328125,-0.361328125,-0.2734375
12550,1.201171875,0.99609375,-0.33203125,-0.29296875
12551,1.337890625,1.11328125,-0.41015625,-0.302734375
12552,1.09375,1.07421875,-0.400390625,-0.2734375
12553,1.1328125,1.03515625,-0.439453125,-0.17578125
12554,1.298828125,1.103515625,-0.3125,-0.166015625
12555,1.09375,0.99609375,-0.390625,-0.244140625
12556,1.123046875,1.201171875,-0.341796875,-0.302734375
12557,1.23046875,1.11328125,-0.41015625,-0.263671875
12558,1.11328125,1.142578125,-0.41015625,-0.341796875
12559,1.11328125,1.11328125,-0.37109375,-0.37109375
12560,1.103515625,1.07421875,-0.3515625,-0.25390625
12561,1.171875,1.103515625,-0.185546875,-0.302734375
12562,1.123046875,1.044921875,-0.302734375,-0.3125
12563,1.171875,1.0546875,-0.302734375,-0.25390625
12564,1.083984375,1.123046875,-0.29296875,-0.2734375
12565,1.181640625,1.03515625,-0.322265625,-0.244140625
12566,1.07421875,1.064453125,-0.29296875,-0.3515625
12567,1.240234375,1.11328125,-0.341796875,-0.25390625
12568,1.171875,0.87890625,-0.3125,-0.3125
12569,1.19140625,1.103515625,-0.263671875,-0.380859375
12570,1.2109375,1.181640625,-0.33203125,-0.25390625
12571,1.123046875,1.181640625,-0.283203125,-0.302734375
12572,1.23046875,1.142578125,-0.3515625,-0.283203125
12573,0.9765625,1.064453125,-0.25390625,-0.2734375
12574,1.171875,1.2109375,-0.166015625,-0.1953125
12575,1.171875,1.2890625,-0.341796875,-0.15625
12576,1.103515625,1.123046875,-0.2734375,-0.341796875
12577,1.19140625,1.03515625,-0.25390625,-0.224609375
12578,1.15234375,1.064453125,-0.3515625,-0.439453125
12579,1.2109375,1.1328125,-0.33203125,-0.25390625
12580,1.19140625,1.025390625,-0.4296875,-0.205078125
12581,1.201171875,1.142578125,-0.380859375,-0.185546875
12582,1.103515625,1.15234375,-0.302734375,-0.302734375
12583,1.181640625,1.220703125,-0.234375,-0.322265625
12584,1.2109375,1.26953125,-0.3125,-0.205078125
12585,1.2109375,1.162109375,-0.33203125,-0.21484375
12586,1.259765625,1.357421875,-0.2734375,-0.263671875
12587,1.2109375,1.25,-0.146484375,-0.341796875
12588,1.09375,1.162109375,-0.3515625,-0.234375
12589,1.259765625,1.19140625,-0.2734375,-0.224609375
12590,1.201171875,0.966796875,-0.361328125,-0.2734375
12591,1.09375,1.181640625,-0.283203125,-0.234375
12592,1.181640625,1.07421875,-0.2734375,-0.205078125
12593,1.201171875,1.1328125,-0.205078125,-0.185546875
12594,1.25,1.181640625,-0.302734375,-0.341796875
12595,1.23046875,1.162109375,-0.400390625,-0.1953125
12596,1.181640625,1.142578125,-0.341796875,-0.322265625
12597,1.083984375,1.083984375,-0.33203125,-0.3125
12598,1.2109375,1.25,-0.244140625,-0.1953125
12599,1.15234375,1.1328125,-0.224609375,-0.25390625
12600,1.318359375,1.142578125,-0.263671875,-0.224609375
12601,1.162109375,1.23046875,-0.1953125,-0.21484375
12602,1.181640625,1.19140625,-0.283203125,-0.302734375
12603,1.1328125,1.2109375,-0.302734375,-0.048828125
12604,1.19140625,1.201171875,-0.263671875,-0.244140625
12605,1.162109375,1.240234375,-0.390625,-0.25390625
12606,1.220703125,1.11328125,-0.3125,-0.2734375
12607,1.103515625,1.181640625,-0.224609375,-0.21484375
12608,1.201171875,1.181640625,-0.283203125,-0.2734375
12609,1.162109375,1.07421875,-0.322265625,-0.205078125
12610,1.083984375,1.162109375,-0.302734375,-0.224609375
12611,1.2109375,1.025390625,-0.37109375,-0.244140625
12612,1.201171875,1.1328125,-0.2734375,-0.263671875
12613,1.1328125,1.15234375,-0.302734375,-0.419921875
12614,1.2109375,1.220703125,-0.263671875,-0.25390625
12615,1.19140625,1.09375,-0.302734375,-0.2734375
12616,1.240234375,1.220703125,-0.166015625,-0.302734375
12617,1.201171875,1.11328125,-0.380859375,-0.322265625
12618,1.2109375,1.1328125,-0.29296875,-0.224609375
12619,1.171875,1.103515625,-0.1953125,-0.3125
12620,1.171875,1.103515625,-0.234375,-0.380859375
12621,1.2109375,1.181640625,-0.283203125,-0.400390625
12622,1.171875,1.162109375,-0.29296875,-0.361328125
12623,1.19140625,1.220703125,-0.224609375,-0.3125
12624,1.25,1.201171875,-0.33203125,-0.283203125
12625,1.15234375,1.171875,-0.205078125,-0.458984375
12626,1.279296875,1.15234375,-0.29296875,-0.341796875
12627,1.171875,1.19140625,-0.21484375,-0.3125
12628,1.1328125,1.171875,-0.3125,-0.33203125
12629,1.25,1.103515625,-0.3125,-0.3515625
12630,1.171875,1.162109375,-0.361328125,-0.21484375
12631,1.162109375,1.15234375,-0.3125,-0.3515625
12632,1.2109375,1.259765625,-0.4296875,-0.283203125
12633,1.201171875,1.2109375,-0.419921875,-0.15625
12634,1.26953125,1.025390625,-0.302734375,-0.2734375
12635,1.318359375,1.07421875,-0.21484375,-0.33203125
12636,1.26953125,1.07421875,-0.3515625,-0.166015625
12637,1.3671875,1.103515625,-0.400390625,-0.25390625
12638,1.142578125,1.2109375,-0.341796875,-0.33203125
12639,1.259765625,1.123046875,-0.3515625,-0.1171875
12640,1.25,1.103515625,-0.3515625,-0.33203125
12641,1.19140625,1.025390625,-0.166015625,-0.244140625
12642,1.2109375,1.09375,-0.302734375,-0.3515625
12643,1.240234375,1.15234375,-0.341796875,-0.390625
12644,1.337890625,1.1328125,-0.390625,-0.29296875
12645,1.220703125,1.0546875,-0.2734375,-0.244140625
12646,1.2890625,1.171875,-0.322265625,-0.2734375
12647,1.396484375,1.09375,-0.263671875,-0.2734375
12648,1.220703125,1.142578125,-0.361328125,-0.146484375
12649,1.142578125,1.19140625,-0.25390625,-0.341796875
12650,1.123046875,1.11328125,-0.224609375,-0.341796875
12651,1.171875,1.23046875,-0.234375,-0.37109375
12652,1.23046875,1.19140625,-0.263671875,-0.390625
12653,1.23046875,1.181640625,-0.283203125,-0.29296875
12654,1.181640625,1.142578125,-0.302734375,-0.283203125
12655,1.142578125,1.181640625,-0.234375,-0.341796875
12656,1.259765625,1.07421875,-0.3125,-0.3125
12657,1.181640625,1.142578125,-0.283203125,-0.400390625
12658,1.015625,1.123046875,-0.185546875,-0.390625
12659,1.171875,1.142578125,-0.302734375,-0.37109375
12660,1.15234375,1.1328125,-0.33203125,-0.29296875
12661,1.162109375,1.103515625,-0.2734375,-0.25390625
12662,1.25,1.1328125,-0.185546875,-0.302734375
12663,1.23046875,1.15234375,-0.2734375,-0.3515625
12664,1.083984375,1.15234375,-0.244140625,-0.400390625
12665,1.220703125,1.09375,-0.37109375,-0.341796875
12666,1.162109375,1.064453125,-0.29296875,-0.341796875
12667,1.15234375,1.11328125,-0.283203125,-0.0390625
12668,1.23046875,1.279296875,-0.302734375,-0.390625
12669,1.15234375,1.220703125,-0.205078125,-0.322265625
12670,1.25,1.181640625,-0.224609375,-0.37109375
12671,1.15234375,1.142578125,-0.2734375,-0.3515625
12672,1.171875,1.2109375,-0.322265625,-0.3515625
12673,1.103515625,1.19140625,-0.380859375,-0.41015625
12674,1.064453125,1.201171875,-0.3125,-0.361328125
12675,1.142578125,1.240234375,-0.4296875,-0.341796875
12676,1.025390625,1.220703125,-0.29296875,-0.3515625
12677,0.986328125,1.11328125,-0.3515625,-0.37109375
12678,1.181640625,1.259765625,-0.341796875,-0.29296875
12679,1.123046875,1.2890625,-0.390625,-0.361328125
12680,1.181640625,1.26953125,-0.3515625,-0.341796875
12681,1.171875,1.25,-0.302734375,-0.5078125
12682,1.15234375,1.2109375,-0.263671875,-0.21484375
12683,1.15234375,1.19140625,-0.322265625,-0.37109375
12684,1.181640625,1.279296875,-0.361328125,-0.3125
12685,1.220703125,1.240234375,-0.283203125,-0.29296875
12686,1.11328125,1.298828125,-0.33203125,-0.380859375
12687,1.171875,1.328125,-0.263671875,-0.3515625
12688,1.103515625,1.279296875,-0.29296875,-0.537109375
12689,1.15234375,1.279296875,-0.244140625,-0.3515625
12690,1.220703125,1.220703125,-0.185546875,-0.33203125
12691,1.162109375,1.19140625,-0.25390625,-0.3515625
12692,1.2890625,1.201171875,-0.21484375,-0.33203125
12693,1.171875,1.162109375,-0.185546875,-0.341796875
12694,1.220703125,1.083984375,-0.302734375,-0.3125
12695,1.2890625,1.25,-0.21484375,-0.439453125
12696,1.162109375,1.201171875,-0.341796875,-0.458984375
12697,1.181640625,1.240234375,-0.439453125,-0.703125
12698,1.259765625,1.2109375,-0.322265625,-0.458984375
12699,1.142578125,1.220703125,-0.322265625,-0.478515625
12700,1.162109375,1.46484375,-0.29296875,-0.693359375
12701,1.181640625,1.240234375,-0.2734375,-0.458984375
12702,1.19140625,1.11328125,-0.33203125,-0.498046875
12703,1.123046875,1.25,-0.341796875,-0.498046875
12704,1.09375,1.30859375,-0.29296875,-0.46875
12705,1.240234375,1.416015625,-0.361328125,-0.380859375
12706,1.11328125,1.25,-0.25390625,-0.439453125
12707,1.201171875,1.25,-0.263671875,-0.478515625
12708,1.015625,1.259765625,-0.29296875,-0.439453125
12709,1.123046875,1.298828125,-0.224609375,-0.439453125
12710,1.201171875,1.23046875,-0.29296875,-0.33203125
12711,1.11328125,1.34765625,-0.224609375,-0.46875
12712,1.083984375,1.15234375,-0.33203125,-0.419921875
12713,1.005859375,1.2109375,-0.25390625,-0.4296875
12714,1.103515625,0.927734375,-0.224609375,-0.37109375
12715,1.123046875,1.19140625,-0.29296875,-0.439453125
12716,1.1328125,1.25,-0.263671875,-0.3515625
12717,1.0546875,1.5234375,-0.33203125,-0.322265625
12718,1.103515625,1.23046875,-0.05859375,-0.400390625
12719,1.09375,1.19140625,-0.2734375,-0.33203125
12720,1.09375,1.279296875,-0.322265625,-0.419921875
12721,1.2109375,1.162109375,-0.33203125,-0.439453125
12722,1.19140625,1.171875,-0.2734375,-0.46875
12723,1.2109375,1.142578125,-0.400390625,-0.3125
12724,1.220703125,1.171875,-0.224609375,-0.341796875
12725,1.1328125,1.171875,-0.283203125,-0.56640625
12726,1.162109375,1.376953125,-0.25390625,-0.322265625
12727,1.171875,1.123046875,-0.33203125,-0.439453125
12728,1.181640625,1.23046875,-0.283203125,-0.400390625
12729,1.19140625,1.240234375,-0.244140625,-0.4296875
12730,1.23046875,1.298828125,-0.322265625,-0.37109375
12731,1.298828125,1.2109375,-0.3125,-0.361328125
12732,1.30859375,1.220703125,-0.263671875,-0.380859375
12733,1.220703125,1.181640625,-0.21484375,-0.400390625
12734,1.19140625,1.15234375,-0.2734375,-0.283203125
12735,1.123046875,1.142578125,-0.21484375,-0.37109375
12736,1.103515625,1.19140625,-0.146484375,-0.33203125
12737,1.015625,1.171875,-0.380859375,-0.478515625
12738,1.171875,1.083984375,-0.3125,-0.302734375
12739,1.07421875,1.09375,-0.283203125,-0.380859375
12740,1.19140625,1.1328125,-0.263671875,-0.41015625
12741,1.0546875,1.220703125,-0.224609375,-0.33203125
12742,1.162109375,1.240234375,-0.1171875,-0.3515625
12743,1.1328125,1.15234375,-0.185546875,-0.283203125
12744,1.11328125,1.142578125,-0.29296875,-0.439453125
12745,1.123046875,1.240234375,-0.25390625,-0.3515625
12746,1.103515625,1.162109375,-0.29296875,-0.2734375
12747,1.259765625,1.11328125,-0.21484375,-0.361328125
12748,1.103515625,1.03515625,-0.25390625,-0.3515625
12749,1.123046875,1.142578125,-0.283203125,-0.478515625
12750,1.15234375,1.123046875,-0.29296875,-0.302734375
12751,1.142578125,1.23046875,-0.21484375,-0.3125
12752,1.09375,1.142578125,-0.2734375,-0.5078125
12753,1.044921875,1.220703125,-0.25390625,-0.458984375
12754,1.064453125,1.103515625,-0.244140625,-0.44921875
12755,1.025390625,1.142578125,-0.2734375,-0.361328125
12756,1.240234375,1.123046875,-0.283203125,-0.322265625
12757,1.171875,1.23046875,-0.126953125,-0.341796875
12758,1.09375,1.064453125,-0.234375,-0.517578125
12759,1.142578125,1.064453125,-0.322265625,-0.400390625
12760,1.1328125,1.259765625,-0.234375,-0.400390625
12761,1.162109375,1.162109375,-0.25390625,-0.439453125
12762,1.1328125,1.162109375,-0.224609375,-0.244140625
12763,1.15234375,1.19140625,-0.234375,-0.361328125
12764,1.201171875,1.25,-0.244140625,-0.48828125
12765,1.142578125,1.142578125,-0.341796875,-0.419921875
12766,1.025390625,1.298828125,-0.146484375,-0.361328125
12767,1.15234375,1.23046875,-0.244140625,-0.48828125
12768,1.142578125,1.162109375,-0.244140625,-0.3125
12769,1.15234375,1.15234375,-0.3125,-0.4296875
12770,1.15234375,1.171875,-0.3515625,-0.52734375
12771,1.171875,1.15234375,-0.3125,-0.41015625
12772,1.181640625,1.220703125,-0.33203125,-0.390625
12773,1.142578125,1.318359375,-0.322265625,-0.41015625
12774,1.171875,1.11328125,-0.29296875,-0.556640625
12775,1.220703125,1.220703125,-0.15625,-0.37109375
12776,1.19140625,1.103515625,-0.2734375,-0.4296875
12777,1.25,1.181640625,-0.3125,-0.361328125
12778,1.09375,1.103515625,-0.15625,-0.361328125
12779,1.142578125,1.07421875,-0.33203125,-0.517578125
12780,1.09375,1.15234375,-0.21484375,-0.458984375
12781,1.19140625,0.986328125,-0.21484375,-0.478515625
12782,1.1328125,1.181640625,-0.3125,-0.44921875
12783,1.240234375,1.15234375,-0.283203125,-0.60546875
12784,1.083984375,1.15234375,-0.302734375,-0.4296875
12785,1.123046875,1.064453125,-0.302734375,-0.5078125
12786,1.240234375,1.171875,-0.322265625,-0.390625
12787,1.07421875,1.123046875,-0.3125,-0.44921875
12788,1.11328125,1.201171875,-0.3125,-0.380859375
12789,1.03515625,1.15234375,-0.263671875,-0.390625
12790,1.171875,1.123046875,-0.244140625,-0.5078125
12791,1.2109375,1.162109375,-0.263671875,-0.390625
12792,1.1328125,1.2109375,-0.33203125,-0.44921875
12793,1.1328125,1.181640625,-0.37109375,-0.37109375
12794,1.19140625,1.220703125,-0.25390625,-0.263671875
12795,1.015625,1.123046875,-0.29296875,-0.576171875
12796,0.8984375,1.181640625,-0.283203125,-0.400390625
12797,1.171875,1.259765625,-0.283203125,-0.419921875
12798,1.259765625,1.162109375,-0.244140625,-0.390625
12799,1.103515625,1.09375,-0.341796875,-0.3125
12800,1.181640625,1.23046875,-0.205078125,-0.37109375
12801,1.07421875,1.103515625,-0.224609375,-0.52734375
12802,1.25,1.123046875,-0.244140625,-0.322265625
12803,1.142578125,1.1328125,-0.17578125,-0.390625
12804,1.181640625,1.083984375,-0.185546875,-0.3125
12805,1.15234375,1.15234375,-0.205078125,-0.29296875
12806,1.181640625,1.09375,-0.224609375,-0.4296875
12807,1.162109375,1.142578125,-0.283203125,-0.33203125
12808,1.03515625,1.103515625,-0.166015625,-0.439453125
12809,1.2109375,1.142578125,-0.146484375,-0.341796875
12810,1.19140625,1.142578125,-0.25390625,-0.52734375
12811,1.25,1.181640625,-0.361328125,-0.400390625
12812,1.19140625,1.162109375,-0.341796875,-0.341796875
12813,1.201171875,1.259765625,-0.361328125,-0.2734375
12814,1.2109375,1.123046875,-0.322265625,-0.361328125
12815,1.2109375,1.1328125,-0.44921875,-0.341796875
12816,1.09375,1.15234375,-0.166015625,-0.263671875
12817,1.23046875,1.03515625,-0.361328125,-0.439453125
12818,1.162109375,1.162109375,-0.244140625,-0.341796875
12819,1.1328125,1.015625,-0.341796875,-0.5078125
12820,1.2109375,1.171875,-0.283203125,-0.400390625
12821,1.11328125,1.162109375,-0.3125,-0.48828125
12822,1.171875,1.025390625,-0.244140625,-0.390625
12823,1.103515625,1.15234375,-0.341796875,-0.361328125
12824,1.220703125,1.11328125,-0.419921875,-0.3515625
12825,1.201171875,1.220703125,-0.29296875,-0.458984375
12826,1.181640625,1.103515625,-0.25390625,-0.517578125
12827,1.25,0.849609375,-0.2734375,-0.3515625
12828,1.162109375,1.1328125,-0.341796875,-0.3125
12829,1.259765625,1.15234375,-0.29296875,-0.33203125
12830,1.220703125,1.09375,-0.302734375,-0.361328125
12831,1.19140625,1.025390625,-0.283203125,-0.3125
12832,1.171875,1.103515625,-0.3125,-0.419921875
12833,1.09375,1.181640625,-0.205078125,-0.390625
12834,1.171875,1.19140625,-0.3515625,-0.44921875
12835,1.298828125,1.142578125,-0.263671875,-0.37109375
12836,1.240234375,1.220703125,-0.400390625,-0.33203125
12837,1.23046875,1.103515625,-0.244140625,-0.2734375
12838,1.25,1.1328125,-0.29296875,-0.380859375
12839,1.171875,1.07421875,-0.234375,-0.341796875
12840,1.2109375,1.15234375,-0.244140625,-0.361328125
12841,1.298828125,1.162109375,-0.2734375,-0.3125
12842,1.181640625,1.171875,-0.205078125,-0.341796875
12843,1.201171875,1.279296875,-0.3125,-0.37109375
12844,1.220703125,1.09375,-0.2734375,-0.546875
12845,1.25,1.142578125,-0.234375,-0.3515625
12846,1.23046875,1.09375,-0.302734375,-0.41015625
12847,1.220703125,1.162109375,-0.244140625,-0.25390625
12848,1.259765625,1.201171875,-0.3125,-0.390625
12849,1.259765625,1.07421875,-0.29296875,-0.517578125
12850,1.328125,1.103515625,-0.263671875,-0.3125
12851,1.25,1.171875,-0.3515625,-0.3125
12852,1.2109375,1.19140625,-0.244140625,-0.302734375
12853,1.298828125,1.171875,-0.224609375,-0.29296875
12854,1.259765625,1.142578125,-0.185546875,-0.380859375
12855,1.30859375,1.064453125,-0.390625,-0.3125
12856,1.181640625,1.123046875,-0.263671875,-0.41015625
12857,1.19140625,1.03515625,-0.25390625,-0.341796875
12858,1.25,1.09375,-0.322265625,-0.361328125
12859,1.34765625,1.142578125,-0.283203125,-0.29296875
12860,1.162109375,1.201171875,-0.244140625,-0.33203125
12861,1.259765625,1.181640625,-0.322265625,-0.41015625
12862,1.201171875,1.15234375,-0.302734375,-0.13671875
12863,1.15234375,1.0546875,-0.234375,-0.390625
12864,1.259765625,1.220703125,-0.224609375,-0.390625
12865,1.298828125,1.11328125,-0.21484375,-0.390625
12866,1.25,1.11328125,-0.244140625,-0.3515625
12867,1.240234375,1.15234375,-0.205078125,-0.341796875
12868,1.240234375,1.19140625,-0.244140625,-0.224609375
12869,1.25,1.083984375,-0.37109375,-0.37109375
12870,1.19140625,1.11328125,-0.3515625,-0.400390625
12871,1.25,1.162109375,-0.234375,-0.283203125
12872,1.376953125,1.162109375,-0.263671875,-0.361328125
12873,1.279296875,1.2109375,-0.25390625,-0.390625
12874,1.298828125,1.240234375,-0.185546875,-0.390625
12875,1.2890625,1.1328125,-0.2734375,-0.263671875
12876,1.240234375,0.99609375,-0.21484375,-0.322265625
12877,1.337890625,1.162109375,-0.3125,-0.302734375
12878,1.328125,1.15234375,-0.302734375,-0.2734375
12879,1.2890625,1.09375,-0.4296875,-0.361328125
12880,1.279296875,0.986328125,-0.1953125,-0.439453125
12881,1.279296875,1.142578125,-0.224609375,-0.25390625
12882,1.279296875,1.064453125,-0.29296875,-0.322265625
12883,1.298828125,1.19140625,-0.25390625,-0.419921875
12884,1.328125,1.142578125,-0.302734375,-0.263671875
12885,1.11328125,1.11328125,-0.15625,-0.361328125
12886,1.30859375,1.220703125,-0.3125,-0.390625
12887,1.26953125,1.09375,-0.3125,-0.3125
12888,1.142578125,1.201171875,-0.29296875,-0.37109375
12889,1.279296875,1.2890625,-0.341796875,-0.283203125
12890,1.23046875,1.0546875,-0.2734375,-0.341796875
12891,1.15234375,1.142578125,-0.322265625,-0.33203125
12892,1.240234375,1.044921875,-0.244140625,-0.37109375
12893,1.201171875,1.162109375,-0.29296875,-0.41015625
12894,1.181640625,1.240234375,-0.478515625,-0.390625
12895,1.2109375,1.103515625,-0.078125,-0.41015625
12896,1.2109375,1.142578125,-0.13671875,-0.33203125
12897,1.240234375,1.03515625,-0.283203125,-0.33203125
12898,1.142578125,1.2109375,-0.283203125,-0.44921875
12899,1.2890625,1.142578125,-0.21484375,-0.3515625
12900,1.171875,1.11328125,-0.283203125,-0.361328125
12901,1.259765625,1.015625,-0.322265625,-0.419921875
12902,1.19140625,1.171875,-0.244140625,-0.4296875
12903,1.23046875,1.42578125,-0.341796875,-0.439453125
12904,1.181640625,1.064453125,-0.146484375,-0.439453125
12905,1.201171875,1.171875,-0.234375,-0.41015625
12906,1.103515625,1.064453125,-0.25390625,-0.3125
12907,1.23046875,1.07421875,-0.3515625,-0.25390625
12908,1.181640625,1.142578125,-0.21484375,-0.302734375
12909,1.240234375,1.171875,-0.185546875,-0.3125
12910,1.2109375,1.142578125,-0.244140625,-0.25390625
12911,1.201171875,1.123046875,-0.17578125,-0.33203125
12912,1.123046875,1.142578125,-0.1953125,-0.37109375
12913,1.220703125,1.0546875,-0.1953125,-0.341796875
12914,1.220703125,1.07421875,-0.224609375,-0.322265625
12915,1.171875,1.07421875,-0.322265625,-0.263671875
12916,1.23046875,1.181640625,-0.17578125,-0.29296875
12917,1.26953125,1.07421875,-0.224609375,-0.244140625
12918,1.240234375,1.005859375,-0.25390625,-0.2734375
12919,1.23046875,1.171875,-0.048828125,-0.3515625
12920,1.2109375,1.083984375,-0.185546875,-0.3515625
12921,1.15234375,1.0546875,-0.2734375,-0.283203125
12922,1.220703125,1.1328125,-0.25390625,-0.3125
12923,1.23046875,1.07421875,-0.41015625,-0.33203125
12924,1.220703125,0.99609375,-0.29296875,-0.283203125
12925,1.25,1.07421875,-0.41015625,-0.361328125
12926,1.19140625,1.044921875,-0.263671875,-0.33203125
12927,1.220703125,1.083984375,-0.341796875,-0.302734375
12928,1.259765625,1.09375,-0.263671875,-0.224609375
12929,1.2109375,1.0546875,-0.478515625,-0.33203125
12930,1.181640625,1.0546875,-0.3125,-0.283203125
12931,1.259765625,1.0546875,-0.283203125,-0.224609375
12932,1.142578125,1.1328125,-0.29296875,-0.361328125
12933,1.15234375,1.09375,-0.3515625,-0.3125
12934,1.162109375,1.09375,-0.224609375,-0.322265625
12935,1.171875,1.2890625,-0.205078125,-0.234375
12936,1.1328125,1.0546875,-0.3125,-0.234375
12937,1.2109375,0.966796875,-0.21484375,-0.29296875
12938,1.220703125,0.99609375,-0.263671875,-0.048828125
12939,1.279296875,1.025390625,-0.234375,-0.263671875
12940,1.171875,0.859375,-0.283203125,-0.263671875
12941,1.201171875,0.947265625,-0.322265625,-0.4296875
12942,1.2890625,1.11328125,-0.263671875,-0.322265625
12943,1.220703125,1.201171875,-0.3125,-0.29296875
12944,1.279296875,0.947265625,-0.322265625,-0.283203125
12945,1.318359375,1.162109375,-0.234375,-0.13671875
12946,1.26953125,1.162109375,-0.244140625,-0.25390625
12947,1.220703125,1.220703125,-0.302734375,-0.29296875
12948,1.25,1.171875,-0.185546875,-0.400390625
12949,1.240234375,1.19140625,-0.37109375,-0.244140625
12950,1.26953125,1.220703125,-0.341796875,-0.2734375
12951,1.11328125,1.1328125,-0.283203125,-0.3515625
12952,1.25,1.171875,-0.33203125,-0.1953125
12953,1.220703125,0.99609375,-0.419921875,-0.1953125
12954,1.328125,1.103515625,-0.37109375,-0.37109375
12955,1.23046875,1.064453125,-0.498046875,-0.244140625
12956,1.162109375,1.064453125,-0.419921875,-0.078125
12957,1.1328125,1.11328125,-0.361328125,-0.244140625
12958,1.240234375,1.201171875,-0.419921875,-0.2734375
12959,1.162109375,1.064453125,-0.25390625,-0.341796875
12960,1.1328125,1.09375,-0.29296875,-0.25390625
12961,1.162109375,1.240234375,-0.302734375,-0.1953125
12962,1.103515625,1.1328125,-0.380859375,-0.25390625
12963,1.2109375,1.15234375,-0.283203125,-0.1171875
12964,1.1328125,1.15234375,-0.3125,-0.33203125
12965,1.171875,1.103515625,-0.17578125,-0.15625
12966,1.30859375,1.142578125,-0.322265625,-0.302734375
12967,1.26953125,1.123046875,-0.1953125,-0.224609375
12968,1.162109375,1.220703125,-0.341796875,-0.419921875
12969,1.0546875,1.064453125,-0.283203125,-0.33203125
12970,1.240234375,1.123046875,-0.25390625,-0.205078125
12971,1.201171875,1.15234375,-0.361328125,-0.244140625
12972,1.259765625,1.07421875,-0.283203125,-0.400390625
12973,1.298828125,1.103515625,-0.3125,-0.29296875
12974,1.19140625,1.171875,-0.283203125,-0.2734375
12975,1.279296875,1.09375,-0.29296875,-0.3125
12976,1.26953125,1.19140625,-0.2734375,-0.25390625
12977,1.142578125,1.083984375,-0.21484375,-0.1953125
12978,1.171875,1.103515625,-0.478515625,-0.283203125
12979,1.298828125,1.09375,-0.4296875,-0.205078125
12980,1.1328125,0.99609375,-0.498046875,-0.29296875
12981,1.15234375,1.142578125,-0.400390625,-0.224609375
12982,1.03515625,1.044921875,-0.517578125,-0.29296875
12983,1.142578125,1.1328125,-0.400390625,-0.283203125
12984,1.11328125,1.103515625,-0.390625,-0.25390625
12985,1.171875,1.162109375,-0.390625,-0.2734375
12986,1.171875,1.171875,-0.3515625,-0.3125
12987,1.103515625,1.162109375,-0.400390625,-0.361328125
12988,1.025390625,1.201171875,-0.390625,-0.234375
12989,1.15234375,1.1328125,-0.3125,-0.322265625
12990,1.142578125,1.171875,-0.44921875,-0.234375
12991,1.11328125,1.15234375,-0.390625,-0.3125
12992,1.1328125,1.26953125,-0.09765625,-0.234375
12993,1.142578125,1.162109375,-0.341796875,-0.21484375
12994,1.162109375,1.220703125,-0.3515625,-0.322265625
12995,1.005859375,1.25,-0.234375,-0.1953125
12996,1.162109375,1.19140625,-0.244140625,-0.439453125
12997,1.181640625,1.19140625,-0.322265625,-0.244140625
12998,1.11328125,1.07421875,-0.068359375,-0.25390625
12999,1.064453125,1.142578125,-0.361328125,-0.380859375
13000,1.162109375,1.15234375,-0.29296875,-0.263671875
13001,1.171875,1.11328125,-0.2734375,-0.224609375
13002,1.142578125,1.240234375,-0.29296875,-0.146484375
13003,1.181640625,1.123046875,-0.380859375,-0.361328125
13004,1.142578125,1.181640625,-0.44921875,-0.205078125
13005,1.162109375,1.07421875,-0.46875,-0.390625
13006,1.171875,1.19140625,-0.25390625,-0.37109375
13007,1.2109375,0.99609375,-0.400390625,-0.21484375
13008,1.162109375,1.142578125,-0.29296875,-0.29296875
13009,1.15234375,1.07421875,-0.361328125,-0.15625
13010,1.201171875,1.1328125,-0.341796875,-0.185546875
13011,1.2109375,1.103515625,-0.37109375,-0.244140625
13012,1.23046875,1.11328125,-0.390625,-0.400390625
13013,1.2109375,1.044921875,-0.2734375,-0.263671875
13014,1.201171875,1.005859375,-0.283203125,-0.283203125
13015,1.279296875,1.19140625,-0.3125,-0.322265625
13016,1.25,1.181640625,-0.361328125,-0.263671875
13017,1.162109375,1.064453125,-0.2734375,-0.283203125
13018,1.2109375,1.220703125,-0.3125,-0.205078125
13019,1.201171875,1.201171875,-0.1953125,-0.25390625
13020,1.15234375,1.11328125,-0.2734375,-0.283203125
13021,1.171875,1.162109375,-0.244140625,-0.29296875
13022,1.2109375,1.298828125,-0.29296875,-0.224609375
13023,1.19140625,1.0546875,-0.263671875,-0.244140625
13024,1.15234375,1.123046875,-0.283203125,-0.41015625
13025,1.103515625,1.09375,-0.234375,-0.263671875
13026,1.162109375,1.07421875,-0.33203125,-0.234375
13027,1.298828125,1.123046875,-0.37109375,-0.25390625
13028,1.11328125,1.19140625,-0.234375,-0.224609375
13029,1.171875,1.181640625,-0.283203125,-0.126953125
13030,1.181640625,1.123046875,-0.29296875,-0.29296875
13031,1.044921875,1.11328125,-0.283203125,-0.1953125
13032,1.171875,1.171875,-0.283203125,-0.3125
13033,1.11328125,1.103515625,-0.302734375,-0.3515625
13034,1.19140625,1.103515625,-0.234375,-0.263671875
13035,1.19140625,1.103515625,-0.2734375,-0.33203125
13036,1.25,1.201171875,-0.2734375,-0.166015625
13037,1.11328125,1.11328125,-0.302734375,-0.25390625
13038,1.19140625,1.103515625,-0.341796875,-0.29296875
13039,1.25,1.162109375,-0.283203125,-0.2734375
13040,1.259765625,1.083984375,-0.2734375,-0.2734375
13041,1.26953125,1.19140625,-0.37109375,-0.25390625
13042,1.26953125,1.201171875,-0.302734375,-0.341796875
13043,1.2109375,1.171875,-0.390625,-0.263671875
13044,1.318359375,1.103515625,-0.400390625,-0.3125
13045,1.2890625,1.142578125,-0.33203125,-0.322265625
13046,1.259765625,1.201171875,-0.380859375,-0.37109375
13047,1.30859375,0.83984375,-0.33203125,-0.3515625
13048,1.220703125,1.15234375,-0.263671875,-0.46875
13049,1.318359375,1.083984375,-0.3125,-0.2734375
13050,1.298828125,1.0546875,-0.25390625,-0.3515625
13051,1.240234375,1.162109375,-0.302734375,-0.244140625
13052,1.0546875,1.123046875,-0.29296875,-0.33203125
13053,1.09375,1.171875,-0.419921875,-0.361328125
13054,1.162109375,1.181640625,-0.283203125,-0.234375
13055,1.123046875,1.19140625,-0.244140625,-0.33203125
13056,1.201171875,1.201171875,-0.302734375,-0.3125
13057,1.1328125,1.15234375,-0.390625,-0.341796875
13058,1.279296875,1.181640625,-0.25390625,-0.302734375
13059,1.181640625,1.103515625,-0.078125,-0.2734375
13060,1.123046875,1.19140625,-0.37109375,-0.283203125
13061,1.09375,1.15234375,-0.400390625,-0.1953125
13062,1.142578125,1.162109375,-0.400390625,-0.29296875
13063,1.2109375,1.25,-0.341796875,-0.478515625
13064,1.162109375,1.181640625,-0.29296875,-0.322265625
13065,1.220703125,0.859375,-0.25390625,-0.419921875
13066,1.23046875,1.25,-0.2734375,-0.21484375
13067,1.26953125,1.142578125,-0.263671875,-0.322265625
13068,1.26953125,1.19140625,-0.244140625,-0.322265625
13069,1.25,1.07421875,-0.302734375,-0.5078125
13070,1.23046875,1.171875,-0.29296875,-0.322265625
13071,1.1328125,1.044921875,-0.224609375,-0.2734375
13072,1.240234375,1.09375,-0.4296875,-0.205078125
13073,1.083984375,1.142578125,-0.29296875,-0.322265625
13074,1.181640625,1.0546875,-0.341796875,-0.2734375
13075,1.30859375,1.025390625,-0.3125,-0.17578125
13076,1.240234375,1.09375,-0.3515625,-0.263671875
13077,1.30859375,1.025390625,-0.17578125,-0.37109375
13078,1.220703125,1.279296875,-0.302734375,-0.224609375
13079,1.259765625,1.09375,-0.2734375,-0.322265625
13080,1.23046875,1.09375,-0.3515625,-0.29296875
13081,1.171875,1.15234375,-0.37109375,-0.3515625
13082,1.23046875,1.171875,-0.33203125,-0.302734375
13083,1.259765625,1.083984375,-0.25390625,-0.29296875
13084,1.19140625,1.2890625,-0.380859375,-0.3125
13085,1.123046875,1.171875,-0.302734375,-0.37109375
13086,1.123046875,1.2890625,-0.361328125,-0.380859375
13087,1.201171875,1.240234375,-0.41015625,-0.3515625
13088,1.259765625,1.162109375,-0.33203125,-0.263671875
13089,1.09375,1.162109375,-0.205078125,-0.322265625
13090,1.25,1.318359375,-0.263671875,-0.400390625
13091,1.2109375,1.15234375,-0.25390625,-0.29296875
13092,1.279296875,1.09375,-0.17578125,-0.341796875
13093,1.11328125,1.181640625,-0.283203125,-0.3515625
13094,1.11328125,1.181640625,-0.25390625,-0.302734375
13095,1.142578125,1.2109375,-0.244140625,-0.33203125
13096,1.240234375,1.25,-0.224609375,-0.33203125
13097,1.171875,1.19140625,-0.1953125,-0.322265625
13098,1.23046875,1.220703125,-0.341796875,-0.3515625
13099,1.142578125,1.328125,-0.2734375,-0.37109375
13100,1.26953125,1.220703125,-0.29296875,-0.37109375
13101,1.19140625,1.171875,-0.3125,-0.361328125
13102,1.103515625,1.259765625,-0.1953125,-0.341796875
13103,1.259765625,1.220703125,-0.29296875,-0.361328125
13104,1.26953125,1.25,-0.37109375,-0.341796875
13105,1.142578125,1.19140625,-0.234375,-0.361328125
13106,1.171875,1.240234375,-0.3125,-0.41015625
13107,1.142578125,1.220703125,-0.37109375,-0.390625
13108,1.162109375,1.259765625,-0.302734375,-0.380859375
13109,1.181640625,1.2890625,-0.25390625,-0.56640625
13110,1.171875,1.318359375,-0.380859375,-0.33203125
13111,1.171875,1.298828125,-0.322265625,-0.4296875
13112,1.162109375,1.30859375,-0.234375,-0.390625
13113,1.181640625,1.279296875,-0.3125,-0.25390625
13114,1.15234375,1.2109375,-0.263671875,-0.46875
13115,1.15234375,1.26953125,-0.322265625,-0.458984375
13116,1.162109375,1.25,-0.302734375,-0.37109375
13117,1.103515625,1.2890625,-0.244140625,-0.3125
13118,1.171875,1.40625,-0.302734375,-0.263671875
13119,1.103515625,1.240234375,-0.322265625,-0.234375
13120,1.181640625,1.240234375,-0.1953125,-0.37109375
13121,1.171875,1.259765625,-0.29296875,-0.3125
13122,1.09375,1.26953125,-0.224609375,-0.146484375
13123,1.15234375,1.15234375,-0.3125,-0.361328125
13124,1.123046875,1.23046875,-0.224609375,-0.400390625
13125,1.162109375,1.23046875,-0.224609375,-0.234375
13126,1.298828125,1.2890625,-0.166015625,-0.478515625
13127,1.201171875,1.23046875,-0.166015625,-0.2734375
13128,1.07421875,1.25,-0.224609375,-0.37109375
13129,1.162109375,1.298828125,-0.341796875,-0.5078125
13130,1.171875,1.337890625,-0.2734375,-0.25390625
13131,1.2109375,1.2109375,-0.302734375,-0.517578125
13132,1.259765625,1.337890625,-0.224609375,-0.390625
13133,1.181640625,1.220703125,-0.2734375,-0.48828125
13134,1.259765625,1.240234375,-0.25390625,-0.44921875
13135,0.99609375,1.171875,-0.37109375,-0.37109375
13136,1.220703125,1.19140625,-0.361328125,-0.3515625
13137,1.162109375,1.240234375,-0.322265625,-0.419921875
13138,1.2109375,1.2890625,-0.4296875,-0.48828125
13139,1.15234375,1.298828125,-0.3125,-0.478515625
13140,1.23046875,1.23046875,-0.302734375,-0.5078125
13141,1.240234375,1.23046875,-0.3125,-0.400390625
13142,1.15234375,1.201171875,-0.380859375,-0.390625
13143,1.19140625,1.11328125,-0.322265625,-0.517578125
13144,1.11328125,1.2890625,-0.2734375,-0.361328125
13145,1.240234375,1.318359375,-0.2734375,-0.400390625
13146,1.2109375,1.259765625,-0.263671875,-0.4296875
13147,1.09375,1.220703125,-0.21484375,-0.390625
13148,1.181640625,1.2109375,-0.2734375,-0.380859375
13149,1.09375,1.240234375,-0.224609375,-0.400390625
13150,1.23046875,1.23046875,-0.25390625,-0.400390625
13151,1.2109375,1.171875,-0.263671875,-0.37109375
13152,1.26953125,1.201171875,-0.283203125,-0.3125
13153,1.298828125,1.162109375,-0.283203125,-0.400390625
13154,1.23046875,1.181640625,-0.25390625,-0.322265625
13155,1.240234375,1.220703125,-0.2734375,-0.361328125
13156,1.220703125,1.181640625,-0.341796875,-0.380859375
13157,1.1328125,1.123046875,-0.21484375,-0.4296875
13158,1.11328125,1.201171875,-0.2734375,-0.44921875
13159,1.240234375,1.220703125,-0.33203125,-0.44921875
13160,1.162109375,1.240234375,-0.52734375,-0.33203125
13161,1.337890625,1.201171875,-0.283203125,-0.322265625
13162,1.259765625,1.142578125,-0.33203125,-0.341796875
13163,1.201171875,1.2109375,-0.263671875,-0.4296875
13164,1.2109375,1.201171875,-0.224609375,-0.390625
13165,1.201171875,1.11328125,-0.46875,-0.41015625
13166,1.09375,0.9765625,-0.41015625,-0.37109375
13167,1.201171875,1.201171875,-0.2734375,-0.341796875
13168,1.123046875,1.142578125,-0.322265625,-0.498046875
13169,1.142578125,1.259765625,-0.25390625,-0.380859375
13170,1.044921875,1.26953125,-0.3515625,-0.4296875
13171,1.201171875,1.19140625,-0.283203125,-0.41015625
13172,1.123046875,1.259765625,-0.283203125,-0.517578125
13173,1.142578125,1.201171875,-0.2734375,-0.44921875
13174,1.064453125,1.181640625,-0.283203125,-0.37109375
13175,1.1328125,1.201171875,-0.302734375,-0.498046875
13176,1.162109375,1.30859375,-0.400390625,-0.37109375
13177,1.1328125,1.19140625,-0.2734375,-0.419921875
13178,1.171875,1.220703125,-0.341796875,-0.400390625
13179,1.19140625,1.07421875,-0.224609375,-0.64453125
13180,1.26953125,1.1328125,-0.302734375,-0.3515625
13181,1.1328125,1.38671875,-0.205078125,-0.380859375
13182,1.220703125,1.201171875,-0.166015625,-0.556640625
13183,0.99609375,1.19140625,-0.263671875,-0.439453125
13184,1.201171875,1.2890625,-0.17578125,-0.341796875
13185,1.19140625,1.23046875,-0.15625,-0.52734375
13186,1.15234375,1.162109375,-0.205078125,-0.439453125
13187,1.240234375,1.162109375,-0.224609375,-0.3515625
13188,1.171875,1.15234375,-0.322265625,-0.44921875
13189,1.1328125,1.103515625,-0.29296875,-0.361328125
13190,1.240234375,1.181640625,-0.37109375,-0.400390625
13191,1.142578125,1.044921875,-0.126953125,-0.302734375
13192,1.09375,1.220703125,-0.224609375,-0.400390625
13193,1.201171875,1.162109375,-0.263671875,-0.419921875
13194,1.11328125,1.123046875,-0.322265625,-0.400390625
13195,1.171875,1.142578125,-0.21484375,-0.361328125
13196,1.15234375,1.15234375,-0.2734375,-0.380859375
13197,1.103515625,1.220703125,-0.166015625,-0.341796875
13198,1.171875,1.15234375,-0.224609375,-0.625
13199,1.19140625,0.99609375,-0.263671875,-0.41015625
13200,1.171875,1.142578125,-0.29296875,-0.400390625
13201,1.11328125,1.162109375,-0.244140625,-0.390625
13202,1.142578125,1.162109375,-0.244140625,-0.419921875
13203,1.279296875,1.15234375,-0.263671875,-0.380859375
13204,0.966796875,1.162109375,-0.234375,-0.224609375
13205,1.279296875,1.142578125,-0.244140625,-0.4296875
13206,1.15234375,1.2109375,-0.185546875,-0.3515625
13207,1.083984375,1.171875,-0.25390625,-0.302734375
13208,1.23046875,1.162109375,-0.224609375,-0.517578125
13209,1.220703125,1.181640625,-0.126953125,-0.419921875
13210,1.2109375,1.162109375,-0.3125,-0.458984375
13211,1.259765625,1.171875,-0.302734375,-0.41015625
13212,1.1328125,1.142578125,-0.263671875,-0.390625
13213,1.15234375,1.09375,-0.263671875,-0.64453125
13214,1.123046875,1.1328125,-0.283203125,-0.5078125
13215,1.162109375,1.15234375,-0.146484375,-0.439453125
13216,1.142578125,1.181640625,-0.25390625,-0.46875
13217,1.064453125,1.0546875,-0.263671875,-0.44921875
13218,1.220703125,1.1328125,-0.29296875,-0.390625
13219,1.279296875,1.201171875,-0.234375,-0.498046875
13220,1.240234375,1.15234375,-0.25390625,-0.439453125
13221,1.142578125,1.09375,-0.322265625,-0.44921875
13222,1.220703125,1.103515625,-0.302734375,-0.37109375
13223,1.044921875,1.1328125,-0.322265625,-0.439453125
13224,1.123046875,1.279296875,-0.2734375,-0.439453125
13225,1.2109375,1.181640625,-0.244140625,-0.380859375
13226,1.03515625,1.123046875,-0.234375,-0.400390625
13227,1.15234375,1.162109375,-0.234375,-0.33203125
13228,1.1328125,1.171875,-0.185546875,-0.302734375
13229,1.03515625,1.09375,-0.166015625,-0.341796875
13230,1.181640625,1.162109375,-0.146484375,-0.341796875
13231,1.11328125,1.123046875,-0.17578125,-0.546875
13232,1.03515625,1.15234375,-0.234375,-0.166015625
13233,1.142578125,1.240234375,-0.224609375,-0.302734375
13234,1.2109375,1.181640625,-0.283203125,-0.37109375
13235,1.30859375,1.123046875,-0.205078125,-0.56640625
13236,1.181640625,1.328125,-0.380859375,-0.419921875
13237,1.142578125,1.09375,-0.224609375,-0.283203125
13238,1.259765625,1.181640625,-0.15625,-0.458984375
13239,1.201171875,1.103515625,-0.283203125,-0.478515625
13240,1.220703125,1.1328125,-0.21484375,-0.595703125
13241,1.181640625,1.123046875,-0.205078125,-0.33203125
13242,1.201171875,1.15234375,-0.25390625,-0.458984375
13243,1.171875,1.1328125,-0.322265625,-0.380859375
13244,1.201171875,1.1328125,-0.29296875,-0.29296875
13245,1.396484375,1.1328125,-0.205078125,-0.41015625
13246,1.2109375,1.2109375,-0.390625,-0.419921875
13247,1.2109375,1.15234375,-0.33203125,-0.419921875
13248,1.025390625,1.103515625,-0.419921875,-0.4296875
13249,1.240234375,1.044921875,-0.3125,-0.498046875
13250,1.26953125,1.162109375,-0.283203125,-0.322265625
13251,1.25,1.220703125,-0.244140625,-0.41015625
13252,1.2109375,1.123046875,-0.244140625,-0.400390625
13253,1.220703125,1.19140625,-0.25390625,-0.498046875
13254,1.0546875,1.19140625,-0.3515625,-0.341796875
13255,1.2109375,1.142578125,-0.146484375,-0.25390625
13256,1.123046875,1.083984375,-0.322265625,-0.390625
13257,1.298828125,1.0546875,-0.400390625,-0.400390625
13258,1.2109375,1.09375,-0.3125,-0.400390625
13259,1.328125,1.1328125,-0.283203125,-0.498046875
13260,1.23046875,1.162109375,-0.205078125,-0.3515625
13261,1.298828125,1.181640625,-0.283203125,-0.37109375
13262,1.25,1.1328125,-0.166015625,-0.33203125
13263,1.220703125,1.005859375,-0.244140625,-0.361328125
13264,1.19140625,1.09375,-0.322265625,-0.33203125
13265,1.11328125,1.11328125,-0.283203125,-0.2734375
13266,1.279296875,1.044921875,-0.3125,-0.3125
13267,1.25,1.34765625,-0.244140625,-0.419921875
13268,1.201171875,1.09375,-0.3125,-0.380859375
13269,1.25,1.044921875,-0.322265625,-0.380859375
13270,1.201171875,1.123046875,-0.283203125,-0.33203125
13271,1.083984375,1.162109375,-0.29296875,-0.21484375
13272,1.298828125,1.0546875,-0.283203125,-0.361328125
13273,1.23046875,1.103515625,-0.21484375,-0.44921875
13274,1.142578125,1.1328125,-0.2734375,-0.244140625
13275,1.34765625,1.083984375,-0.380859375,-0.3515625
13276,1.357421875,1.1328125,-0.166015625,-0.4296875
13277,1.318359375,1.162109375,-0.361328125,-0.341796875
13278,1.181640625,1.171875,-0.3125,-0.41015625
13279,1.25,1.19140625,-0.3515625,-0.4296875
13280,1.25,1.1328125,-0.2734375,-0.48828125
13281,1.240234375,1.123046875,-0.224609375,-0.390625
13282,1.23046875,1.171875,-0.2734375,-0.29296875
13283,1.26953125,1.318359375,-0.15625,-0.322265625
13284,1.15234375,1.142578125,-0.341796875,-0.322265625
13285,1.279296875,1.240234375,-0.205078125,-0.302734375
13286,1.142578125,1.15234375,-0.3515625,-0.4296875
13287,1.220703125,1.181640625,-0.263671875,-0.361328125
13288,1.298828125,1.123046875,-0.302734375,-0.419921875
13289,1.376953125,1.1328125,-0.224609375,-0.361328125
13290,1.23046875,1.015625,-0.244140625,-0.37109375
13291,1.357421875,1.23046875,-0.3125,-0.3125
13292,1.337890625,1.1328125,-0.21484375,-0.33203125
13293,1.2890625,1.142578125,-0.302734375,-0.361328125
13294,1.259765625,1.2890625,-0.380859375,-0.44921875
13295,1.34765625,1.142578125,-0.263671875,-0.3515625
13296,1.484375,1.142578125,-0.390625,-0.3515625
13297,1.26953125,1.15234375,-0.37109375,-0.3515625
13298,1.30859375,1.162109375,-0.17578125,-0.4296875
13299,1.259765625,1.171875,-0.283203125,-0.3515625
13300,1.337890625,1.259765625,-0.37109375,-0.44921875
13301,1.25,1.435546875,-0.234375,-0.361328125
13302,1.357421875,1.181640625,-0.205078125,-0.400390625
13303,1.23046875,1.142578125,-0.21484375,-0.37109375
13304,1.298828125,1.103515625,-0.33203125,-0.263671875
13305,1.23046875,1.1328125,-0.2734375,-0.244140625
13306,1.2890625,1.025390625,-0.302734375,-0.37109375
13307,1.38671875,1.09375,-0.205078125,-0.29296875
13308,1.279296875,1.162109375,-0.224609375,-0.283203125
13309,1.25,1.240234375,-0.2734375,-0.390625
13310,1.240234375,1.181640625,-0.2734375,-0.4296875
13311,1.240234375,1.142578125,-0.361328125,-0.33203125
13312,1.328125,1.03515625,-0.263671875,-0.3515625
13313,1.318359375,1.015625,-0.2734375,-0.244140625
13314,1.279296875,1.201171875,-0.25390625,-0.517578125
13315,1.259765625,1.064453125,-0.1953125,-0.3125
13316,1.25,1.123046875,-0.205078125,-0.341796875
13317,1.328125,1.123046875,-0.25390625,-0.41015625
13318,1.25,0.986328125,-0.3125,-0.3515625
13319,1.26953125,1.03515625,-0.302734375,-0.380859375
13320,1.201171875,1.15234375,-0.185546875,-0.37109375
13321,1.328125,1.044921875,-0.283203125,-0.390625
13322,1.25,1.123046875,-0.0390625,-0.380859375
13323,1.298828125,1.09375,-0.29296875,-0.361328125
13324,1.15234375,1.064453125,-0.25390625,-0.41015625
13325,1.26953125,1.103515625,-0.3125,-0.322265625
13326,1.2109375,1.1328125,-0.302734375,-0.361328125
13327,1.201171875,1.142578125,-0.21484375,-0.390625
13328,1.23046875,1.123046875,-0.224609375,-0.41015625
13329,1.30859375,1.083984375,-0.29296875,-0.390625
13330,1.083984375,1.162109375,-0.283203125,-0.390625
13331,1.15234375,1.181640625,-0.380859375,-0.46875
13332,1.25,1.07421875,-0.322265625,-0.361328125
13333,1.171875,1.11328125,-0.302734375,-0.400390625
13334,1.201171875,1.123046875,-0.234375,-0.48828125
13335,1.240234375,1.07421875,-0.244140625,-0.380859375
13336,1.11328125,1.044921875,-0.2734375,-0.498046875
13337,1.201171875,1.03515625,-0.390625,-0.46875
13338,1.162109375,1.09375,-0.29296875,-0.087890625
13339,1.103515625,1.025390625,-0.1171875,-0.29296875
13340,1.2109375,1.103515625,-0.185546875,-0.283203125
13341,1.201171875,1.09375,-0.244140625,-0.3125
13342,1.162109375,1.103515625,-0.126953125,-0.263671875
13343,1.19140625,1.25,-0.1953125,-0.25390625
13344,1.181640625,1.103515625,-0.17578125,-0.41015625
13345,1.23046875,1.025390625,-0.263671875,-0.25390625
13346,1.142578125,1.142578125,-0.205078125,-0.302734375
13347,1.2109375,1.064453125,-0.21484375,-0.341796875
13348,1.064453125,1.103515625,-0.25390625,-0.283203125
13349,1.142578125,1.11328125,-0.234375,-0.25390625
13350,1.19140625,1.044921875,-0.283203125,-0.205078125
13351,1.240234375,0.966796875,-0.25390625,-0.341796875
13352,1.23046875,1.181640625,-0.302734375,-0.3515625
13353,1.23046875,1.07421875,-0.244140625,-0.419921875
13354,1.23046875,1.083984375,-0.2734375,-0.21484375
13355,1.2109375,0.947265625,-0.44921875,-0.33203125
13356,1.201171875,0.966796875,-0.263671875,-0.41015625
13357,1.181640625,1.0546875,-0.263671875,-0.302734375
13358,1.2109375,1.103515625,-0.263671875,-0.302734375
13359,1.201171875,1.09375,-0.341796875,-0.29296875
13360,1.26953125,1.09375,-0.283203125,-0.29296875
13361,1.220703125,0.966796875,-0.3125,-0.322265625
13362,1.19140625,1.07421875,-0.205078125,-0.205078125
13363,1.23046875,1.03515625,-0.3125,-0.458984375
13364,1.240234375,0.9765625,-0.322265625,-0.29296875
13365,1.259765625,1.044921875,-0.3125,-0.3125
13366,1.044921875,1.11328125,-0.302734375,-0.234375
13367,1.25,1.025390625,-0.13671875,-0.29296875
13368,1.162109375,1.11328125,-0.283203125,-0.25390625
13369,1.11328125,1.083984375,-0.224609375,-0.244140625
13370,1.181640625,1.103515625,-0.21484375,-0.283203125
13371,1.15234375,1.279296875,-0.25390625,-0.380859375
13372,1.240234375,1.09375,-0.224609375,-0.400390625
13373,1.1328125,1.162109375,-0.224609375,-0.244140625
13374,1.279296875,1.07421875,-0.126953125,-0.33203125
13375,1.298828125,1.15234375,-0.244140625,-0.21484375
13376,1.328125,1.044921875,-0.25390625,-0.390625
13377,1.26953125,1.03515625,-0.1171875,-0.33203125
13378,1.357421875,1.07421875,-0.224609375,-0.244140625
13379,1.3671875,1.07421875,-0.322265625,-0.263671875
13380,1.25,1.142578125,-0.361328125,-0.283203125
13381,1.416015625,1.171875,-0.322265625,-0.17578125
13382,1.357421875,1.162109375,-0.37109375,-0.205078125
13383,1.298828125,0.986328125,-0.322265625,-0.341796875
13384,1.298828125,1.11328125,-0.29296875,-0.244140625
13385,1.2109375,1.162109375,-0.25390625,-0.263671875
13386,1.279296875,1.11328125,-0.41015625,-0.2734375
13387,1.240234375,1.123046875,-0.263671875,-0.2734375
13388,1.201171875,1.1328125,-0.3125,-0.21484375
13389,1.201171875,1.1328125,-0.380859375,-0.302734375
13390,1.25,1.1328125,-0.361328125,-0.234375
13391,1.26953125,1.171875,-0.341796875,-0.244140625
13392,1.2109375,1.09375,-0.37109375,-0.087890625
13393,1.181640625,1.11328125,-0.3125,-0.3515625
13394,1.19140625,1.1328125,-0.21484375,-0.21484375
13395,1.26953125,1.064453125,-0.439453125,-0.224609375
13396,1.220703125,1.11328125,-0.29296875,-0.263671875
13397,1.181640625,1.11328125,-0.400390625,-0.21484375
13398,1.201171875,1.07421875,-0.37109375,-0.302734375
13399,1.240234375,1.103515625,-0.341796875,-0.498046875
13400,1.26953125,1.162109375,-0.302734375,-0.21484375
13401,1.2890625,1.064453125,-0.361328125,-0.25390625
13402,1.171875,1.142578125,-0.283203125,-0.1953125
13403,1.220703125,1.11328125,-0.224609375,-0.224609375
13404,1.23046875,1.337890625,-0.44921875,-0.244140625
13405,1.25,1.0546875,-0.302734375,-0.17578125
13406,1.2109375,1.064453125,-0.3125,-0.263671875
13407,1.25,1.19140625,-0.390625,-0.224609375
13408,1.23046875,1.09375,-0.33203125,-0.078125
13409,1.1328125,1.07421875,-0.29296875,-0.185546875
13410,1.220703125,1.103515625,-0.3125,-0.234375
13411,1.26953125,1.123046875,-0.46875,-0.4296875
13412,1.240234375,1.103515625,-0.37109375,-0.263671875
13413,1.201171875,1.30859375,-0.361328125,-0.244140625
13414,1.162109375,1.1328125,-0.380859375,-0.37109375
13415,1.083984375,1.123046875,-0.400390625,-0.3125
13416,1.19140625,1.044921875,-0.46875,-0.263671875
13417,1.23046875,1.181640625,-0.390625,-0.33203125
13418,1.298828125,1.11328125,-0.380859375,-0.25390625
13419,1.181640625,1.15234375,-0.361328125,-0.29296875
13420,1.142578125,1.162109375,-0.341796875,-0.244140625
13421,1.2109375,1.103515625,-0.458984375,-0.29296875
13422,1.23046875,1.142578125,-0.3515625,-0.322265625
13423,1.2890625,1.142578125,-0.29296875,-0.205078125
13424,1.240234375,1.15234375,-0.283203125,-0.3125
13425,1.259765625,1.07421875,-0.33203125,-0.283203125
13426,1.181640625,1.1328125,-0.37109375,-0.244140625
13427,1.298828125,1.15234375,-0.341796875,-0.25390625
13428,1.259765625,0.947265625,-0.361328125,-0.2734375
13429,1.201171875,1.083984375,-0.263671875,-0.166015625
13430,1.11328125,1.123046875,-0.322265625,-0.244140625
13431,1.162109375,1.11328125,-0.302734375,-0.263671875
13432,1.240234375,1.162109375,-0.390625,-0.3125
13433,1.19140625,1.11328125,-0.33203125,-0.283203125
13434,1.142578125,1.23046875,-0.3125,-0.234375
13435,1.181640625,1.162109375,-0.390625,-0.25390625
13436,1.298828125,1.162109375,-0.419921875,-0.25390625
13437,1.26953125,1.123046875,-0.322265625,-0.283203125
13438,1.220703125,1.044921875,-0.3125,-0.390625
13439,1.07421875,1.123046875,-0.2734375,-0.2734375
13440,1.025390625,1.03515625,-0.224609375,-0.25390625
13441,1.19140625,0.8984375,-0.2734375,-0.1953125
13442,1.1328125,1.103515625,-0.322265625,-0.3125
13443,1.142578125,1.23046875,-0.361328125,-0.302734375
13444,1.162109375,1.162109375,-0.341796875,-0.205078125
13445,1.23046875,1.15234375,-0.33203125,-0.234375
13446,1.142578125,1.15234375,-0.3125,-0.25390625
13447,1.181640625,1.1328125,-0.3125,-0.2734375
13448,1.25,1.15234375,-0.29296875,-0.2734375
13449,1.15234375,1.044921875,-0.1953125,-0.25390625
13450,1.23046875,1.11328125,-0.244140625,-0.244140625
13451,1.171875,1.142578125,-0.302734375,-0.146484375
13452,1.201171875,1.09375,-0.2734375,-0.283203125
13453,1.142578125,1.240234375,-0.341796875,-0.224609375
13454,1.26953125,1.15234375,-0.302734375,-0.1953125
13455,1.328125,1.1328125,-0.21484375,-0.283203125
13456,1.279296875,1.19140625,-0.087890625,-0.21484375
13457,1.298828125,1.064453125,-0.244140625,-0.09765625
13458,1.328125,1.015625,-0.244140625,-0.263671875
13459,1.26953125,1.1328125,-0.224609375,-0.205078125
13460,1.279296875,1.1328125,-0.21484375,-0.205078125
13461,1.34765625,1.03515625,-0.302734375,-0.244140625
13462,1.220703125,1.03515625,-0.41015625,-0.3515625
13463,1.181640625,1.123046875,-0.3125,-0.263671875
13464,1.279296875,1.09375,-0.283203125,-0.244140625
13465,1.220703125,1.201171875,-0.341796875,-0.3125
13466,1.25,1.005859375,-0.302734375,-0.361328125
13467,1.25,1.083984375,-0.3125,-0.224609375
13468,1.2890625,1.1328125,-0.1953125,-0.2734375
13469,1.259765625,1.0546875,-0.3515625,-0.234375
13470,1.2890625,1.201171875,-0.380859375,-0.283203125
13471,1.259765625,1.123046875,-0.41015625,-0.244140625
13472,1.298828125,1.19140625,-0.1953125,-0.15625
13473,1.357421875,1.1328125,-0.390625,-0.25390625
13474,1.30859375,1.15234375,-0.400390625,-0.13671875
13475,1.298828125,1.171875,-0.29296875,-0.078125
13476,1.2109375,1.11328125,-0.361328125,-0.263671875
13477,1.2890625,1.171875,-0.263671875,-0.302734375
13478,1.298828125,1.1328125,-0.234375,-0.263671875
13479,1.240234375,1.123046875,-0.322265625,-0.341796875
13480,1.259765625,1.318359375,-0.302734375,-0.1953125
13481,1.2890625,1.1328125,-0.244140625,-0.1953125
13482,1.34765625,1.220703125,-0.244140625,-0.48828125
13483,1.240234375,1.03515625,-0.205078125,-0.3515625
13484,1.2109375,1.142578125,-0.302734375,-0.2734375
13485,1.11328125,1.162109375,-0.3125,-0.146484375
13486,1.357421875,1.11328125,-0.37109375,-0.33203125
13487,1.318359375,1.162109375,-0.400390625,-0.37109375
13488,1.123046875,1.162109375,-0.322265625,-0.3515625
13489,1.15234375,1.005859375,-0.29296875,-0.322265625
13490,1.25,1.23046875,-0.44921875,-0.380859375
13491,1.015625,1.123046875,-0.302734375,-0.234375
13492,1.201171875,1.0546875,-0.322265625,-0.37109375
13493,1.220703125,1.26953125,-0.25390625,-0.4296875
13494,1.240234375,1.1328125,-0.380859375,-0.244140625
13495,1.3671875,1.1328125,-0.390625,-0.29296875
13496,1.259765625,0.99609375,-0.380859375,-0.361328125
13497,1.318359375,1.15234375,-0.283203125,-0.263671875
13498,1.2109375,1.455078125,-0.322265625,-0.322265625
13499,1.26953125,1.181640625,-0.322265625,-0.380859375
13500,1.240234375,1.171875,-0.3125,-0.3125
13501,1.181640625,1.09375,-0.205078125,-0.29296875
13502,1.2890625,1.07421875,-0.390625,-0.283203125
13503,1.15234375,1.07421875,-0.322265625,-0.25390625
13504,1.23046875,1.162109375,-0.205078125,-0.322265625
13505,1.318359375,1.19140625,-0.224609375,-0.33203125
13506,1.416015625,1.123046875,-0.361328125,-0.380859375
13507,1.2890625,1.03515625,-0.29296875,-0.302734375
13508,1.318359375,1.201171875,-0.234375,-0.283203125
13509,1.25,1.123046875,-0.3125,-0.2734375
13510,1.279296875,1.103515625,-0.400390625,-0.33203125
13511,1.26953125,1.181640625,-0.224609375,-0.341796875
13512,1.15234375,1.142578125,-0.322265625,-0.341796875
13513,1.240234375,1.11328125,-0.283203125,-0.302734375
13514,1.2109375,1.15234375,-0.283203125,-0.380859375
13515,1.26953125,1.19140625,-0.29296875,-0.244140625
13516,1.23046875,1.25,-0.21484375,-0.29296875
13517,1.201171875,1.083984375,-0.283203125,-0.33203125
13518,1.25,1.162109375,-0.244140625,-0.4296875
13519,1.1328125,1.19140625,-0.205078125,-0.341796875
13520,1.2109375,1.201171875,-0.205078125,-0.244140625
13521,1.2890625,1.201171875,-0.41015625,-0.419921875
13522,1.201171875,1.181640625,-0.234375,-0.37109375
13523,1.201171875,0.966796875,-0.283203125,-0.283203125
13524,1.23046875,1.15234375,-0.2734375,-0.4296875
13525,1.162109375,1.23046875,-0.263671875,-0.3515625
13526,1.220703125,1.162109375,-0.29296875,-0.3125
13527,1.2109375,1.240234375,-0.283203125,-0.439453125
13528,1.1328125,1.259765625,-0.29296875,-0.283203125
13529,1.259765625,1.123046875,-0.380859375,-0.205078125
13530,1.30859375,1.240234375,-0.29296875,-0.244140625
13531,1.23046875,1.26953125,-0.244140625,-0.33203125
13532,1.15234375,1.201171875,-0.166015625,-0.283203125
13533,1.23046875,1.2109375,-0.205078125,-0.439453125
13534,1.2890625,1.240234375,-0.29296875,-0.380859375
13535,1.181640625,1.201171875,-0.263671875,-0.322265625
13536,1.220703125,1.201171875,-0.302734375,-0.322265625
13537,1.26953125,1.201171875,-0.361328125,-0.3515625
13538,1.201171875,1.181640625,-0.33203125,-0.29296875
13539,1.19140625,1.123046875,-0.380859375,-0.390625
13540,1.103515625,1.23046875,-0.263671875,-0.478515625
13541,1.220703125,1.34765625,-0.2734375,-0.4296875
13542,1.23046875,1.2109375,-0.263671875,-0.537109375
13543,1.23046875,1.279296875,-0.283203125,-0.390625
13544,1.19140625,1.279296875,-0.283203125,-0.380859375
13545,1.025390625,1.2890625,-0.302734375,-0.29296875
13546,1.07421875,1.240234375,-0.283203125,-0.48828125
13547,1.11328125,1.171875,-0.107421875,-0.33203125
13548,1.171875,1.4453125,-0.380859375,-0.302734375
13549,1.201171875,1.26953125,-0.263671875,-0.439453125
13550,1.201171875,1.240234375,-0.263671875,-0.3125
13551,1.2109375,1.23046875,-0.244140625,-0.361328125
13552,1.162109375,1.25,-0.21484375,-0.380859375
13553,1.279296875,1.279296875,-0.166015625,-0.361328125
13554,1.2109375,1.337890625,-0.2734375,-0.37109375
13555,1.23046875,1.23046875,-0.263671875,-0.205078125
13556,1.19140625,1.240234375,-0.17578125,-0.361328125
13557,1.19140625,1.15234375,-0.205078125,-0.361328125
13558,1.083984375,1.220703125,-0.29296875,-0.224609375
13559,1.2109375,1.259765625,-0.21484375,-0.3515625
13560,1.171875,1.25,-0.205078125,-0.380859375
13561,1.259765625,1.259765625,-0.234375,-0.556640625
13562,1.259765625,1.142578125,-0.2734375,-0.41015625
13563,1.181640625,1.318359375,-0.244140625,-0.400390625
13564,1.064453125,1.259765625,-0.283203125,-0.1171875
13565,1.201171875,1.259765625,-0.21484375,-0.41015625
13566,1.162109375,1.30859375,-0.244140625,-0.46875
13567,1.25,1.23046875,-0.3125,-0.458984375
13568,1.328125,1.220703125,-0.1953125,-0.41015625
13569,1.201171875,1.2109375,-0.1171875,-0.439453125
13570,1.201171875,1.2890625,-0.302734375,-0.478515625
13571,1.19140625,1.279296875,-0.21484375,-0.4296875
13572,1.220703125,1.25,-0.2734375,-0.419921875
13573,1.23046875,1.2890625,-0.234375,-0.2734375
13574,1.201171875,1.0546875,-0.2734375,-0.478515625
13575,1.220703125,1.357421875,-0.3515625,-0.361328125
13576,1.26953125,1.240234375,-0.263671875,-0.41015625
13577,1.201171875,1.2109375,-0.3125,-0.3515625
13578,1.23046875,1.26953125,-0.29296875,-0.4296875
13579,1.0546875,1.298828125,-0.322265625,-0.41015625
13580,1.09375,1.162109375,-0.37109375,-0.3515625
13581,1.171875,1.26953125,-0.33203125,-0.380859375
13582,1.15234375,1.220703125,-0.283203125,-0.390625
13583,1.2109375,1.220703125,-0.283203125,-0.390625
13584,1.240234375,1.142578125,-0.302734375,-0.390625
13585,1.025390625,1.201171875,-0.29296875,-0.341796875
13586,1.181640625,1.15234375,-0.29296875,-0.361328125
13587,1.19140625,1.171875,-0.283203125,-0.439453125
13588,1.162109375,1.240234375,-0.2734375,-0.341796875
13589,1.19140625,1.181640625,-0.234375,-0.380859375
13590,1.19140625,1.259765625,-0.234375,-0.3125
13591,1.23046875,1.181640625,-0.234375,-0.33203125
13592,1.201171875,1.25,-0.2734375,-0.361328125
13593,1.220703125,1.103515625,-0.283203125,-0.400390625
13594,1.19140625,1.26953125,-0.341796875,-0.478515625
13595,1.005859375,1.15234375,-0.244140625,-0.380859375
13596,1.171875,1.2890625,-0.15625,-0.41015625
13597,1.181640625,1.220703125,-0.2734375,-0.322265625
13598,1.142578125,1.25,-0.29296875,-0.498046875
13599,1.11328125,1.123046875,-0.283203125,-0.3515625
13600,1.2109375,1.11328125,-0.25390625,-0.498046875
13601,1.162109375,1.171875,-0.29296875,-0.419921875
13602,1.09375,1.2890625,-0.380859375,-0.390625
13603,1.142578125,1.103515625,-0.263671875,-0.33203125
13604,1.2109375,1.19140625,-0.205078125,-0.478515625
13605,1.34765625,0.9375,-0.205078125,-0.439453125
13606,1.240234375,1.23046875,-0.205078125,-0.458984375
13607,1.298828125,1.220703125,-0.322265625,-0.390625
13608,1.07421875,1.201171875,-0.25390625,-0.439453125
13609,1.19140625,1.123046875,-0.283203125,-0.322265625
13610,1.142578125,1.171875,-0.25390625,-0.46875
13611,1.15234375,1.064453125,-0.166015625,-0.341796875
13612,1.2109375,1.25,-0.33203125,-0.37109375
13613,1.07421875,1.15234375,-0.234375,-0.48828125
13614,1.23046875,1.171875,-0.21484375,-0.41015625
13615,1.201171875,1.025390625,-0.341796875,-0.44921875
13616,1.181640625,1.171875,-0.2734375,-0.498046875
13617,1.23046875,1.123046875,-0.15625,-0.44921875
13618,1.220703125,1.083984375,-0.3125,-0.4296875
13619,1.357421875,1.142578125,-0.185546875,-0.458984375
13620,1.201171875,1.11328125,-0.341796875,-0.46875
13621,1.201171875,1.15234375,-0.25390625,-0.4296875
13622,1.142578125,1.09375,-0.263671875,-0.380859375
13623,1.11328125,1.103515625,-0.244140625,-0.419921875
13624,1.220703125,1.171875,-0.1171875,-0.439453125
13625,1.3671875,1.171875,-0.244140625,-0.498046875
13626,1.19140625,1.181640625,-0.263671875,-0.41015625
13627,1.19140625,1.162109375,-0.234375,-0.380859375
13628,1.201171875,1.23046875,-0.234375,-0.380859375
13629,1.220703125,1.15234375,-0.205078125,-0.4296875
13630,1.240234375,1.201171875,-0.2734375,-0.498046875
13631,1.279296875,1.1328125,-0.283203125,-0.458984375
13632,1.2109375,1.19140625,-0.33203125,-0.44921875
13633,1.220703125,1.220703125,-0.234375,-0.380859375
13634,1.220703125,1.201171875,-0.322265625,-0.5078125
13635,1.220703125,1.171875,-0.25390625,-0.4296875
13636,1.15234375,1.142578125,-0.224609375,-0.46875
13637,1.2109375,1.162109375,-0.17578125,-0.52734375
13638,1.259765625,1.201171875,-0.205078125,-0.498046875
13639,1.19140625,1.162109375,-0.263671875,-0.46875
13640,1.279296875,1.42578125,-0.25390625,-0.517578125
13641,1.19140625,1.181640625,-0.25390625,-0.458984375
13642,1.220703125,1.07421875,-0.205078125,-0.29296875
13643,1.2109375,1.171875,-0.244140625,-0.41015625
13644,1.279296875,1.181640625,-0.146484375,-0.400390625
13645,1.15234375,1.298828125,-0.322265625,-0.478515625
13646,1.30859375,1.220703125,-0.21484375,-0.44921875
13647,1.240234375,1.201171875,-0.244140625,-0.400390625
13648,1.19140625,1.015625,-0.244140625,-0.400390625
13649,1.142578125,1.201171875,-0.205078125,-0.400390625
13650,1.201171875,1.19140625,-0.205078125,-0.419921875
13651,1.064453125,1.201171875,-0.146484375,-0.419921875
13652,1.19140625,1.171875,-0.224609375,-0.576171875
13653,1.083984375,1.23046875,-0.21484375,-0.419921875
13654,1.2109375,1.15234375,-0.205078125,-0.33203125
13655,1.181640625,1.123046875,-0.185546875,-0.390625
13656,1.083984375,1.083984375,-0.224609375,-0.419921875
13657,1.171875,1.09375,-0.234375,-0.380859375
13658,1.220703125,1.162109375,-0.21484375,-0.458984375
13659,1.201171875,1.19140625,-0.29296875,-0.322265625
13660,1.15234375,1.123046875,-0.2734375,-0.41015625
13661,1.220703125,1.015625,-0.263671875,-0.37109375
13662,1.19140625,1.19140625,-0.25390625,-0.400390625
13663,1.220703125,1.171875,-0.302734375,-0.390625
13664,1.23046875,1.103515625,-0.224609375,-0.361328125
13665,1.220703125,1.201171875,-0.224609375,-0.234375
13666,1.123046875,1.123046875,-0.302734375,-0.341796875
13667,1.171875,1.09375,-0.068359375,-0.29296875
13668,1.201171875,1.07421875,-0.263671875,-0.380859375
13669,1.2890625,1.162109375,-0.322265625,-0.3515625
13670,1.2109375,1.171875,-0.205078125,-0.205078125
13671,1.162109375,1.123046875,-0.33203125,-0.439453125
13672,1.2109375,1.142578125,-0.419921875,-0.4296875
13673,1.171875,1.11328125,-0.361328125,-0.46875
13674,1.298828125,1.11328125,-0.185546875,-0.380859375
13675,1.171875,1.181640625,-0.302734375,-0.380859375
13676,1.201171875,1.171875,-0.322265625,-0.4296875
13677,1.09375,1.123046875,-0.234375,-0.341796875
13678,1.07421875,1.09375,-0.2734375,-0.419921875
13679,1.23046875,1.0546875,-0.33203125,-0.37109375
13680,1.259765625,1.123046875,-0.224609375,-0.302734375
13681,1.279296875,1.240234375,-0.322265625,-0.4296875
13682,1.220703125,1.30859375,-0.322265625,-0.517578125
13683,1.259765625,1.15234375,-0.302734375,-0.1953125
13684,1.181640625,1.025390625,-0.25390625,-0.458984375
13685,1.240234375,1.11328125,-0.361328125,-0.244140625
13686,1.162109375,1.142578125,-0.263671875,-0.322265625
13687,1.1328125,0.986328125,-0.244140625,-0.33203125
13688,1.220703125,1.11328125,-0.390625,-0.37109375
13689,1.30859375,1.0546875,-0.3125,-0.341796875
13690,1.298828125,1.1328125,-0.302734375,-0.380859375
13691,1.171875,1.171875,-0.17578125,-0.263671875
13692,1.2109375,1.123046875,-0.2734375,-0.390625
13693,1.220703125,1.2109375,-0.205078125,-0.283203125
13694,1.26953125,1.07421875,-0.341796875,-0.361328125
13695,1.298828125,1.15234375,-0.205078125,-0.341796875
13696,1.201171875,1.23046875,-0.1953125,-0.33203125
13697,1.240234375,1.09375,-0.205078125,-0.37109375
13698,1.259765625,1.15234375,-0.2734375,-0.4296875
13699,1.240234375,1.15234375,-0.205078125,-0.390625
13700,1.19140625,1.171875,-0.17578125,-0.400390625
13701,1.26953125,1.15234375,-0.224609375,-0.44921875
13702,1.26953125,1.220703125,-0.263671875,-0.361328125
13703,1.240234375,1.30859375,-0.21484375,-0.37109375
13704,1.279296875,1.162109375,-0.29296875,-0.3125
13705,1.259765625,1.171875,-0.15625,-0.400390625
13706,1.25,1.103515625,-0.2734375,-0.390625
13707,1.298828125,1.15234375,-0.25390625,-0.29296875
13708,1.23046875,1.1328125,-0.244140625,-0.380859375
13709,1.2890625,1.2109375,-0.283203125,-0.439453125
13710,1.2109375,1.2109375,-0.29296875,-0.400390625
13711,1.240234375,1.220703125,-0.322265625,-0.390625
13712,1.357421875,1.11328125,-0.263671875,-0.400390625
13713,1.298828125,1.2109375,-0.263671875,-0.224609375
13714,1.240234375,1.123046875,-0.224609375,-0.37109375
13715,1.26953125,0.927734375,-0.224609375,-0.361328125
13716,1.279296875,1.162109375,-0.302734375,-0.3515625
13717,1.240234375,1.1328125,-0.33203125,-0.41015625
13718,1.298828125,1.26953125,-0.361328125,-0.322265625
13719,1.328125,1.15234375,-0.3125,-0.29296875
13720,1.357421875,1.181640625,-0.25390625,-0.361328125
13721,1.328125,1.259765625,-0.3515625,-0.33203125
13722,1.357421875,1.25,-0.205078125,-0.48828125
13723,1.279296875,1.162109375,-0.2734375,-0.46875
13724,1.240234375,1.1328125,-0.29296875,-0.400390625
13725,1.376953125,1.1328125,-0.13671875,-0.283203125
13726,1.40625,1.19140625,-0.2734375,-0.25390625
13727,1.38671875,1.25,-0.283203125,-0.419921875
13728,1.38671875,1.162109375,-0.3125,-0.380859375
13729,1.2890625,1.15234375,-0.185546875,-0.44921875
13730,1.46484375,1.15234375,-0.390625,-0.37109375
13731,1.328125,1.07421875,-0.21484375,-0.46875
13732,1.220703125,1.142578125,-0.21484375,-0.263671875
13733,1.26953125,1.0546875,-0.341796875,-0.390625
13734,1.25,1.15234375,-0.146484375,-0.3515625
13735,1.2890625,1.15234375,-0.283203125,-0.419921875
13736,1.26953125,1.123046875,-0.244140625,-0.380859375
13737,1.279296875,1.162109375,-0.44921875,-0.361328125
13738,1.279296875,1.15234375,-0.1953125,-0.400390625
13739,1.171875,1.1328125,-0.29296875,-0.380859375
13740,1.220703125,1.15234375,-0.244140625,-0.3125
13741,1.3671875,1.162109375,-0.13671875,-0.3125
13742,1.328125,1.19140625,-0.25390625,-0.33203125
13743,1.26953125,0.869140625,-0.17578125,-0.29296875
13744,1.376953125,1.064453125,-0.2734375,-0.458984375
13745,1.3671875,1.083984375,-0.322265625,-0.361328125
13746,1.279296875,1.220703125,-0.185546875,-0.419921875
13747,1.26953125,1.11328125,-0.126953125,-0.37109375
13748,1.455078125,1.123046875,-0.21484375,-0.341796875
13749,1.30859375,1.298828125,-0.25390625,-0.341796875
13750,1.46484375,1.11328125,-0.234375,-0.390625
13751,1.162109375,1.044921875,-0.3125,-0.341796875
13752,1.25,1.2109375,-0.126953125,-0.419921875
13753,1.30859375,1.181640625,-0.17578125,-0.322265625
13754,1.318359375,1.09375,-0.263671875,-0.302734375
13755,1.25,1.25,-0.048828125,-0.390625
13756,1.25,1.11328125,-0.283203125,-0.33203125
13757,1.3671875,1.181640625,-0.224609375,-0.37109375
13758,1.240234375,1.123046875,-0.13671875,-0.37109375
13759,1.318359375,1.064453125,-0.302734375,-0.322265625
13760,1.240234375,1.15234375,-0.33203125,-0.439453125
13761,1.23046875,1.0546875,-0.166015625,-0.41015625
13762,1.19140625,1.015625,-0.234375,-0.390625
13763,1.26953125,1.15234375,-0.234375,-0.37109375
13764,1.25,1.07421875,-0.361328125,-0.390625
13765,1.171875,1.083984375,-0.244140625,-0.5078125
13766,1.171875,1.044921875,-0.25390625,-0.361328125
13767,1.220703125,1.0546875,-0.244140625,-0.419921875
13768,1.15234375,1.15234375,-0.1953125,-0.625
13769,1.279296875,1.025390625,-0.25390625,-0.3515625
13770,1.25,1.220703125,-0.322265625,-0.37109375
13771,1.23046875,1.09375,-0.224609375,-0.244140625
13772,1.181640625,1.1328125,-0.2734375,-0.361328125
13773,1.220703125,1.103515625,-0.29296875,-0.400390625
13774,1.23046875,0.9375,-0.302734375,-0.205078125
13775,1.181640625,1.07421875,-0.263671875,-0.322265625
13776,1.220703125,1.044921875,-0.166015625,-0.33203125
13777,1.220703125,1.171875,-0.33203125,-0.41015625
13778,1.19140625,1.09375,-0.185546875,-0.29296875
13779,1.2109375,1.2109375,-0.21484375,-0.322265625
13780,1.162109375,1.005859375,-0.234375,-0.322265625
13781,1.015625,1.11328125,-0.224609375,-0.341796875
13782,1.2109375,1.181640625,-0.302734375,-0.2734375
13783,1.220703125,0.986328125,-0.224609375,-0.400390625
13784,1.2109375,1.083984375,-0.29296875,-0.341796875
13785,1.19140625,1.07421875,-0.33203125,-0.33203125
13786,1.259765625,1.162109375,-0.234375,-0.205078125
13787,1.30859375,1.0546875,-0.2734375,-0.263671875
13788,1.220703125,1.103515625,-0.33203125,-0.37109375
13789,1.171875,1.03515625,-0.29296875,-0.25390625
13790,1.09375,1.083984375,-0.2734375,-0.341796875
13791,1.15234375,0.95703125,-0.205078125,-0.37109375
13792,1.181640625,1.23046875,-0.205078125,-0.361328125
13793,1.23046875,1.1328125,-0.29296875,-0.380859375
13794,1.181640625,1.123046875,-0.322265625,-0.33203125
13795,1.181640625,1.23046875,-0.185546875,-0.25390625
13796,1.1328125,1.15234375,-0.29296875,-0.3515625
13797,1.181640625,1.015625,-0.3125,-0.400390625
13798,1.201171875,1.123046875,-0.29296875,-0.380859375
13799,1.11328125,1.123046875,-0.234375,-0.25390625
13800,1.220703125,1.142578125,-0.400390625,-0.283203125
13801,1.181640625,1.09375,-0.205078125,-0.25390625
13802,1.318359375,1.1328125,-0.21484375,-0.29296875
13803,1.259765625,1.083984375,-0.224609375,-0.25390625
13804,1.23046875,1.083984375,-0.283203125,-0.1953125
13805,1.171875,1.083984375,-0.224609375,-0.2734375
13806,1.201171875,1.171875,-0.263671875,-0.302734375
13807,1.2890625,0.87890625,-0.01953125,-0.21484375
13808,1.259765625,1.142578125,-0.263671875,-0.37109375
13809,1.201171875,1.15234375,-0.263671875,-0.33203125
13810,1.259765625,1.09375,-0.068359375,-0.283203125
13811,1.328125,1.103515625,-0.263671875,-0.224609375
13812,1.2109375,1.07421875,-0.29296875,-0.17578125
13813,1.30859375,1.064453125,-0.3125,-0.15625
13814,1.181640625,1.11328125,-0.33203125,-0.13671875
13815,1.38671875,1.1328125,-0.205078125,-0.21484375
13816,1.171875,1.083984375,-0.263671875,-0.146484375
13817,1.201171875,1.064453125,-0.263671875,-0.3125
13818,1.26953125,1.083984375,-0.283203125,-0.234375
13819,1.162109375,1.220703125,-0.302734375,-0.21484375
13820,1.220703125,1.123046875,-0.302734375,-0.263671875
13821,1.298828125,1.1328125,-0.29296875,-0.244140625
13822,1.26953125,1.123046875,-0.33203125,-0.166015625
13823,1.259765625,1.044921875,-0.283203125,-0.1953125
13824,1.2890625,1.083984375,-0.390625,-0.302734375
13825,1.240234375,1.123046875,-0.361328125,-0.29296875
13826,1.201171875,1.11328125,-0.29296875,-0.078125
13827,1.2109375,1.0546875,-0.21484375,-0.234375
13828,1.240234375,1.171875,-0.3515625,-0.302734375
13829,1.201171875,1.123046875,-0.33203125,-0.25390625
13830,1.171875,1.025390625,-0.244140625,-0.322265625
13831,1.259765625,1.25,-0.2734375,-0.185546875
13832,1.201171875,1.123046875,-0.3125,-0.37109375
13833,1.240234375,1.0546875,-0.29296875,-0.25390625
13834,1.337890625,1.201171875,-0.224609375,-0.25390625
13835,1.220703125,1.1328125,-0.3125,-0.37109375
13836,1.15234375,1.11328125,-0.29296875,-0.21484375
13837,1.298828125,1.11328125,-0.41015625,-0.263671875
13838,1.23046875,1.11328125,-0.390625,-0.37109375
13839,1.11328125,1.09375,-0.322265625,-0.126953125
13840,1.279296875,1.142578125,-0.41015625,-0.302734375
13841,1.279296875,1.11328125,-0.458984375,-0.244140625
13842,1.416015625,1.103515625,-0.3515625,-0.224609375
13843,1.2890625,1.1328125,-0.341796875,-0.205078125
13844,1.23046875,1.015625,-0.3515625,-0.146484375
13845,1.201171875,1.11328125,-0.419921875,-0.419921875
13846,1.15234375,1.083984375,-0.37109375,-0.21484375
13847,1.23046875,1.162109375,-0.361328125,-0.146484375
13848,1.279296875,1.162109375,-0.380859375,-0.2734375
13849,1.220703125,1.005859375,-0.322265625,-0.33203125
13850,1.298828125,1.123046875,-0.29296875,-0.41015625
13851,1.259765625,1.142578125,-0.3125,-0.25390625
13852,1.25,1.083984375,-0.380859375,-0.3125
13853,1.240234375,1.07421875,-0.419921875,-0.283203125
13854,1.220703125,1.123046875,-0.33203125,-0.244140625
13855,1.376953125,1.064453125,-0.29296875,-0.234375
13856,1.201171875,1.015625,-0.2734375,-0.400390625
13857,1.2890625,1.15234375,-0.33203125,-0.126953125
13858,1.240234375,1.2109375,-0.263671875,-0.25390625
13859,1.162109375,1.162109375,-0.29296875,-0.3125
13860,1.2890625,1.201171875,-0.33203125,-0.234375
13861,1.201171875,1.142578125,-0.44921875,-0.244140625
13862,1.240234375,1.220703125,-0.361328125,-0.224609375
13863,1.09375,1.11328125,-0.3515625,-0.13671875
13864,1.23046875,1.09375,-0.33203125,-0.234375
13865,1.19140625,1.11328125,-0.37109375,-0.185546875
13866,1.181640625,0.986328125,-0.33203125,-0.380859375
13867,1.26953125,1.1328125,-0.15625,-0.263671875
13868,1.2109375,1.19140625,-0.185546875,-0.33203125
13869,1.318359375,1.103515625,-0.302734375,-0.224609375
13870,1.07421875,1.11328125,-0.283203125,-0.224609375
13871,1.15234375,1.123046875,-0.185546875,-0.37109375
13872,1.240234375,1.07421875,-0.2734375,-0.2734375
13873,1.201171875,1.015625,-0.29296875,-0.1953125
13874,1.123046875,1.26953125,-0.3125,-0.234375
13875,1.201171875,1.064453125,-0.2734375,-0.2734375
13876,1.171875,1.142578125,-0.263671875,-0.25390625
13877,1.181640625,1.083984375,-0.29296875,-0.341796875
13878,1.25,1.123046875,-0.302734375,-0.283203125
13879,1.25,1.162109375,-0.322265625,-0.224609375
13880,1.23046875,1.2109375,-0.439453125,-0.380859375
13881,1.181640625,1.11328125,-0.302734375,-0.3515625
13882,1.09375,1.142578125,-0.341796875,-0.302734375
13883,1.162109375,1.2109375,-0.3125,-0.166015625
13884,1.30859375,1.201171875,-0.302734375,-0.283203125
13885,1.19140625,0.99609375,-0.263671875,-0.244140625
13886,1.318359375,1.123046875,-0.322265625,-0.302734375
13887,1.15234375,1.064453125,-0.224609375,-0.107421875
13888,1.142578125,1.1328125,-0.302734375,-0.302734375
13889,1.337890625,1.1328125,-0.29296875,-0.25390625
13890,1.298828125,1.09375,-0.341796875,-0.1171875
13891,1.318359375,1.142578125,-0.3125,-0.244140625
13892,1.30859375,1.240234375,-0.37109375,-0.302734375
13893,1.26953125,1.30859375,-0.1953125,-0.234375
13894,1.23046875,1.15234375,-0.341796875,-0.25390625
13895,1.220703125,1.1328125,-0.3515625,-0.2734375
13896,1.26953125,1.171875,-0.283203125,-0.283203125
13897,1.298828125,1.0546875,-0.322265625,-0.302734375
13898,1.23046875,1.25,-0.283203125,-0.2734375
13899,1.2890625,1.181640625,-0.302734375,-0.4296875
13900,1.19140625,1.083984375,-0.3515625,-0.205078125
13901,1.23046875,1.162109375,-0.400390625,-0.283203125
13902,1.162109375,1.103515625,-0.33203125,-0.25390625
13903,1.259765625,1.1328125,-0.322265625,-0.25390625
13904,1.220703125,1.2109375,-0.3515625,-0.2734375
13905,1.19140625,1.07421875,-0.3125,-0.439453125
13906,1.2890625,1.2109375,-0.361328125,-0.078125
13907,1.201171875,1.11328125,-0.37109375,-0.234375
13908,1.19140625,1.19140625,-0.25390625,-0.185546875
13909,1.23046875,1.162109375,-0.29296875,-0.3515625
13910,1.201171875,1.19140625,-0.205078125,-0.3125
13911,1.26953125,1.11328125,-0.361328125,-0.224609375
13912,1.337890625,1.1328125,-0.263671875,-0.1953125
13913,1.2109375,1.328125,-0.341796875,-0.29296875
13914,1.26953125,1.162109375,-0.322265625,-0.283203125
13915,1.19140625,1.11328125,-0.322265625,-0.46875
13916,1.25,1.083984375,-0.302734375,-0.341796875
13917,1.26953125,1.15234375,-0.25390625,-0.3125
13918,1.328125,1.15234375,-0.205078125,-0.3515625
13919,1.15234375,1.083984375,-0.068359375,-0.3125
13920,1.259765625,1.064453125,-0.283203125,-0.2734375
13921,1.34765625,1.162109375,-0.3125,-0.17578125
13922,1.15234375,1.259765625,-0.1953125,-0.3125
13923,1.23046875,1.26953125,-0.4296875,-0.21484375
13924,1.162109375,1.11328125,-0.224609375,-0.126953125
13925,1.328125,1.19140625,-0.439453125,-0.29296875
13926,1.19140625,1.123046875,-0.37109375,-0.29296875
13927,1.328125,1.09375,-0.29296875,-0.517578125
13928,1.23046875,1.044921875,-0.3515625,-0.2734375
13929,1.23046875,1.015625,-0.244140625,-0.283203125
13930,1.25,1.103515625,-0.234375,-0.341796875
13931,1.181640625,1.26953125,-0.283203125,-0.263671875
13932,1.298828125,1.09375,-0.33203125,-0.166015625
13933,1.279296875,1.142578125,-0.302734375,-0.21484375
13934,1.23046875,1.123046875,-0.322265625,-0.25390625
13935,1.26953125,1.201171875,-0.419921875,-0.3125
13936,1.220703125,1.1328125,-0.234375,-0.25390625
13937,1.201171875,1.11328125,-0.17578125,-0.25390625
13938,1.279296875,1.2109375,-0.41015625,-0.283203125
13939,1.25,1.181640625,-0.244140625,-0.41015625
13940,1.298828125,1.0546875,-0.3125,-0.25390625
13941,1.23046875,1.162109375,-0.1953125,-0.3125
13942,1.171875,1.103515625,-0.224609375,-0.2734375
13943,1.15234375,1.09375,-0.380859375,-0.302734375
13944,1.23046875,1.103515625,-0.44921875,-0.283203125
13945,1.259765625,1.26953125,-0.2734375,-0.29296875
13946,1.328125,0.9765625,-0.25390625,-0.3125
13947,1.201171875,1.171875,-0.17578125,-0.361328125
13948,1.23046875,1.162109375,-0.322265625,-0.29296875
13949,1.2890625,1.171875,-0.283203125,-0.3515625
13950,1.2109375,1.142578125,-0.439453125,-0.2734375
13951,1.171875,1.142578125,-0.25390625,-0.29296875
13952,1.26953125,1.162109375,-0.25390625,-0.29296875
13953,1.220703125,1.181640625,-0.234375,-0.3125
13954,1.220703125,1.181640625,-0.224609375,-0.185546875
13955,1.181640625,1.142578125,-0.224609375,-0.390625
13956,1.181640625,1.279296875,-0.29296875,-0.302734375
13957,1.19140625,1.171875,-0.25390625,-0.5859375
13958,1.15234375,1.2109375,-0.2734375,-0.3125
13959,1.123046875,0.869140625,-0.2734375,-0.341796875
13960,1.279296875,1.0546875,-0.234375,-0.3515625
13961,1.201171875,1.123046875,-0.33203125,-0.380859375
13962,1.259765625,1.220703125,-0.234375,-0.33203125
13963,1.220703125,1.201171875,-0.263671875,-0.2734375
13964,1.2890625,1.201171875,-0.33203125,-0.2734375
13965,1.220703125,1.015625,-0.361328125,-0.3125
13966,1.162109375,1.181640625,-0.2734375,-0.478515625
13967,1.240234375,1.162109375,-0.3125,-0.44921875
13968,1.2109375,1.23046875,-0.37109375,-0.283203125
13969,1.26953125,1.162109375,-0.361328125,-0.33203125
13970,1.201171875,1.19140625,-0.3125,-0.390625
13971,1.2109375,1.201171875,-0.2734375,-0.33203125
13972,1.298828125,1.181640625,-0.33203125,-0.244140625
13973,1.357421875,1.259765625,-0.322265625,-0.361328125
13974,1.26953125,1.2109375,-0.21484375,-0.341796875
13975,1.259765625,1.328125,-0.341796875,-0.390625
13976,1.201171875,1.240234375,-0.25390625,-0.4296875
13977,1.11328125,1.123046875,-0.234375,-0.361328125
13978,1.240234375,1.240234375,-0.17578125,-0.3515625
13979,0.99609375,1.2109375,-0.25390625,-0.263671875
13980,1.23046875,1.23046875,-0.21484375,-0.3515625
13981,1.15234375,1.083984375,-0.224609375,-0.478515625
13982,1.201171875,1.259765625,-0.2734375,-0.380859375
13983,1.15234375,1.259765625,-0.17578125,-0.33203125
13984,1.2109375,1.103515625,-0.322265625,-0.4296875
13985,1.123046875,1.240234375,-0.322265625,-0.341796875
13986,1.0546875,1.19140625,-0.400390625,-0.390625
13987,1.15234375,1.259765625,-0.146484375,-0.458984375
13988,1.162109375,1.23046875,-0.390625,-0.5078125
13989,1.2109375,1.2109375,-0.3125,-0.419921875
13990,1.123046875,1.1328125,-0.21484375,-0.341796875
13991,1.25,1.220703125,-0.2734375,-0.419921875
13992,1.123046875,1.25,-0.29296875,-0.4296875
13993,1.09375,1.171875,-0.166015625,-0.4296875
13994,1.123046875,1.201171875,-0.263671875,-0.380859375
13995,1.162109375,1.26953125,-0.244140625,-0.390625
13996,1.25,1.103515625,-0.205078125,-0.41015625
13997,1.2109375,1.259765625,-0.2734375,-0.3515625
13998,1.15234375,1.279296875,-0.185546875,-0.458984375
13999,1.279296875,1.240234375,-0.1953125,-0.498046875
14000,1.42578125,1.240234375,-0.25390625,-0.400390625
14001,1.19140625,1.2109375,-0.2734375,-0.41015625
14002,1.201171875,1.123046875,-0.29296875,-0.380859375
14003,1.142578125,1.25,-0.1953125,-0.5078125
14004,1.23046875,1.240234375,-0.322265625,-0.41015625
14005,1.142578125,1.240234375,-0.37109375,-0.400390625
14006,1.11328125,1.328125,-0.302734375,-0.3515625
14007,1.2109375,1.201171875,-0.37109375,-0.380859375
14008,1.220703125,1.376953125,-0.361328125,-0.361328125
14009,1.240234375,1.220703125,-0.283203125,-0.439453125
14010,1.181640625,1.220703125,-0.244140625,-0.341796875
14011,1.201171875,1.279296875,-0.25390625,-0.390625
14012,1.201171875,1.103515625,-0.2734375,-0.400390625
14013,1.23046875,1.181640625,-0.341796875,-0.3515625
14014,1.181640625,1.181640625,-0.400390625,-0.302734375
14015,1.15234375,1.083984375,-0.29296875,-0.52734375
14016,1.201171875,1.181640625,-0.302734375,-0.390625
14017,1.2109375,1.142578125,-0.1953125,-0.37109375
14018,1.201171875,1.171875,-0.21484375,-0.3515625
14019,1.259765625,1.09375,-0.244140625,-0.390625
14020,1.171875,1.15234375,-0.29296875,-0.380859375
14021,1.19140625,1.259765625,-0.244140625,-0.458984375
14022,1.162109375,1.201171875,-0.234375,-0.224609375
14023,1.181640625,1.142578125,-0.4296875,-0.390625
14024,1.23046875,1.181640625,-0.3515625,-0.3125
14025,1.240234375,1.162109375,-0.1953125,-0.37109375
14026,1.26953125,1.23046875,-0.37109375,-0.33203125
14027,1.240234375,1.15234375,-0.146484375,-0.29296875
14028,1.220703125,1.15234375,-0.29296875,-0.52734375
14029,1.26953125,0.8984375,-0.341796875,-0.419921875
14030,1.240234375,1.103515625,-0.224609375,-0.33203125
14031,1.171875,1.1328125,-0.244140625,-0.3515625
14032,1.298828125,1.3671875,-0.283203125,-0.419921875
14033,1.2890625,1.005859375,-0.185546875,-0.390625
14034,1.201171875,1.162109375,-0.21484375,-0.33203125
14035,1.240234375,1.005859375,-0.2734375,-0.44921875
14036,1.23046875,1.23046875,-0.283203125,-0.439453125
14037,1.337890625,1.171875,-0.302734375,-0.458984375
14038,1.298828125,1.142578125,-0.244140625,-0.400390625
14039,1.171875,1.162109375,-0.166015625,-0.41015625
14040,1.171875,1.1328125,-0.283203125,-0.302734375
14041,1.1328125,1.171875,-0.21484375,-0.41015625
14042,1.2109375,1.171875,-0.205078125,-0.439453125
14043,1.11328125,1.171875,-0.234375,-0.46875
14044,1.298828125,1.0546875,-0.205078125,-0.380859375
14045,1.201171875,1.064453125,-0.380859375,-0.41015625
14046,1.279296875,1.09375,-0.234375,-0.400390625
14047,1.0546875,1.171875,-0.263671875,-0.390625
14048,1.25,1.11328125,-0.361328125,-0.41015625
14049,1.171875,1.19140625,-0.224609375,-0.390625
14050,1.123046875,1.11328125,-0.244140625,-0.4296875
14051,1.103515625,1.083984375,-0.17578125,-0.458984375
14052,1.240234375,1.142578125,-0.244140625,-0.5078125
14053,1.162109375,1.19140625,-0.283203125,-0.380859375
14054,1.259765625,1.15234375,-0.263671875,-0.48828125
14055,1.142578125,1.11328125,-0.1953125,-0.361328125
14056,1.15234375,1.11328125,-0.244140625,-0.458984375
14057,1.201171875,1.123046875,-0.13671875,-0.390625
14058,1.25,1.171875,-0.234375,-0.458984375
14059,1.2109375,0.986328125,-0.33203125,-0.517578125
14060,1.181640625,0.95703125,-0.322265625,-0.44921875
14061,1.25,1.171875,-0.29296875,-0.41015625
14062,1.259765625,1.171875,-0.2734375,-0.439453125
14063,1.23046875,1.162109375,-0.302734375,-0.48828125
14064,1.201171875,1.142578125,-0.2734375,-0.654296875
14065,1.240234375,1.142578125,-0.29296875,-0.48828125
14066,1.30859375,1.171875,-0.44921875,-0.458984375
14067,1.30859375,1.142578125,-0.263671875,-0.419921875
14068,1.240234375,1.162109375,-0.15625,-0.419921875
14069,1.25,1.2109375,-0.283203125,-0.400390625
14070,1.279296875,1.15234375,-0.21484375,-0.302734375
14071,1.240234375,1.1328125,-0.224609375,-0.390625
14072,1.259765625,1.025390625,-0.302734375,-0.390625
14073,1.25,1.171875,-0.29296875,-0.546875
14074,1.23046875,1.083984375,-0.224609375,-0.4296875
14075,1.259765625,1.015625,-0.15625,-0.4296875
14076,1.25,1.2109375,-0.224609375,-0.458984375
14077,1.2109375,1.2109375,-0.234375,-0.341796875
14078,1.201171875,1.19140625,-0.126953125,-0.52734375
14079,1.220703125,0.9765625,-0.21484375,-0.46875
14080,1.25,1.201171875,-0.2734375,-0.556640625
14081,1.34765625,1.181640625,-0.078125,-0.44921875
14082,1.23046875,1.2109375,-0.21484375,-0.419921875
14083,1.26953125,1.181640625,-0.234375,-0.5859375
14084,1.279296875,1.083984375,-0.146484375,-0.390625
14085,1.240234375,1.123046875,-0.244140625,-0.5078125
14086,1.19140625,1.162109375,-0.234375,-0.263671875
14087,1.23046875,1.1328125,-0.400390625,-0.341796875
14088,1.26953125,1.162109375,-0.29296875,-0.390625
14089,1.357421875,1.171875,-0.29296875,-0.478515625
14090,1.23046875,1.181640625,-0.2734375,-0.439453125
14091,1.201171875,1.1328125,-0.341796875,-0.458984375
14092,1.220703125,1.1328125,-0.29296875,-0.37109375
14093,1.044921875,1.240234375,-0.146484375,-0.361328125
14094,1.181640625,1.259765625,-0.263671875,-0.439453125
14095,1.142578125,1.15234375,-0.263671875,-0.390625
14096,1.240234375,1.123046875,-0.01953125,-0.322265625
14097,1.220703125,1.103515625,-0.244140625,-0.3125
14098,1.0546875,1.11328125,-0.1953125,-0.37109375
14099,1.181640625,1.19140625,-0.205078125,-0.400390625
14100,1.201171875,1.064453125,-0.234375,-0.380859375
14101,1.30859375,1.07421875,-0.29296875,-0.2734375
14102,1.26953125,1.103515625,-0.244140625,-0.3515625
14103,1.162109375,1.09375,-0.37109375,-0.37109375
14104,1.015625,1.123046875,-0.1953125,-0.37109375
14105,1.19140625,1.11328125,-0.33203125,-0.41015625
14106,1.25,1.26953125,-0.185546875,-0.33203125
14107,1.03515625,1.11328125,-0.17578125,-0.361328125
14108,1.083984375,1.07421875,-0.1953125,-0.4296875
14109,1.25,1.240234375,-0.263671875,-0.419921875
14110,1.19140625,1.103515625,-0.263671875,-0.390625
14111,1.23046875,1.15234375,-0.224609375,-0.41015625
14112,1.2109375,1.19140625,-0.224609375,-0.41015625
14113,1.142578125,1.142578125,-0.224609375,-0.341796875
14114,1.220703125,1.11328125,-0.21484375,-0.400390625
14115,1.15234375,1.240234375,-0.126953125,-0.4296875
14116,1.15234375,1.103515625,-0.3515625,-0.576171875
14117,1.181640625,1.11328125,-0.224609375,-0.361328125
14118,1.23046875,1.220703125,-0.234375,-0.25390625
14119,1.083984375,1.11328125,-0.3125,-0.302734375
14120,1.2109375,1.0546875,-0.3125,-0.33203125
14121,1.279296875,1.123046875,-0.224609375,-0.341796875
14122,1.26953125,1.11328125,-0.185546875,-0.44921875
14123,1.240234375,1.162109375,-0.15625,-0.3515625
14124,1.259765625,1.11328125,-0.21484375,-0.302734375
14125,1.23046875,1.123046875,-0.1953125,-0.380859375
14126,1.298828125,1.19140625,-0.13671875,-0.341796875
14127,1.30859375,1.220703125,-0.224609375,-0.302734375
14128,1.279296875,1.07421875,-0.341796875,-0.3125
14129,1.298828125,1.15234375,-0.224609375,-0.361328125
14130,1.2890625,1.11328125,-0.224609375,-0.400390625
14131,1.3671875,1.123046875,-0.33203125,-0.3515625
14132,1.34765625,1.103515625,-0.33203125,-0.361328125
14133,1.25,1.259765625,-0.25390625,-0.361328125
14134,1.25,1.103515625,-0.302734375,-0.478515625
14135,1.15234375,1.142578125,-0.322265625,-0.380859375
14136,1.259765625,1.2109375,-0.234375,-0.341796875
14137,1.2890625,1.09375,-0.283203125,-0.283203125
14138,1.19140625,1.103515625,-0.21484375,-0.390625
14139,1.23046875,1.025390625,-0.41015625,-0.322265625
14140,1.298828125,0.95703125,-0.4296875,-0.380859375
14141,1.240234375,1.1328125,-0.283203125,-0.400390625
14142,1.328125,1.15234375,-0.25390625,-0.390625
14143,1.259765625,1.142578125,-0.33203125,-0.361328125
14144,1.328125,1.19140625,-0.302734375,-0.400390625
14145,1.19140625,1.240234375,-0.2734375,-0.33203125
14146,1.2890625,1.1328125,-0.205078125,-0.41015625
14147,1.376953125,1.15234375,-0.25390625,-0.37109375
14148,1.259765625,1.15234375,-0.029296875,-0.390625
14149,1.2109375,1.279296875,-0.1953125,-0.3125
14150,1.337890625,1.171875,-0.25390625,-0.3125
14151,1.298828125,1.064453125,-0.1953125,-0.341796875
14152,1.3671875,1.220703125,-0.234375,-0.37109375
14153,1.513671875,1.142578125,-0.244140625,-0.33203125
14154,1.435546875,1.171875,-0.380859375,-0.380859375
14155,1.357421875,1.23046875,-0.244140625,-0.341796875
14156,1.42578125,1.15234375,-0.244140625,-0.341796875
14157,1.23046875,1.171875,-0.244140625,-0.3515625
14158,1.3671875,1.064453125,-0.224609375,-0.400390625
14159,1.376953125,1.083984375,-0.244140625,-0.322265625
14160,1.2890625,1.142578125,-0.234375,-0.37109375
14161,1.376953125,1.201171875,-0.341796875,-0.400390625
14162,1.337890625,1.142578125,-0.234375,-0.458984375
14163,1.23046875,1.171875,-0.29296875,-0.380859375
14164,1.26953125,1.044921875,-0.1953125,-0.37109375
14165,1.240234375,1.181640625,-0.224609375,-0.37109375
14166,1.09375,1.15234375,-0.224609375,-0.41015625
14167,1.26953125,1.1328125,-0.244140625,-0.283203125
14168,1.1328125,1.1328125,-0.3125,-0.2734375
14169,1.162109375,1.103515625,-0.33203125,-0.33203125
14170,1.25,1.2890625,-0.2734375,-0.419921875
14171,1.26953125,1.19140625,-0.205078125,-0.33203125
14172,1.26953125,1.15234375,-0.205078125,-0.41015625
14173,1.26953125,1.46484375,-0.17578125,-0.380859375
14174,1.23046875,1.171875,-0.13671875,-0.25390625
14175,1.26953125,1.240234375,-0.21484375,-0.380859375
14176,1.259765625,1.2109375,-0.21484375,-0.234375
14177,1.279296875,1.103515625,-0.205078125,-0.3125
14178,1.23046875,1.064453125,-0.17578125,-0.44921875
14179,1.240234375,1.103515625,-0.126953125,-0.33203125
14180,1.240234375,1.15234375,-0.21484375,-0.390625
14181,1.30859375,1.25,-0.283203125,-0.21484375
14182,1.328125,1.09375,-0.1953125,-0.3125
14183,1.318359375,1.123046875,-0.146484375,-0.263671875
14184,1.162109375,1.044921875,-0.224609375,-0.3515625
14185,1.259765625,1.07421875,-0.2734375,-0.37109375
14186,1.279296875,1.142578125,-0.33203125,-0.234375
14187,1.220703125,1.11328125,-0.29296875,-0.361328125
14188,1.2890625,1.23046875,-0.322265625,-0.390625
14189,1.30859375,1.11328125,-0.283203125,-0.341796875
14190,1.328125,1.11328125,-0.2734375,-0.419921875
14191,1.23046875,1.357421875,-0.17578125,-0.41015625
14192,1.1328125,1.162109375,-0.29296875,-0.478515625
14193,0.9765625,1.103515625,-0.2734375,-0.390625
14194,1.201171875,1.083984375,-0.1953125,-0.48828125
14195,1.181640625,1.123046875,-0.244140625,-0.419921875
14196,1.142578125,1.123046875,-0.234375,-0.390625
14197,1.142578125,1.2890625,-0.29296875,-0.380859375
14198,1.26953125,1.123046875,-0.2734375,-0.302734375
14199,1.181640625,1.123046875,-0.1953125,-0.400390625
14200,1.142578125,1.11328125,-0.166015625,-0.3515625
14201,1.083984375,1.07421875,-0.25390625,-0.37109375
14202,1.142578125,1.123046875,-0.234375,-0.380859375
14203,1.09375,1.123046875,-0.224609375,-0.322265625
14204,1.181640625,1.044921875,-0.17578125,-0.517578125
14205,1.279296875,1.07421875,-0.107421875,-0.419921875
14206,1.240234375,1.220703125,-0.205078125,-0.33203125
14207,1.240234375,1.064453125,-0.224609375,-0.302734375
14208,1.26953125,1.025390625,-0.146484375,-0.3515625
14209,1.103515625,1.26953125,-0.185546875,-0.322265625
14210,1.25,1.19140625,-0.166015625,-0.390625
14211,1.25,1.015625,-0.1953125,-0.37109375
14212,1.25,1.044921875,-0.234375,-0.302734375
14213,1.162109375,1.0546875,-0.185546875,-0.283203125
14214,1.2109375,1.044921875,-0.25390625,-0.25390625
14215,1.40625,0.986328125,-0.341796875,-0.37109375
14216,1.220703125,1.083984375,-0.15625,-0.341796875
14217,1.34765625,1.0546875,-0.224609375,-0.400390625
14218,1.240234375,0.947265625,-0.205078125,-0.341796875
14219,1.201171875,1.3671875,-0.302734375,-0.3125
14220,1.357421875,1.044921875,-0.21484375,-0.3515625
14221,1.220703125,1.142578125,-0.15625,-0.37109375
14222,1.2109375,1.025390625,-0.25390625,-0.2734375
14223,1.1328125,1.005859375,-0.1953125,-0.380859375
14224,1.044921875,1.064453125,-0.1953125,-0.361328125
14225,1.181640625,1.015625,-0.224609375,-0.322265625
14226,1.279296875,1.083984375,-0.234375,-0.205078125
14227,1.23046875,1.07421875,-0.224609375,-0.33203125
14228,1.220703125,1.11328125,-0.1953125,-0.37109375
14229,1.26953125,1.103515625,-0.224609375,-0.2734375
14230,1.201171875,1.142578125,-0.234375,-0.2734375
14231,1.25,0.986328125,-0.224609375,-0.322265625
14232,1.26953125,1.15234375,-0.244140625,-0.341796875
14233,0.99609375,1.11328125,-0.1953125,-0.302734375
14234,1.220703125,1.044921875,-0.087890625,-0.322265625
14235,1.220703125,1.201171875,-0.263671875,-0.15625
14236,1.1328125,1.11328125,-0.234375,-0.2734375
14237,1.279296875,1.220703125,-0.302734375,-0.3125
14238,1.30859375,1.044921875,-0.185546875,-0.2734375
14239,1.171875,1.103515625,-0.33203125,-0.33203125
14240,1.259765625,1.03515625,-0.126953125,-0.15625
14241,1.220703125,1.07421875,-0.25390625,-0.41015625
14242,1.171875,1.162109375,-0.146484375,-0.2734375
14243,1.279296875,1.083984375,-0.244140625,-0.283203125
14244,1.19140625,1.123046875,-0.234375,-0.15625
14245,1.30859375,1.09375,-0.17578125,-0.234375
14246,1.25,1.142578125,-0.37109375,-0.263671875
14247,1.220703125,1.1328125,-0.263671875,-0.244140625
14248,1.181640625,1.103515625,-0.1953125,-0.302734375
14249,1.19140625,1.142578125,-0.361328125,-0.25390625
14250,1.19140625,1.1328125,-0.33203125,-0.244140625
14251,1.142578125,1.1328125,-0.244140625,-0.244140625
14252,1.162109375,1.1328125,-0.263671875,-0.25390625
14253,1.19140625,1.123046875,-0.3125,-0.3515625
14254,1.083984375,1.15234375,-0.21484375,-0.21484375
14255,1.23046875,1.2109375,-0.302734375,-0.185546875
14256,1.171875,1.123046875,-0.322265625,-0.224609375
14257,1.259765625,1.201171875,-0.2734375,-0.25390625
14258,1.19140625,1.25,-0.458984375,-0.341796875
14259,1.201171875,1.2109375,-0.234375,-0.234375
14260,1.279296875,1.11328125,-0.283203125,-0.37109375
14261,1.162109375,1.09375,-0.15625,-0.21484375
14262,1.220703125,1.181640625,-0.4296875,-0.205078125
14263,1.4453125,1.181640625,-0.33203125,-0.21484375
14264,1.142578125,1.2109375,-0.25390625,-0.302734375
14265,1.25,1.142578125,-0.361328125,-0.263671875
14266,1.220703125,1.11328125,-0.37109375,-0.263671875
14267,1.240234375,0.810546875,-0.341796875,-0.244140625
14268,1.2109375,1.005859375,-0.3125,-0.205078125
14269,1.201171875,1.09375,-0.33203125,-0.263671875
14270,1.220703125,1.07421875,-0.400390625,-0.263671875
14271,1.201171875,1.0546875,-0.283203125,-0.419921875
14272,1.26953125,1.1328125,-0.380859375,-0.302734375
14273,1.083984375,1.171875,-0.25390625,-0.283203125
14274,1.25,1.064453125,-0.341796875,-0.33203125
14275,1.083984375,1.07421875,-0.341796875,-0.205078125
14276,1.142578125,0.927734375,-0.244140625,-0.322265625
14277,1.220703125,1.123046875,-0.361328125,-0.283203125
14278,1.23046875,1.09375,-0.224609375,-0.400390625
14279,1.19140625,1.15234375,-0.400390625,-0.244140625
14280,1.2109375,0.966796875,-0.3515625,-0.302734375
14281,1.25,1.11328125,-0.322265625,-0.3125
14282,1.23046875,1.171875,-0.439453125,-0.3515625
14283,1.171875,1.162109375,-0.44921875,-0.380859375
14284,1.171875,1.11328125,-0.33203125,-0.380859375
14285,1.259765625,1.1328125,-0.361328125,-0.234375
14286,1.240234375,1.025390625,-0.37109375,-0.185546875
14287,1.201171875,1.083984375,-0.29296875,-0.439453125
14288,1.26953125,1.201171875,-0.21484375,-0.244140625
14289,1.19140625,1.044921875,-0.283203125,-0.3125
14290,1.298828125,1.11328125,-0.3125,-0.25390625
14291,1.201171875,0.99609375,-0.37109375,-0.224609375
14292,1.23046875,1.103515625,-0.283203125,-0.2734375
14293,1.201171875,1.11328125,-0.33203125,-0.234375
14294,1.23046875,1.171875,-0.224609375,-0.234375
14295,1.142578125,1.044921875,-0.322265625,-0.17578125
14296,1.240234375,1.064453125,-0.29296875,-0.15625
14297,1.1328125,1.09375,-0.25390625,-0.322265625
14298,1.2109375,0.908203125,-0.341796875,-0.322265625
14299,1.162109375,1.103515625,-0.302734375,-0.2734375
14300,1.25,1.11328125,-0.380859375,-0.224609375
14301,1.15234375,1.025390625,-0.41015625,-0.244140625
14302,1.2109375,1.11328125,-0.283203125,-0.224609375
14303,1.279296875,1.181640625,-0.166015625,-0.322265625
14304,1.181640625,1.171875,-0.302734375,-0.283203125
14305,1.2109375,1.123046875,-0.2734375,-0.37109375
14306,1.142578125,1.03515625,-0.263671875,-0.2734375
14307,1.181640625,1.07421875,-0.2734375,-0.33203125
14308,1.142578125,1.162109375,-0.224609375,-0.244140625
14309,1.279296875,1.162109375,-0.361328125,-0.224609375
14310,1.201171875,1.201171875,-0.341796875,-0.263671875
14311,1.201171875,1.15234375,-0.2734375,-0.2734375
14312,1.142578125,1.1328125,-0.224609375,-0.3125
14313,1.201171875,1.1328125,-0.380859375,-0.341796875
14314,1.181640625,1.1328125,-0.2734375,-0.244140625
14315,1.23046875,1.142578125,-0.341796875,-0.224609375
14316,1.396484375,1.201171875,-0.234375,-0.2734375
14317,1.240234375,1.23046875,-0.29296875,-0.283203125
14318,1.34765625,1.11328125,-0.263671875,-0.1953125
14319,1.25,1.23046875,-0.4296875,-0.1953125
14320,1.26953125,1.15234375,-0.234375,-0.361328125
14321,1.25,1.1328125,-0.25390625,-0.37109375
14322,1.25,1.181640625,-0.17578125,-0.302734375
14323,1.30859375,1.1328125,-0.2734375,-0.21484375
14324,1.26953125,1.1328125,-0.1953125,-0.25390625
14325,1.15234375,1.123046875,-0.41015625,-0.263671875
14326,1.30859375,1.083984375,-0.322265625,-0.302734375
14327,1.2109375,1.103515625,-0.224609375,-0.263671875
14328,1.240234375,1.142578125,-0.244140625,-0.302734375
14329,1.328125,1.103515625,-0.361328125,-0.244140625
14330,1.201171875,1.103515625,-0.33203125,-0.244140625
14331,1.19140625,0.947265625,-0.390625,-0.341796875
14332,1.2109375,1.015625,-0.224609375,-0.263671875
14333,1.201171875,1.103515625,-0.322265625,-0.283203125
14334,1.171875,1.015625,-0.2734375,-0.244140625
14335,1.26953125,1.07421875,-0.33203125,-0.322265625
14336,1.171875,1.142578125,-0.29296875,-0.185546875
14337,1.162109375,1.11328125,-0.29296875,-0.25390625
14338,1.201171875,1.1328125,-0.302734375,-0.068359375
14339,1.298828125,1.1328125,-0.1953125,-0.283203125
14340,1.220703125,1.015625,-0.5078125,-0.322265625
14341,1.240234375,1.103515625,-0.283203125,-0.244140625
14342,1.240234375,1.123046875,-0.283203125,-0.1171875
14343,1.328125,1.171875,-0.2734375,-0.322265625
14344,1.201171875,1.142578125,-0.29296875,-0.15625
14345,1.357421875,1.0546875,-0.341796875,-0.21484375
14346,1.279296875,1.103515625,-0.2734375,-0.302734375
14347,1.23046875,1.162109375,-0.1953125,-0.283203125
14348,1.40625,1.09375,-0.33203125,-0.302734375
14349,1.142578125,1.181640625,-0.244140625,-0.361328125
14350,1.220703125,1.09375,-0.361328125,-0.2734375
14351,1.318359375,1.162109375,-0.322265625,-0.341796875
14352,1.26953125,1.15234375,-0.37109375,-0.2734375
14353,1.171875,0.99609375,-0.302734375,-0.322265625
14354,1.201171875,1.083984375,-0.25390625,-0.3515625
14355,1.416015625,1.1328125,-0.244140625,-0.2734375
14356,1.220703125,1.09375,-0.263671875,-0.302734375
14357,1.25,1.07421875,-0.126953125,-0.1953125
14358,1.15234375,1.142578125,-0.2734375,-0.283203125
14359,1.171875,0.693359375,-0.48828125,-0.302734375
14360,1.2890625,1.11328125,-0.302734375,-0.263671875
14361,1.19140625,1.23046875,-0.244140625,-0.33203125
14362,1.240234375,1.083984375,-0.341796875,-0.2734375
14363,1.142578125,1.07421875,-0.3125,-0.3125
14364,1.23046875,1.171875,-0.263671875,-0.29296875
14365,1.25,1.279296875,-0.244140625,-0.244140625
14366,1.26953125,1.220703125,-0.283203125,-0.302734375
14367,1.259765625,1.181640625,-0.3125,-0.33203125
14368,1.25,0.927734375,-0.419921875,-0.322265625
14369,1.298828125,1.123046875,-0.263671875,-0.322265625
14370,1.279296875,1.162109375,-0.302734375,-0.322265625
14371,1.220703125,1.15234375,-0.341796875,-0.283203125
14372,1.240234375,1.15234375,-0.3125,-0.361328125
14373,1.19140625,1.142578125,-0.322265625,-0.29296875
14374,1.279296875,1.19140625,-0.37109375,-0.302734375
14375,1.26953125,1.15234375,-0.29296875,-0.341796875
14376,1.220703125,1.15234375,-0.302734375,-0.224609375
14377,1.30859375,0.99609375,-0.44921875,-0.380859375
14378,1.26953125,1.15234375,-0.37109375,-0.390625
14379,1.23046875,1.19140625,-0.21484375,-0.33203125
14380,1.357421875,1.064453125,-0.1171875,-0.341796875
14381,1.298828125,1.123046875,-0.283203125,-0.224609375
14382,1.103515625,1.181640625,-0.224609375,-0.341796875
14383,1.337890625,1.15234375,-0.33203125,-0.37109375
14384,1.25,1.09375,-0.25390625,-0.283203125
14385,1.2109375,1.26953125,-0.1171875,-0.205078125
14386,1.259765625,1.26953125,-0.400390625,-0.380859375
14387,1.2109375,1.279296875,-0.185546875,-0.458984375
14388,0.966796875,1.19140625,-0.13671875,-0.1953125
14389,1.201171875,1.044921875,-0.263671875,-0.302734375
14390,1.171875,1.015625,-0.205078125,-0.41015625
14391,1.123046875,1.181640625,-0.234375,-0.341796875
14392,1.201171875,1.005859375,-0.341796875,-0.33203125
14393,1.162109375,1.240234375,-0.205078125,-0.341796875
14394,1.40625,1.19140625,-0.21484375,-0.322265625
14395,1.23046875,1.19140625,-0.166015625,-0.3125
14396,1.337890625,1.240234375,-0.166015625,-0.25390625
14397,1.19140625,1.171875,-0.25390625,-0.48828125
14398,1.259765625,1.142578125,-0.302734375,-0.37109375
14399,1.181640625,1.11328125,-0.205078125,-0.380859375
14400,1.15234375,1.220703125,-0.1953125,-0.322265625
14401,1.19140625,1.171875,-0.01953125,-0.244140625
14402,1.240234375,1.337890625,-0.263671875,-0.37109375
14403,1.26953125,1.181640625,-0.185546875,-0.390625
14404,1.259765625,1.15234375,-0.263671875,-0.33203125
14405,1.123046875,1.34765625,-0.244140625,-0.3125
14406,1.09375,1.220703125,-0.263671875,-0.263671875
14407,1.23046875,1.4453125,-0.29296875,-0.361328125
14408,1.240234375,1.259765625,-0.263671875,-0.322265625
14409,1.1328125,1.23046875,-0.283203125,-0.4296875
14410,1.064453125,1.19140625,-0.283203125,-0.380859375
14411,1.220703125,1.0546875,-0.341796875,-0.283203125
14412,1.171875,1.240234375,-0.2734375,-0.33203125
14413,1.25,1.23046875,-0.33203125,-0.41015625
14414,1.19140625,1.2109375,-0.205078125,-0.33203125
14415,1.123046875,1.2109375,-0.29296875,-0.44921875
14416,1.1328125,1.171875,-0.302734375,-0.380859375
14417,1.181640625,1.1328125,-0.107421875,-0.380859375
14418,1.220703125,1.240234375,-0.224609375,-0.390625
14419,1.142578125,1.259765625,-0.341796875,-0.390625
14420,1.123046875,1.298828125,-0.3515625,-0.341796875
14421,1.220703125,1.19140625,-0.283203125,-0.400390625
14422,1.11328125,1.240234375,-0.263671875,-0.341796875
14423,1.220703125,1.23046875,-0.263671875,-0.439453125
14424,1.2109375,1.201171875,-0.25390625,-0.390625
14425,1.171875,1.171875,-0.205078125,-0.390625
14426,1.2890625,1.240234375,-0.048828125,-0.400390625
14427,1.26953125,1.220703125,-0.185546875,-0.44921875
14428,1.298828125,1.181640625,-0.263671875,-0.400390625
14429,1.25,1.171875,-0.146484375,-0.380859375
14430,1.2890625,1.26953125,-0.25390625,-0.41015625
14431,1.142578125,1.201171875,-0.224609375,-0.37109375
14432,1.240234375,1.25,-0.263671875,-0.390625
14433,1.240234375,1.19140625,-0.2734375,-0.4296875
14434,1.2109375,1.162109375,-0.17578125,-0.400390625
14435,1.220703125,1.181640625,-0.361328125,-0.458984375
14436,1.171875,1.201171875,-0.322265625,-0.33203125
14437,1.26953125,1.2109375,-0.29296875,-0.380859375
14438,1.26953125,1.11328125,-0.33203125,-0.37109375
14439,1.23046875,1.201171875,-0.234375,-0.41015625
14440,1.298828125,1.26953125,-0.2734375,-0.234375
14441,1.171875,1.201171875,-0.185546875,-0.322265625
14442,1.201171875,1.162109375,-0.25390625,-0.380859375
14443,1.181640625,1.19140625,-0.1953125,-0.4296875
14444,1.15234375,1.083984375,-0.33203125,-0.380859375
14445,1.220703125,1.220703125,-0.263671875,-0.224609375
14446,1.1328125,1.201171875,-0.244140625,-0.44921875
14447,1.357421875,1.171875,-0.244140625,-0.380859375
14448,1.171875,1.015625,-0.25390625,-0.3515625
14449,1.279296875,1.240234375,-0.263671875,-0.25390625
14450,1.171875,1.2109375,-0.15625,-0.37109375
14451,1.171875,1.201171875,-0.166015625,-0.25390625
14452,1.11328125,1.171875,-0.2734375,-0.419921875
14453,1.064453125,1.220703125,-0.21484375,-0.341796875
14454,1.19140625,1.11328125,-0.29296875,-0.361328125
14455,1.23046875,1.181640625,-0.234375,-0.390625
14456,1.328125,1.19140625,-0.361328125,-0.41015625
14457,1.376953125,1.181640625,-0.283203125,-0.3125
14458,1.34765625,1.171875,-0.302734375,-0.4296875
14459,1.328125,1.162109375,-0.322265625,-0.33203125
14460,1.318359375,0.99609375,-0.25390625,-0.3515625
14461,1.2109375,1.142578125,-0.234375,-0.390625
14462,1.40625,1.083984375,-0.341796875,-0.380859375
14463,1.2890625,1.181640625,-0.25390625,-0.341796875
14464,1.23046875,1.171875,-0.263671875,-0.361328125
14465,1.23046875,1.23046875,-0.087890625,-0.37109375
14466,1.30859375,1.1328125,-0.283203125,-0.361328125
14467,1.337890625,1.15234375,-0.3125,-0.234375
14468,1.396484375,1.162109375,-0.244140625,-0.400390625
14469,1.2109375,1.0546875,-0.3515625,-0.33203125
14470,1.279296875,1.201171875,-0.205078125,-0.33203125
14471,1.240234375,1.1328125,-0.25390625,-0.400390625
14472,1.23046875,1.11328125,-0.263671875,-0.3125
14473,1.181640625,1.171875,-0.185546875,-0.419921875
14474,1.220703125,1.162109375,-0.341796875,-0.400390625
14475,1.23046875,1.123046875,-0.283203125,-0.33203125
14476,1.25,1.19140625,-0.185546875,-0.48828125
14477,1.25,1.07421875,-0.09765625,-0.46875
14478,1.23046875,1.07421875,-0.17578125,-0.46875
14479,1.2890625,1.11328125,-0.234375,-0.419921875
14480,1.19140625,1.15234375,-0.244140625,-0.439453125
14481,1.23046875,1.083984375,-0.17578125,-0.439453125
14482,1.171875,1.181640625,-0.263671875,-0.322265625
14483,1.298828125,1.09375,-0.205078125,-0.44921875
14484,1.171875,1.171875,-0.380859375,-0.46875
14485,1.171875,1.15234375,-0.185546875,-0.390625
14486,1.240234375,1.181640625,-0.302734375,-0.400390625
14487,1.162109375,1.220703125,-0.380859375,-0.302734375
14488,1.2109375,1.162109375,-0.15625,-0.615234375
14489,1.26953125,1.162109375,-0.283203125,-0.4296875
14490,1.19140625,1.123046875,-0.3125,-0.44921875
14491,1.240234375,1.1328125,-0.283203125,-0.341796875
14492,1.142578125,1.103515625,-0.25390625,-0.44921875
14493,1.123046875,1.07421875,-0.322265625,-0.37109375
14494,1.171875,1.123046875,-0.185546875,-0.322265625
14495,1.19140625,1.142578125,-0.263671875,-0.44921875
14496,1.2109375,1.162109375,-0.37109375,-0.46875
14497,1.19140625,1.142578125,-0.244140625,-0.341796875
14498,1.25,1.1328125,-0.322265625,-0.37109375
14499,1.25,1.142578125,-0.244140625,-0.41015625
14500,1.23046875,1.162109375,-0.302734375,-0.458984375
14501,1.09375,1.162109375,-0.283203125,-0.439453125
14502,1.181640625,1.09375,-0.2734375,-0.46875
14503,1.240234375,1.328125,-0.205078125,-0.3125
14504,1.26953125,1.201171875,-0.234375,-0.458984375
14505,1.298828125,1.201171875,-0.224609375,-0.4296875
14506,1.19140625,1.19140625,-0.322265625,-0.478515625
14507,1.171875,1.064453125,-0.224609375,-0.4296875
14508,1.298828125,1.2109375,-0.185546875,-0.41015625
14509,1.23046875,1.142578125,-0.361328125,-0.458984375
14510,1.1328125,1.162109375,-0.244140625,-0.380859375
14511,1.15234375,1.044921875,-0.21484375,-0.44921875
14512,1.15234375,1.0546875,-0.361328125,-0.46875
14513,1.15234375,1.171875,-0.17578125,-0.48828125
14514,1.025390625,1.30859375,-0.205078125,-0.41015625
14515,1.15234375,1.162109375,-0.13671875,-0.322265625
14516,1.181640625,1.2109375,-0.1953125,-0.29296875
14517,1.03515625,1.11328125,-0.322265625,-0.4296875
14518,1.103515625,1.25,-0.205078125,-0.48828125
14519,1.25,1.171875,-0.205078125,-0.390625
14520,1.123046875,1.201171875,-0.21484375,-0.390625
14521,1.181640625,1.025390625,-0.263671875,-0.517578125
14522,1.0546875,1.181640625,-0.25390625,-0.48828125
14523,1.19140625,1.171875,-0.13671875,-0.4296875
14524,1.201171875,1.181640625,-0.146484375,-0.517578125
14525,1.181640625,1.123046875,-0.283203125,-0.400390625
14526,1.083984375,1.0546875,-0.17578125,-0.361328125
14527,1.171875,1.171875,-0.263671875,-0.44921875
14528,1.30859375,1.25,-0.244140625,-0.263671875
14529,1.123046875,1.181640625,-0.166015625,-0.400390625
14530,1.26953125,0.966796875,-0.078125,-0.29296875
14531,1.181640625,1.181640625,-0.205078125,-0.44921875
14532,1.23046875,1.181640625,-0.29296875,-0.400390625
14533,1.23046875,1.15234375,-0.234375,-0.3515625
14534,1.19140625,1.083984375,-0.15625,-0.380859375
14535,1.34765625,1.0546875,-0.166015625,-0.3515625
14536,1.23046875,1.181640625,-0.146484375,-0.44921875
14537,1.220703125,1.09375,-0.1171875,-0.380859375
14538,1.171875,1.09375,-0.146484375,-0.380859375
14539,1.220703125,1.240234375,-0.078125,-0.380859375
14540,1.25,1.123046875,-0.224609375,-0.224609375
14541,1.220703125,1.1328125,-0.205078125,-0.439453125
14542,1.30859375,1.09375,-0.15625,-0.458984375
14543,1.23046875,1.07421875,-0.1953125,-0.361328125
14544,1.357421875,1.083984375,-0.185546875,-0.400390625
14545,1.142578125,0.99609375,-0.283203125,-0.41015625
14546,1.279296875,1.142578125,-0.302734375,-0.41015625
14547,1.1328125,1.171875,-0.25390625,-0.439453125
14548,1.23046875,1.220703125,-0.302734375,-0.478515625
14549,1.25,1.15234375,-0.37109375,-0.478515625
14550,1.11328125,1.11328125,-0.29296875,-0.380859375
14551,1.1328125,1.083984375,-0.400390625,-0.341796875
14552,1.259765625,1.0546875,-0.29296875,-0.4296875
14553,1.220703125,1.123046875,-0.17578125,-0.400390625
14554,1.240234375,1.044921875,-0.1953125,-0.322265625
14555,1.240234375,1.09375,-0.244140625,-0.4296875
14556,1.171875,1.123046875,-0.2734375,-0.224609375
14557,1.171875,1.083984375,-0.390625,-0.33203125
14558,1.2109375,1.0546875,-0.302734375,-0.29296875
14559,1.064453125,1.123046875,-0.17578125,-0.263671875
14560,1.2109375,1.171875,-0.234375,-0.37109375
14561,1.259765625,1.11328125,-0.234375,-0.478515625
14562,1.220703125,1.11328125,-0.224609375,-0.458984375
14563,1.201171875,0.986328125,-0.322265625,-0.400390625
14564,1.220703125,1.11328125,-0.234375,-0.419921875
14565,1.142578125,1.142578125,-0.263671875,-0.4296875
14566,1.26953125,1.09375,-0.17578125,-0.390625
14567,1.2890625,1.083984375,-0.17578125,-0.439453125
14568,1.533203125,1.0546875,-0.2734375,-0.3125
14569,1.2109375,0.986328125,-0.21484375,-0.400390625
14570,1.220703125,1.07421875,-0.263671875,-0.380859375
14571,1.2890625,1.07421875,-0.17578125,-0.380859375
14572,1.298828125,0.986328125,-0.361328125,-0.390625
14573,1.298828125,1.220703125,-0.17578125,-0.341796875
14574,1.181640625,1.142578125,-0.1953125,-0.2734375
14575,1.181640625,0.91796875,-0.234375,-0.3125
14576,1.30859375,0.986328125,-0.087890625,-0.361328125
14577,1.220703125,1.201171875,-0.146484375,-0.29296875
14578,1.30859375,1.15234375,-0.205078125,-0.37109375
14579,1.396484375,1.279296875,-0.185546875,-0.322265625
14580,1.3671875,1.23046875,-0.1953125,-0.283203125
14581,1.328125,1.015625,-0.185546875,-0.380859375
14582,1.328125,1.103515625,-0.302734375,-0.390625
14583,1.337890625,1.1328125,-0.21484375,-0.322265625
14584,1.09375,1.025390625,-0.107421875,-0.419921875
14585,1.396484375,1.083984375,0.01953125,-0.400390625
14586,1.38671875,1.162109375,-0.078125,-0.029296875
14587,1.357421875,1.181640625,-0.263671875,-0.380859375
14588,1.318359375,1.07421875,-0.068359375,-0.322265625
14589,1.376953125,1.220703125,-0.185546875,-0.3515625
14590,1.25,1.083984375,-0.25390625,-0.3515625
14591,1.337890625,1.201171875,-0.185546875,-0.361328125
14592,1.23046875,1.19140625,-0.234375,-0.400390625
14593,1.38671875,1.162109375,-0.13671875,-0.380859375
14594,1.26953125,1.220703125,-0.224609375,-0.390625
14595,1.103515625,1.162109375,-0.1953125,-0.29296875
14596,1.220703125,1.142578125,-0.1953125,-0.380859375
14597,1.2109375,1.220703125,-0.44921875,-0.41015625
14598,1.23046875,1.15234375,-0.2734375,-0.41015625
14599,1.2890625,1.171875,-0.283203125,-0.33203125
14600,1.259765625,1.15234375,-0.185546875,-0.361328125
14601,1.30859375,1.162109375,-0.13671875,-0.380859375
14602,1.15234375,1.2109375,-0.25390625,-0.41015625
14603,1.240234375,1.2109375,-0.185546875,-0.390625
14604,1.23046875,1.19140625,-0.185546875,-0.52734375
14605,1.23046875,1.162109375,-0.224609375,-0.400390625
14606,1.25,1.318359375,-0.009765625,-0.41015625
14607,1.26953125,1.181640625,-0.21484375,-0.341796875
14608,1.318359375,1.171875,-0.166015625,-0.361328125
14609,1.318359375,1.181640625,-0.25390625,-0.3125
14610,1.25,1.201171875,-0.185546875,-0.390625
14611,1.2890625,1.2109375,-0.224609375,-0.29296875
14612,1.26953125,1.19140625,-0.126953125,-0.37109375
14613,1.220703125,1.162109375,-0.205078125,-0.419921875
14614,1.279296875,1.162109375,-0.21484375,-0.498046875
14615,1.279296875,1.19140625,-0.029296875,-0.419921875
14616,1.30859375,1.142578125,-0.244140625,-0.244140625
14617,1.181640625,1.083984375,-0.224609375,-0.283203125
14618,1.328125,1.025390625,-0.185546875,-0.3515625
14619,1.23046875,1.2109375,-0.1953125,-0.17578125
14620,1.25,1.123046875,-0.29296875,-0.3125
14621,1.240234375,1.103515625,-0.302734375,-0.400390625
14622,1.162109375,1.0546875,-0.244140625,-0.60546875
14623,1.201171875,1.083984375,-0.283203125,-0.576171875
14624,1.171875,1.07421875,-0.2734375,-0.37109375
14625,1.19140625,1.142578125,-0.234375,-0.322265625
14626,1.171875,0.966796875,-0.263671875,-0.4296875
14627,1.23046875,1.09375,-0.224609375,-0.37109375
14628,1.23046875,1.123046875,-0.224609375,-0.33203125
14629,1.328125,1.03515625,-0.1953125,-0.33203125
14630,1.07421875,1.025390625,-0.244140625,-0.400390625
14631,1.171875,0.83984375,-0.078125,-0.361328125
14632,1.220703125,1.103515625,-0.13671875,-0.41015625
14633,1.25,0.95703125,-0.107421875,-0.361328125
14634,1.240234375,1.064453125,-0.15625,-0.322265625
14635,1.19140625,1.083984375,-0.25390625,-0.21484375
14636,1.2890625,1.103515625,-0.166015625,-0.4296875
14637,1.240234375,1.064453125,-0.185546875,-0.37109375
14638,1.23046875,1.025390625,-0.2734375,-0.146484375
14639,1.26953125,1.03515625,-0.361328125,-0.3515625
14640,1.240234375,1.083984375,-0.107421875,-0.498046875
14641,1.220703125,1.0546875,-0.1953125,-0.2734375
14642,1.328125,1.15234375,0.029296875,-0.3125
14643,1.259765625,0.966796875,-0.205078125,-0.41015625
14644,1.11328125,1.03515625,-0.224609375,-0.21484375
14645,1.30859375,1.025390625,-0.244140625,-0.3125
14646,1.25,0.9765625,-0.107421875,-0.263671875
14647,1.2890625,1.044921875,-0.25390625,-0.390625
14648,1.123046875,1.025390625,-0.234375,-0.302734375
14649,1.23046875,1.181640625,-0.166015625,-0.400390625
14650,1.2890625,1.044921875,-0.21484375,-0.3515625
14651,1.19140625,1.025390625,-0.234375,-0.361328125
14652,1.220703125,1.0546875,-0.078125,-0.3515625
14653,1.2109375,1.03515625,-0.1953125,-0.224609375
14654,1.240234375,1.005859375,-0.146484375,-0.390625
14655,1.240234375,0.9765625,-0.17578125,-0.263671875
14656,1.259765625,1.044921875,-0.234375,-0.25390625
14657,1.181640625,1.064453125,-0.3125,-0.37109375
14658,1.181640625,1.19140625,-0.3125,-0.380859375
14659,1.181640625,1.123046875,-0.25390625,-0.341796875
14660,1.162109375,1.083984375,-0.224609375,-0.3515625
14661,1.220703125,1.123046875,-0.322265625,-0.4296875
14662,1.220703125,1.09375,-0.2734375,-0.3515625
14663,1.142578125,1.044921875,-0.263671875,-0.2734375
14664,1.2109375,1.0546875,-0.341796875,-0.263671875
14665,1.19140625,1.123046875,-0.25390625,-0.21484375
14666,1.181640625,1.09375,-0.205078125,-0.2734375
14667,1.171875,1.1328125,-0.263671875,-0.263671875
14668,1.19140625,1.171875,-0.2734375,-0.21484375
14669,1.201171875,1.142578125,-0.185546875,-0.234375
14670,1.220703125,1.11328125,-0.341796875,-0.15625
14671,1.19140625,1.123046875,-0.13671875,-0.33203125
14672,1.142578125,1.123046875,-0.234375,-0.234375
14673,1.181640625,1.07421875,-0.205078125,-0.3125
14674,1.201171875,1.162109375,-0.224609375,-0.322265625
14675,1.25,1.09375,-0.166015625,-0.263671875
14676,1.25,1.142578125,-0.17578125,-0.15625
14677,1.25,1.09375,-0.400390625,-0.2734375
14678,1.11328125,1.09375,-0.2734375,-0.3515625
14679,1.220703125,1.1328125,-0.087890625,-0.244140625
14680,1.23046875,1.0546875,-0.17578125,-0.21484375
14681,1.26953125,1.0546875,-0.205078125,-0.078125
14682,1.220703125,1.181640625,-0.29296875,-0.302734375
14683,1.259765625,1.11328125,-0.17578125,-0.361328125
14684,1.23046875,1.09375,-0.302734375,-0.380859375
14685,1.298828125,0.91796875,-0.185546875,-0.25390625
14686,1.220703125,1.09375,-0.29296875,-0.09765625
14687,1.23046875,1.09375,-0.17578125,-0.361328125
14688,1.23046875,0.87890625,-0.234375,-0.322265625
14689,1.23046875,1.23046875,-0.2734375,-0.126953125
14690,1.123046875,1.123046875,-0.263671875,-0.263671875
14691,1.19140625,1.259765625,-0.33203125,-0.263671875
14692,1.23046875,1.181640625,-0.263671875,-0.302734375
14693,1.123046875,1.123046875,-0.21484375,-0.302734375
14694,1.25,1.11328125,-0.283203125,-0.341796875
14695,1.19140625,1.15234375,-0.205078125,-0.283203125
14696,1.15234375,1.1328125,-0.25390625,-0.380859375
14697,1.279296875,1.044921875,-0.234375,-0.29296875
14698,1.181640625,1.09375,-0.390625,-0.283203125
14699,1.279296875,1.083984375,-0.283203125,-0.21484375
14700,1.123046875,1.044921875,-0.302734375,-0.283203125
14701,1.1328125,1.09375,-0.52734375,-0.33203125
14702,1.25,1.103515625,-0.29296875,-0.205078125
14703,1.103515625,1.103515625,-0.3515625,-0.3125
14704,1.220703125,1.064453125,-0.302734375,-0.33203125
14705,1.09375,1.09375,-0.224609375,-0.146484375
14706,1.23046875,1.09375,-0.33203125,-0.341796875
14707,1.240234375,1.11328125,-0.25390625,-0.302734375
14708,1.19140625,1.1328125,-0.25390625,-0.146484375
14709,1.15234375,0.9765625,-0.263671875,-0.3125
14710,1.2109375,1.07421875,-0.361328125,-0.224609375
14711,1.1328125,1.11328125,-0.2734375,-0.361328125
14712,1.201171875,1.07421875,-0.15625,-0.25390625
14713,1.25,1.11328125,-0.390625,-0.224609375
14714,1.259765625,1.123046875,-0.3515625,-0.56640625
14715,1.19140625,1.0546875,-0.341796875,-0.419921875
14716,1.171875,0.95703125,-0.302734375,-0.21484375
14717,1.25,1.03515625,-0.37109375,-0.205078125
14718,1.2109375,1.123046875,-0.3125,-0.263671875
14719,1.220703125,1.03515625,-0.361328125,-0.205078125
14720,1.083984375,1.09375,-0.361328125,-0.107421875
14721,1.142578125,1.11328125,-0.390625,-0.234375
14722,1.220703125,1.09375,-0.390625,-0.224609375
14723,1.1328125,1.11328125,-0.390625,-0.37109375
14724,1.171875,1.11328125,-0.419921875,-0.17578125
14725,1.15234375,1.083984375,-0.4296875,-0.302734375
14726,1.142578125,1.07421875,-0.380859375,-0.341796875
14727,1.142578125,1.123046875,-0.25390625,-0.244140625
14728,1.142578125,1.044921875,-0.234375,-0.234375
14729,1.142578125,1.142578125,-0.29296875,-0.185546875
14730,1.2109375,1.09375,-0.33203125,-0.15625
14731,1.1328125,1.07421875,-0.263671875,-0.244140625
14732,1.181640625,1.11328125,-0.380859375,-0.244140625
14733,1.220703125,1.15234375,-0.244140625,-0.263671875
14734,1.1328125,1.103515625,-0.244140625,-0.25390625
14735,1.171875,1.083984375,-0.3125,-0.15625
14736,1.328125,1.083984375,-0.283203125,-0.322265625
14737,1.220703125,1.0546875,-0.224609375,-0.3515625
14738,1.19140625,0.99609375,-0.3515625,-0.361328125
14739,1.064453125,1.07421875,-0.3515625,-0.244140625
14740,1.201171875,1.123046875,-0.17578125,-0.283203125
14741,1.201171875,1.11328125,-0.263671875,-0.21484375
14742,1.201171875,1.11328125,-0.341796875,-0.2734375
14743,1.201171875,1.142578125,-0.283203125,-0.263671875
14744,1.181640625,1.083984375,-0.2734375,-0.263671875
14745,1.171875,1.083984375,-0.33203125,-0.3125
14746,1.337890625,1.07421875,-0.380859375,-0.244140625
14747,1.23046875,1.1328125,-0.361328125,-0.37109375
14748,1.181640625,1.220703125,-0.322265625,-0.322265625
14749,1.25,1.181640625,-0.361328125,-0.25390625
14750,1.259765625,1.181640625,-0.29296875,-0.21484375
14751,1.220703125,1.064453125,-0.33203125,-0.009765625
14752,1.30859375,0.87890625,-0.2734375,-0.25390625
14753,1.162109375,1.201171875,-0.2734375,-0.263671875
14754,1.220703125,1.103515625,-0.3125,-0.3125
14755,1.259765625,1.09375,-0.37109375,-0.244140625
14756,1.298828125,0.91796875,-0.3125,-0.390625
14757,1.201171875,1.07421875,-0.3125,-0.205078125
14758,1.34765625,1.181640625,-0.4296875,-0.244140625
14759,1.2109375,1.1328125,-0.341796875,-0.166015625
14760,1.240234375,1.07421875,-0.302734375,-0.3515625
14761,1.19140625,1.083984375,-0.380859375,-0.25390625
14762,1.240234375,0.95703125,-0.517578125,-0.25390625
14763,1.25,1.064453125,-0.244140625,-0.224609375
14764,1.220703125,1.2109375,-0.244140625,-0.25390625
14765,1.23046875,1.1328125,-0.17578125,-0.322265625
14766,1.259765625,1.083984375,-0.33203125,-0.400390625
14767,1.2890625,1.142578125,-0.283203125,-0.3125
14768,1.181640625,0.99609375,-0.3515625,-0.29296875
14769,1.240234375,1.103515625,-0.361328125,-0.400390625
14770,1.30859375,1.03515625,-0.322265625,-0.17578125
14771,1.23046875,1.123046875,-0.37109375,-0.3125
14772,1.220703125,1.123046875,-0.234375,-0.283203125
14773,1.171875,1.044921875,-0.2734375,-0.29296875
14774,1.259765625,1.083984375,-0.302734375,-0.244140625
14775,1.298828125,1.123046875,-0.2734375,-0.25390625
14776,1.357421875,1.083984375,-0.21484375,-0.21484375
14777,1.240234375,1.09375,-0.341796875,-0.25390625
14778,1.259765625,1.07421875,-0.3125,-0.361328125
14779,1.279296875,1.044921875,-0.244140625,-0.283203125
14780,1.25,1.11328125,-0.322265625,-0.33203125
14781,1.23046875,1.103515625,-0.341796875,-0.126953125
14782,1.357421875,1.11328125,-0.322265625,-0.29296875
14783,1.25,1.083984375,-0.302734375,-0.263671875
14784,1.201171875,1.11328125,-0.2734375,-0.2734375
14785,1.318359375,1.09375,-0.205078125,-0.234375
14786,1.240234375,1.15234375,-0.166015625,-0.283203125
14787,1.30859375,1.09375,-0.33203125,-0.21484375
14788,1.30859375,1.15234375,-0.244140625,-0.2734375
14789,1.25,1.142578125,-0.302734375,-0.3125
14790,1.259765625,1.123046875,-0.322265625,-0.322265625
14791,1.181640625,1.03515625,-0.244140625,-0.33203125
14792,1.240234375,1.1328125,-0.224609375,-0.283203125
14793,1.220703125,1.0546875,-0.283203125,-0.3125
14794,1.25,1.07421875,-0.2734375,-0.224609375
14795,1.25,1.015625,-0.361328125,-0.283203125
14796,1.25,1.1328125,-0.3515625,-0.166015625
14797,1.298828125,1.0546875,-0.341796875,-0.2734375
14798,1.2109375,1.0546875,-0.37109375,-0.2734375
14799,1.162109375,1.1328125,-0.33203125,-0.341796875
14800,1.181640625,1.201171875,-0.302734375,-0.302734375
14801,1.2109375,1.015625,-0.37109375,-0.302734375
14802,1.26953125,1.142578125,-0.21484375,-0.361328125
14803,1.26953125,1.09375,-0.341796875,-0.283203125
14804,1.26953125,1.23046875,-0.322265625,-0.3125
14805,1.259765625,1.240234375,-0.37109375,-0.234375
14806,1.337890625,1.19140625,-0.263671875,-0.2734375
14807,1.298828125,1.103515625,-0.419921875,-0.380859375
14808,1.259765625,1.142578125,-0.400390625,-0.322265625
14809,1.15234375,1.123046875,-0.263671875,-0.3125
14810,1.259765625,1.220703125,-0.302734375,-0.322265625
14811,1.240234375,1.318359375,-0.205078125,-0.25390625
14812,1.201171875,1.162109375,-0.224609375,-0.25390625
14813,1.3671875,1.123046875,-0.361328125,-0.25390625
14814,1.2109375,1.07421875,-0.3515625,-0.283203125
14815,1.23046875,1.162109375,-0.234375,-0.29296875
14816,1.181640625,1.240234375,-0.29296875,-0.283203125
14817,1.2109375,1.25,-0.2734375,-0.302734375
14818,1.23046875,1.201171875,-0.3125,-0.400390625
14819,1.162109375,1.064453125,-0.322265625,-0.29296875
14820,1.201171875,1.162109375,-0.302734375,-0.25390625
14821,1.123046875,1.181640625,-0.302734375,-0.390625
14822,1.103515625,1.279296875,-0.302734375,-0.3125
14823,1.162109375,1.34765625,-0.224609375,-0.17578125
14824,1.064453125,1.11328125,-0.224609375,-0.37109375
14825,1.25,1.11328125,-0.1953125,-0.302734375
14826,1.2109375,1.220703125,-0.29296875,-0.263671875
14827,1.25,1.142578125,-0.302734375,-0.37109375
14828,1.220703125,1.083984375,-0.21484375,-0.341796875
14829,1.142578125,1.123046875,-0.185546875,-0.3125
14830,1.181640625,1.1328125,-0.3125,-0.1953125
14831,1.103515625,1.103515625,-0.263671875,-0.3125
14832,1.2109375,1.0546875,-0.380859375,-0.3515625
14833,1.15234375,1.09375,-0.25390625,-0.52734375
14834,1.162109375,1.142578125,-0.1953125,-0.33203125
14835,1.171875,1.15234375,-0.3125,-0.322265625
14836,1.1328125,1.171875,-0.25390625,-0.302734375
14837,1.142578125,1.19140625,-0.29296875,-0.29296875
14838,1.162109375,1.240234375,-0.244140625,-0.263671875
14839,1.201171875,1.23046875,-0.341796875,-0.25390625
14840,1.15234375,1.220703125,-0.3515625,-0.2734375
14841,1.279296875,1.240234375,-0.341796875,-0.29296875
14842,1.220703125,1.2109375,-0.3125,-0.205078125
14843,1.25,1.2109375,-0.361328125,-0.283203125
14844,1.181640625,1.357421875,-0.21484375,-0.400390625
14845,1.171875,1.201171875,-0.3125,-0.205078125
14846,1.142578125,1.2890625,-0.263671875,-0.41015625
14847,1.19140625,1.25,-0.29296875,-0.44921875
14848,1.2109375,1.19140625,-0.302734375,-0.419921875
14849,1.162109375,1.279296875,-0.37109375,-0.419921875
14850,1.171875,1.171875,-0.29296875,-0.46875
14851,1.201171875,1.220703125,-0.322265625,-0.302734375
14852,1.123046875,1.201171875,-0.234375,-0.3125
14853,1.201171875,1.259765625,-0.146484375,-0.361328125
14854,1.25,1.201171875,-0.3125,-0.46875
14855,1.25,1.23046875,-0.244140625,-0.322265625
14856,1.220703125,1.19140625,-0.400390625,-0.390625
14857,1.201171875,1.259765625,-0.17578125,-0.33203125
14858,1.162109375,1.220703125,-0.25390625,-0.390625
14859,1.162109375,1.25,-0.3125,-0.390625
14860,1.181640625,1.46484375,-0.25390625,-0.33203125
14861,1.298828125,1.23046875,-0.29296875,-0.400390625
14862,1.23046875,1.26953125,-0.283203125,-0.33203125
14863,1.23046875,1.259765625,-0.244140625,-0.3515625
14864,1.328125,1.220703125,-0.283203125,-0.419921875
14865,1.23046875,1.34765625,-0.29296875,-0.419921875
14866,1.171875,1.11328125,-0.29296875,-0.595703125
14867,1.23046875,1.171875,-0.29296875,-0.439453125
14868,1.083984375,1.201171875,-0.25390625,-0.3515625
14869,1.19140625,1.171875,-0.166015625,-0.3125
14870,1.103515625,1.2109375,-0.263671875,-0.33203125
14871,1.19140625,1.162109375,-0.263671875,-0.390625
14872,1.171875,1.181640625,-0.244140625,-0.458984375
14873,1.162109375,1.181640625,-0.25390625,-0.48828125
14874,1.09375,1.2109375,-0.2734375,-0.322265625
14875,1.25,1.005859375,-0.341796875,-0.419921875
14876,1.142578125,1.19140625,-0.2734375,-0.3125
14877,1.2890625,1.25,-0.29296875,-0.439453125
14878,1.171875,1.15234375,-0.1953125,-0.400390625
14879,1.11328125,1.19140625,-0.2734375,-0.537109375
14880,1.181640625,1.201171875,-0.263671875,-0.380859375
14881,1.19140625,1.171875,-0.29296875,-0.400390625
14882,1.19140625,1.1328125,-0.322265625,-0.33203125
14883,1.220703125,1.142578125,-0.29296875,-0.41015625
14884,1.2109375,1.1328125,-0.15625,-0.400390625
14885,1.279296875,1.171875,-0.283203125,-0.400390625
14886,1.30859375,1.298828125,-0.17578125,-0.380859375
14887,1.337890625,1.23046875,-0.283203125,-0.390625
14888,1.240234375,1.171875,-0.1953125,-0.478515625
14889,1.162109375,1.123046875,-0.244140625,-0.400390625
14890,1.318359375,1.2109375,-0.3515625,-0.361328125
14891,1.26953125,1.181640625,-0.21484375,-0.44921875
14892,1.376953125,1.201171875,-0.224609375,-0.4296875
14893,1.30859375,1.171875,-0.2734375,-0.361328125
14894,1.396484375,1.0546875,-0.322265625,-0.341796875
14895,1.11328125,1.123046875,-0.25390625,-0.341796875
14896,1.279296875,1.171875,-0.29296875,-0.458984375
14897,1.23046875,1.181640625,-0.361328125,-0.44921875
14898,1.2890625,1.201171875,-0.3125,-0.361328125
14899,1.171875,1.19140625,-0.25390625,-0.341796875
14900,1.25,1.171875,-0.263671875,-0.41015625
14901,1.142578125,1.15234375,-0.341796875,-0.41015625
14902,1.23046875,1.181640625,-0.224609375,-0.41015625
14903,1.23046875,1.181640625,-0.2734375,-0.498046875
14904,1.220703125,1.171875,-0.21484375,-0.37109375
14905,1.23046875,1.15234375,-0.3515625,-0.458984375
14906,1.220703125,1.1328125,-0.302734375,-0.380859375
14907,1.201171875,1.142578125,-0.283203125,-0.41015625
14908,1.181640625,1.171875,-0.361328125,-0.517578125
14909,1.19140625,1.142578125,-0.205078125,-0.263671875
14910,1.171875,1.19140625,-0.13671875,-0.419921875
14911,1.19140625,1.1328125,-0.322265625,-0.44921875
14912,1.2890625,1.162109375,-0.224609375,-0.41015625
14913,1.23046875,1.19140625,-0.263671875,-0.419921875
14914,1.162109375,1.201171875,-0.322265625,-0.41015625
14915,1.2109375,1.1328125,-0.224609375,-0.5078125
14916,1.328125,1.123046875,-0.2734375,-0.302734375
14917,1.181640625,1.25,-0.126953125,-0.37109375
14918,1.259765625,1.123046875,-0.263671875,-0.439453125
14919,1.2890625,1.142578125,-0.2734375,-0.322265625
14920,1.09375,1.064453125,-0.263671875,-0.400390625
14921,1.240234375,1.11328125,-0.263671875,-0.625
14922,1.025390625,1.103515625,-0.185546875,-0.60546875
14923,1.171875,1.03515625,-0.1953125,-0.361328125
14924,1.201171875,1.11328125,-0.21484375,-0.439453125
14925,1.142578125,1.15234375,-0.302734375,-0.458984375
14926,1.25,1.07421875,-0.166015625,-0.46875
14927,1.162109375,1.162109375,-0.3125,-0.546875
14928,1.26953125,1.1328125,-0.302734375,-0.322265625
14929,1.279296875,1.23046875,-0.2734375,-0.37109375
14930,1.181640625,1.07421875,-0.244140625,-0.283203125
14931,1.15234375,1.142578125,-0.224609375,-0.302734375
14932,1.123046875,1.220703125,-0.302734375,-0.458984375
14933,1.23046875,1.11328125,-0.263671875,-0.458984375
14934,1.142578125,1.11328125,-0.33203125,-0.33203125
14935,1.142578125,1.09375,-0.302734375,-0.419921875
14936,1.19140625,0.95703125,-0.361328125,-0.478515625
14937,1.19140625,1.142578125,-0.224609375,-0.322265625
14938,1.201171875,1.103515625,-0.21484375,-0.4296875
14939,1.123046875,1.162109375,-0.21484375,-0.41015625
14940,1.259765625,1.15234375,-0.263671875,-0.341796875
14941,1.2109375,1.30859375,-0.244140625,-0.380859375
14942,1.15234375,1.19140625,-0.25390625,-0.283203125
14943,1.240234375,1.142578125,-0.322265625,-0.33203125
14944,1.123046875,1.1328125,-0.361328125,-0.3515625
14945,1.11328125,1.298828125,-0.21484375,-0.400390625
14946,1.142578125,1.142578125,-0.2734375,-0.625
14947,1.07421875,1.123046875,-0.234375,-0.380859375
14948,1.171875,1.123046875,-0.185546875,-0.3515625
14949,1.26953125,1.123046875,-0.234375,-0.341796875
14950,1.376953125,1.15234375,-0.25390625,-0.419921875
14951,1.181640625,1.103515625,-0.185546875,-0.46875
14952,1.025390625,1.162109375,-0.25390625,-0.322265625
14953,1.19140625,1.181640625,-0.41015625,-0.3515625
14954,1.09375,1.2890625,-0.302734375,-0.37109375
14955,1.259765625,1.2109375,-0.244140625,-0.33203125
14956,1.318359375,1.123046875,-0.3515625,-0.341796875
14957,1.19140625,1.064453125,-0.4296875,-0.37109375
14958,1.142578125,1.09375,-0.234375,-0.439453125
14959,0.986328125,1.142578125,-0.302734375,-0.302734375
14960,1.1328125,1.19140625,-0.263671875,-0.37109375
14961,1.142578125,1.181640625,-0.1953125,-0.146484375
14962,1.15234375,1.162109375,-0.15625,-0.33203125
14963,1.162109375,1.015625,-0.078125,-0.283203125
14964,1.11328125,1.11328125,-0.166015625,-0.44921875
14965,1.123046875,1.09375,-0.146484375,-0.322265625
14966,1.171875,1.220703125,-0.146484375,-0.41015625
14967,1.1328125,1.11328125,0.009765625,-0.41015625
14968,1.23046875,1.07421875,-0.05859375,-0.341796875
14969,1.19140625,1.11328125,-0.166015625,-0.458984375
14970,1.181640625,1.005859375,-0.087890625,-0.341796875
14971,1.26953125,1.162109375,-0.1171875,-0.41015625
14972,1.19140625,1.044921875,-0.13671875,-0.390625
14973,1.240234375,1.142578125,-0.21484375,-0.4296875
14974,1.142578125,1.11328125,-0.224609375,-0.380859375
14975,1.279296875,1.181640625,-0.17578125,-0.390625
14976,1.259765625,1.15234375,-0.078125,-0.46875
14977,1.15234375,1.11328125,-0.15625,-0.5078125
14978,1.240234375,1.25,-0.263671875,-0.361328125
14979,1.23046875,0.947265625,-0.17578125,-0.25390625
14980,1.240234375,1.083984375,-0.33203125,-0.419921875
14981,1.298828125,1.07421875,-0.322265625,-0.390625
14982,1.279296875,1.26953125,-0.17578125,-0.390625
14983,1.171875,1.103515625,-0.263671875,-0.322265625
14984,1.23046875,1.0546875,-0.3515625,-0.361328125
14985,1.279296875,1.15234375,-0.244140625,-0.458984375
14986,1.171875,1.11328125,-0.224609375,-0.37109375
14987,1.07421875,1.19140625,-0.37109375,-0.33203125
14988,1.240234375,1.083984375,-0.205078125,-0.234375
14989,1.09375,1.11328125,-0.205078125,-0.29296875
14990,1.220703125,1.19140625,-0.205078125,-0.3515625
14991,1.201171875,1.123046875,-0.09765625,-0.302734375
14992,1.201171875,1.123046875,-0.185546875,-0.361328125
14993,1.259765625,0.9765625,-0.4296875,-0.3515625
14994,1.2890625,0.869140625,-0.3125,-0.3515625
14995,1.1328125,1.07421875,-0.146484375,-0.390625
14996,1.240234375,1.15234375,-0.302734375,-0.41015625
14997,1.26953125,1.23046875,-0.185546875,-0.244140625
14998,1.142578125,1.07421875,-0.205078125,-0.458984375
14999,1.318359375,1.123046875,-0.234375,-0.361328125
15000,1.220703125,1.09375,-0.29296875,-0.283203125
15001,1.376953125,1.064453125,-0.244140625,-0.33203125
15002,1.25,1.07421875,-0.185546875,-0.37109375
15003,1.2109375,0.9765625,-0.341796875,-0.400390625
15004,1.25,1.171875,-0.13671875,-0.33203125
15005,1.337890625,1.015625,-0.263671875,-0.37109375
15006,1.23046875,1.044921875,-0.13671875,-0.380859375
15007,1.279296875,1.09375,-0.166015625,-0.3515625
15008,1.015625,1.025390625,-0.29296875,-0.341796875
15009,1.240234375,1.25,-0.13671875,-0.3515625
15010,1.3671875,1.142578125,-0.224609375,-0.09765625
15011,1.259765625,1.103515625,-0.185546875,-0.439453125
15012,1.2890625,1.123046875,-0.234375,-0.3515625
15013,1.337890625,1.123046875,-0.185546875,-0.537109375
15014,1.318359375,1.15234375,-0.15625,-0.37109375
15015,1.279296875,1.142578125,-0.322265625,-0.41015625
15016,1.298828125,1.083984375,-0.224609375,-0.25390625
15017,1.328125,1.15234375,-0.15625,-0.3515625
15018,1.2890625,1.123046875,-0.17578125,-0.3515625
15019,1.279296875,1.142578125,-0.21484375,-0.3515625
15020,1.26953125,1.09375,-0.15625,-0.33203125
15021,1.30859375,1.1328125,-0.25390625,-0.341796875
15022,1.26953125,1.123046875,-0.1953125,-0.458984375
15023,1.30859375,1.11328125,-0.185546875,-0.400390625
15024,1.259765625,1.162109375,-0.13671875,-0.419921875
15025,1.337890625,1.11328125,-0.185546875,-0.37109375
15026,1.181640625,1.083984375,-0.166015625,-0.41015625
15027,1.19140625,1.09375,-0.3515625,-0.37109375
15028,1.19140625,1.15234375,-0.1953125,-0.2734375
15029,1.07421875,1.123046875,-0.087890625,-0.390625
15030,1.240234375,1.23046875,-0.087890625,-0.4296875
15031,1.23046875,1.142578125,-0.21484375,-0.29296875
15032,1.337890625,1.09375,-0.17578125,-0.380859375
15033,1.25,1.240234375,-0.078125,-0.4296875
15034,1.23046875,1.171875,-0.205078125,-0.37109375
15035,1.23046875,1.201171875,-0.166015625,-0.380859375
15036,1.220703125,1.162109375,-0.15625,-0.390625
15037,1.25,1.123046875,-0.400390625,-0.322265625
15038,1.298828125,1.2109375,-0.15625,-0.390625
15039,1.220703125,1.07421875,-0.126953125,-0.361328125
15040,1.171875,1.15234375,-0.244140625,-0.419921875
15041,1.240234375,1.162109375,-0.17578125,-0.3125
15042,1.19140625,1.181640625,-0.05859375,-0.390625
15043,1.318359375,1.181640625,-0.244140625,-0.205078125
15044,1.19140625,1.15234375,-0.21484375,-0.283203125
15045,1.259765625,1.25,-0.263671875,-0.4296875
15046,1.26953125,1.220703125,-0.15625,-0.498046875
15047,1.1328125,1.15234375,-0.234375,-0.458984375
15048,1.1328125,1.015625,-0.224609375,-0.361328125
15049,1.298828125,1.171875,-0.146484375,-0.302734375
15050,1.15234375,1.11328125,-0.244140625,-0.263671875
15051,1.15234375,1.123046875,-0.2734375,-0.419921875
15052,1.220703125,1.064453125,-0.2734375,-0.361328125
15053,1.19140625,1.19140625,-0.1953125,-0.263671875
15054,1.181640625,0.9375,-0.283203125,-0.400390625
15055,1.26953125,1.083984375,-0.37109375,-0.439453125
15056,1.298828125,1.123046875,-0.25390625,-0.322265625
15057,1.201171875,1.103515625,-0.244140625,-0.419921875
15058,1.19140625,1.044921875,-0.25390625,-0.419921875
15059,1.162109375,1.142578125,-0.25390625,-0.458984375
15060,1.025390625,1.201171875,-0.224609375,-0.3515625
15061,1.171875,1.181640625,-0.09765625,-0.361328125
15062,1.23046875,1.09375,-0.15625,-0.4296875
15063,1.25,1.0546875,-0.21484375,-0.380859375
15064,1.19140625,0.95703125,-0.1953125,-0.29296875
15065,1.07421875,1.083984375,-0.1953125,-0.37109375
15066,1.083984375,1.123046875,-0.224609375,-0.41015625
15067,1.2109375,1.1328125,-0.244140625,-0.3125
15068,1.220703125,1.064453125,-0.244140625,-0.3125
15069,1.25,1.19140625,-0.29296875,-0.341796875
15070,1.171875,1.025390625,-0.185546875,-0.361328125
15071,1.23046875,1.15234375,-0.21484375,-0.25390625
15072,1.005859375,1.103515625,-0.224609375,-0.3515625
15073,1.23046875,1.044921875,-0.224609375,-0.2734375
15074,1.2890625,1.015625,-0.21484375,-0.29296875
15075,1.09375,1.015625,-0.1953125,-0.302734375
15076,1.26953125,0.927734375,0.009765625,-0.3515625
15077,1.201171875,0.986328125,-0.234375,-0.283203125
15078,1.142578125,0.99609375,-0.17578125,-0.380859375
15079,1.2890625,1.103515625,-0.1171875,-0.439453125
15080,1.2109375,1.025390625,-0.185546875,-0.224609375
15081,1.09375,0.99609375,-0.126953125,-0.25390625
15082,1.25,0.966796875,-0.25390625,-0.29296875
15083,1.201171875,1.064453125,-0.21484375,-0.33203125
15084,1.23046875,1.025390625,-0.224609375,-0.341796875
15085,1.15234375,1.03515625,-0.302734375,-0.3515625
15086,1.19140625,1.044921875,-0.2734375,-0.29296875
15087,1.171875,1.07421875,-0.322265625,-0.302734375
15088,1.240234375,1.064453125,-0.244140625,-0.37109375
15089,1.23046875,1.11328125,-0.224609375,-0.44921875
15090,1.171875,1.123046875,-0.25390625,-0.400390625
15091,1.171875,1.03515625,-0.185546875,-0.419921875
15092,1.19140625,1.142578125,-0.234375,-0.390625
15093,1.2890625,1.083984375,-0.2734375,-0.37109375
15094,1.2109375,1.09375,-0.29296875,-0.302734375
15095,1.2109375,0.986328125,-0.263671875,-0.361328125
15096,1.201171875,1.09375,-0.25390625,-0.283203125
15097,1.142578125,1.11328125,-0.17578125,-0.1953125
15098,1.23046875,1.298828125,-0.341796875,-0.283203125
15099,1.279296875,1.103515625,-0.244140625,-0.263671875
15100,1.162109375,1.083984375,-0.302734375,-0.322265625
15101,1.240234375,1.103515625,-0.1953125,-0.33203125
15102,1.23046875,1.1328125,-0.2734375,-0.3125
15103,1.220703125,1.083984375,-0.13671875,-0.322265625
15104,1.26953125,1.1328125,-0.21484375,-0.400390625
15105,1.181640625,1.09375,-0.185546875,-0.146484375
15106,1.2109375,1.025390625,-0.25390625,-0.25390625
15107,1.279296875,1.07421875,-0.048828125,-0.302734375
15108,1.298828125,1.11328125,-0.17578125,-0.283203125
15109,1.220703125,0.947265625,-0.1953125,-0.224609375
15110,1.279296875,1.044921875,-0.13671875,-0.185546875
15111,1.123046875,1.07421875,-0.21484375,-0.166015625
15112,1.220703125,0.95703125,-0.33203125,-0.361328125
15113,1.30859375,1.083984375,-0.2734375,-0.2734375
15114,1.083984375,1.11328125,-0.3125,-0.244140625
15115,1.11328125,1.328125,-0.2734375,-0.29296875
15116,1.318359375,0.8984375,-0.1953125,-0.3125
15117,1.38671875,1.103515625,-0.234375,-0.263671875
15118,1.23046875,1.103515625,-0.09765625,-0.33203125
15119,1.279296875,1.123046875,-0.1953125,-0.341796875
15120,1.103515625,1.1328125,-0.25390625,-0.400390625
15121,1.201171875,1.162109375,-0.224609375,-0.263671875
15122,1.181640625,1.03515625,-0.21484375,-0.234375
15123,1.103515625,1.15234375,-0.263671875,-0.263671875
15124,1.220703125,1.11328125,-0.25390625,-0.283203125
15125,1.19140625,1.19140625,-0.3515625,-0.263671875
15126,1.26953125,1.083984375,-0.283203125,-0.15625
15127,1.328125,0.966796875,-0.302734375,-0.33203125
15128,1.201171875,1.09375,-0.263671875,-0.390625
15129,1.11328125,1.103515625,-0.283203125,-0.166015625
15130,1.201171875,1.201171875,-0.21484375,-0.322265625
15131,1.201171875,1.2109375,-0.15625,-0.185546875
15132,1.171875,1.11328125,-0.244140625,-0.234375
15133,1.19140625,1.162109375,-0.185546875,-0.25390625
15134,1.181640625,0.986328125,-0.244140625,-0.33203125
15135,1.171875,1.123046875,-0.234375,-0.17578125
15136,1.142578125,1.03515625,-0.380859375,-0.33203125
15137,1.171875,1.015625,-0.322265625,-0.205078125
15138,1.2109375,1.123046875,-0.263671875,-0.322265625
15139,1.240234375,1.11328125,-0.33203125,-0.25390625
15140,1.26953125,1.083984375,-0.234375,-0.3125
15141,1.19140625,1.11328125,-0.302734375,-0.1953125
15142,1.201171875,1.1328125,-0.3515625,-0.2734375
15143,1.220703125,1.240234375,-0.341796875,-0.283203125
15144,1.181640625,1.09375,-0.439453125,-0.1953125
15145,1.240234375,1.044921875,-0.37109375,-0.3125
15146,1.162109375,1.2109375,-0.341796875,-0.33203125
15147,1.259765625,1.103515625,-0.380859375,-0.283203125
15148,1.181640625,1.11328125,-0.478515625,-0.21484375
15149,1.19140625,1.07421875,-0.380859375,-0.29296875
15150,1.103515625,1.123046875,-0.390625,-0.21484375
15151,1.2109375,1.09375,-0.3515625,-0.205078125
15152,1.09375,1.1328125,-0.380859375,-0.234375
15153,1.171875,1.09375,-0.400390625,-0.322265625
15154,1.25,1.07421875,-0.361328125,-0.244140625
15155,1.162109375,1.181640625,-0.44921875,-0.224609375
15156,1.19140625,1.11328125,-0.2734375,-0.1953125
15157,1.1328125,1.15234375,-0.29296875,-0.29296875
15158,1.201171875,0.966796875,-0.2734375,-0.224609375
15159,1.2109375,1.09375,-0.361328125,-0.3515625
15160,1.181640625,1.0546875,-0.380859375,-0.380859375
15161,1.123046875,1.025390625,-0.48828125,-0.234375
15162,1.15234375,1.07421875,-0.341796875,-0.25390625
15163,1.2109375,1.064453125,-0.33203125,-0.25390625
15164,1.2109375,1.015625,-0.52734375,-0.25390625
15165,1.103515625,1.083984375,-0.361328125,-0.17578125
15166,1.162109375,1.064453125,-0.361328125,-0.302734375
15167,1.1328125,1.07421875,-0.29296875,-0.25390625
15168,1.171875,1.064453125,-0.341796875,-0.3125
15169,1.142578125,1.03515625,-0.322265625,-0.224609375
15170,1.162109375,1.103515625,-0.400390625,-0.25390625
15171,1.19140625,0.908203125,-0.29296875,-0.33203125
15172,1.171875,1.083984375,-0.3125,-0.25390625
15173,1.162109375,1.1328125,-0.478515625,-0.263671875
15174,1.09375,0.99609375,-0.5078125,-0.3125
15175,1.171875,1.09375,-0.322265625,-0.25390625
15176,1.181640625,1.103515625,-0.341796875,-0.302734375
15177,1.19140625,1.201171875,-0.087890625,-0.37109375
15178,1.298828125,1.220703125,-0.322265625,-0.126953125
15179,1.3671875,1.279296875,-0.478515625,-0.263671875
15180,1.240234375,1.142578125,-0.390625,-0.244140625
15181,1.142578125,1.142578125,-0.302734375,-0.25390625
15182,1.240234375,1.064453125,-0.302734375,-0.244140625
15183,1.2109375,1.162109375,-0.2734375,-0.3125
15184,1.318359375,1.123046875,-0.25390625,-0.380859375
15185,1.318359375,1.201171875,-0.283203125,-0.185546875
15186,1.171875,1.15234375,-0.380859375,-0.244140625
15187,1.220703125,1.11328125,-0.29296875,-0.29296875
15188,1.26953125,1.2109375,-0.25390625,-0.2734375
15189,1.26953125,1.083984375,-0.126953125,-0.234375
15190,1.25,1.11328125,-0.263671875,-0.244140625
15191,1.3671875,0.986328125,-0.29296875,-0.244140625
15192,1.259765625,1.064453125,-0.2734375,-0.263671875
15193,1.2890625,1.09375,-0.29296875,-0.2734375
15194,1.1328125,1.1328125,-0.3125,-0.341796875
15195,1.25,1.259765625,-0.1171875,-0.244140625
15196,1.181640625,1.0546875,-0.263671875,-0.283203125
15197,1.298828125,1.064453125,-0.29296875,-0.3515625
15198,1.240234375,1.162109375,-0.4296875,-0.380859375
15199,1.23046875,1.103515625,-0.322265625,-0.380859375
15200,1.318359375,1.064453125,-0.33203125,-0.361328125
15201,1.23046875,1.005859375,-0.322265625,-0.3125
15202,1.103515625,1.1328125,-0.283203125,-0.302734375
15203,1.279296875,1.11328125,-0.4296875,-0.283203125
15204,1.2890625,1.201171875,-0.361328125,-0.3125
15205,1.220703125,1.181640625,-0.341796875,-0.322265625
15206,1.30859375,1.1328125,-0.390625,-0.2734375
15207,1.30859375,1.103515625,-0.400390625,-0.185546875
15208,1.142578125,1.123046875,-0.33203125,-0.244140625
15209,1.25,1.11328125,-0.302734375,-0.263671875
15210,1.34765625,1.162109375,-0.3125,-0.37109375
15211,1.26953125,1.162109375,-0.361328125,-0.37109375
15212,1.34765625,1.09375,-0.322265625,-0.244140625
15213,1.279296875,1.123046875,-0.13671875,-0.29296875
15214,1.23046875,1.1328125,-0.419921875,-0.263671875
15215,1.416015625,1.11328125,-0.3515625,-0.302734375
15216,1.26953125,1.201171875,-0.185546875,-0.263671875
15217,1.162109375,1.11328125,-0.21484375,-0.166015625
15218,1.09375,1.07421875,-0.283203125,-0.322265625
15219,1.162109375,1.123046875,-0.234375,-0.3125
15220,1.26953125,1.240234375,-0.3125,-0.234375
15221,1.103515625,1.11328125,-0.21484375,-0.302734375
15222,1.162109375,1.162109375,-0.2734375,-0.25390625
15223,1.2109375,1.015625,-0.244140625,-0.478515625
15224,1.25,1.083984375,-0.2734375,-0.1171875
15225,1.123046875,1.142578125,-0.205078125,-0.244140625
15226,1.171875,1.0546875,-0.29296875,-0.263671875
15227,1.142578125,1.123046875,-0.29296875,-0.283203125
15228,1.181640625,1.201171875,-0.283203125,-0.33203125
15229,1.2109375,1.1328125,-0.146484375,-0.46875
15230,1.240234375,1.15234375,-0.2734375,-0.3125
15231,1.15234375,1.15234375,-0.341796875,-0.41015625
15232,1.318359375,1.15234375,-0.263671875,-0.29296875
15233,1.09375,1.162109375,-0.3125,-0.33203125
15234,1.171875,1.083984375,-0.341796875,-0.322265625
15235,1.240234375,1.083984375,-0.263671875,-0.302734375
15236,1.259765625,1.162109375,-0.244140625,-0.205078125
15237,1.2890625,1.15234375,-0.205078125,-0.283203125
15238,1.25,1.15234375,-0.458984375,-0.400390625
15239,1.376953125,1.181640625,-0.322265625,-0.234375
15240,1.2109375,1.220703125,-0.15625,-0.3515625
15241,1.26953125,1.25,-0.283203125,-0.33203125
15242,1.181640625,1.220703125,-0.400390625,-0.419921875
15243,1.240234375,1.279296875,-0.25390625,-0.380859375
15244,1.259765625,1.11328125,-0.25390625,-0.244140625
15245,1.19140625,1.11328125,-0.33203125,-0.400390625
15246,1.2890625,1.23046875,-0.341796875,-0.380859375
15247,1.25,1.26953125,-0.2734375,-0.2734375
15248,1.220703125,1.181640625,-0.283203125,-0.234375
15249,1.279296875,1.19140625,-0.302734375,-0.29296875
15250,1.259765625,1.181640625,-0.4296875,-0.390625
15251,1.2890625,1.162109375,-0.29296875,-0.205078125
15252,1.09375,1.25,-0.33203125,-0.2734375
15253,1.23046875,1.123046875,-0.21484375,-0.3125
15254,1.201171875,1.181640625,-0.29296875,-0.25390625
15255,1.25,1.240234375,-0.341796875,-0.2734375
15256,1.23046875,1.25,-0.107421875,-0.361328125
15257,1.240234375,1.162109375,-0.205078125,-0.439453125
15258,1.279296875,1.162109375,-0.3125,-0.302734375
15259,1.181640625,1.103515625,-0.107421875,-0.29296875
15260,1.123046875,1.181640625,-0.263671875,-0.13671875
15261,1.240234375,1.171875,-0.2734375,-0.3125
15262,1.2109375,1.318359375,-0.33203125,-0.3125
15263,1.240234375,1.1328125,-0.302734375,-0.37109375
15264,1.328125,1.19140625,-0.25390625,-0.322265625
15265,1.15234375,1.1328125,-0.3515625,-0.302734375
15266,1.181640625,1.201171875,-0.3125,-0.37109375
15267,1.162109375,1.123046875,-0.3125,-0.302734375
15268,1.201171875,1.044921875,-0.263671875,-0.263671875
15269,1.181640625,1.162109375,-0.341796875,-0.3515625
15270,1.201171875,1.11328125,-0.29296875,-0.2734375
15271,1.26953125,1.09375,-0.33203125,-0.234375
15272,1.123046875,1.19140625,-0.283203125,-0.361328125
15273,1.142578125,1.19140625,-0.29296875,-0.283203125
15274,1.19140625,1.2109375,-0.439453125,-0.25390625
15275,1.171875,1.162109375,-0.322265625,-0.3125
15276,1.142578125,1.220703125,-0.341796875,-0.37109375
15277,1.162109375,1.162109375,-0.244140625,-0.478515625
15278,1.19140625,1.2109375,-0.263671875,-0.46875
15279,1.03515625,1.162109375,-0.3125,-0.244140625
15280,1.123046875,1.259765625,-0.3515625,-0.3515625
15281,1.181640625,1.171875,-0.224609375,-0.302734375
15282,1.2109375,1.19140625,-0.283203125,-0.3125
15283,1.240234375,1.2890625,-0.1171875,-0.33203125
15284,1.181640625,1.30859375,-0.29296875,-0.380859375
15285,1.11328125,1.240234375,-0.302734375,-0.302734375
15286,1.201171875,1.181640625,-0.25390625,-0.29296875
15287,1.1328125,1.240234375,-0.25390625,-0.302734375
15288,1.23046875,1.220703125,-0.244140625,-0.361328125
15289,0.966796875,1.26953125,-0.44921875,-0.361328125
15290,1.2109375,1.298828125,-0.29296875,-0.341796875
15291,1.201171875,1.240234375,-0.224609375,-0.390625
15292,1.259765625,1.42578125,-0.29296875,-0.33203125
15293,1.2109375,1.259765625,-0.283203125,-0.224609375
15294,1.19140625,1.220703125,-0.283203125,-0.322265625
15295,1.279296875,1.279296875,-0.263671875,-0.3515625
15296,1.181640625,1.30859375,-0.2734375,-0.48828125
15297,1.220703125,1.171875,-0.263671875,-0.322265625
15298,1.240234375,1.103515625,-0.185546875,-0.3125
15299,1.181640625,1.064453125,-0.3125,-0.33203125
15300,1.23046875,1.15234375,-0.3125,-0.380859375
15301,1.181640625,1.11328125,-0.400390625,-0.380859375
15302,1.259765625,1.46484375,-0.224609375,-0.361328125
15303,1.240234375,1.201171875,-0.3125,-0.302734375
15304,1.15234375,1.142578125,-0.1953125,-0.37109375
15305,1.240234375,1.15234375,-0.2734375,-0.380859375
15306,1.318359375,1.2109375,-0.263671875,-0.46875
15307,1.1328125,1.2109375,-0.263671875,-0.400390625
15308,1.2109375,1.396484375,-0.205078125,-0.322265625
15309,1.11328125,1.09375,-0.1953125,-0.361328125
15310,1.34765625,1.201171875,-0.302734375,-0.361328125
15311,1.220703125,1.318359375,-0.380859375,-0.3125
15312,1.23046875,1.181640625,-0.25390625,-0.17578125
15313,1.162109375,1.19140625,-0.283203125,-0.302734375
15314,1.2109375,1.142578125,-0.283203125,-0.390625
15315,1.279296875,1.162109375,-0.283203125,-0.4296875
15316,1.1328125,1.259765625,-0.234375,-0.33203125
15317,1.26953125,1.201171875,-0.1171875,-0.361328125
15318,1.201171875,1.123046875,-0.302734375,-0.17578125
15319,1.3671875,1.2109375,-0.283203125,-0.3515625
15320,1.19140625,1.123046875,-0.205078125,-0.3515625
15321,1.162109375,1.25,-0.29296875,-0.322265625
15322,1.162109375,1.201171875,-0.322265625,-0.400390625
15323,1.220703125,1.123046875,-0.3515625,-0.322265625
15324,1.2109375,1.15234375,-0.263671875,-0.380859375
15325,1.25,1.19140625,-0.29296875,-0.380859375
15326,1.2109375,1.15234375,-0.17578125,-0.37109375
15327,1.23046875,1.123046875,-0.341796875,-0.380859375
15328,1.19140625,1.162109375,-0.302734375,-0.2734375
15329,1.1328125,1.2109375,-0.224609375,-0.41015625
15330,1.03515625,1.162109375,-0.263671875,-0.17578125
15331,1.162109375,1.201171875,-0.2734375,-0.458984375
15332,1.142578125,1.142578125,-0.1953125,-0.41015625
15333,1.103515625,1.181640625,-0.3125,-0.46875
15334,1.142578125,1.162109375,-0.283203125,-0.439453125
15335,1.142578125,1.2109375,-0.283203125,-0.4296875
15336,1.142578125,1.2109375,-0.283203125,-0.37109375
15337,1.162109375,1.103515625,-0.283203125,-0.37109375
15338,1.2109375,1.11328125,-0.37109375,-0.439453125
15339,1.19140625,1.142578125,-0.1953125,-0.322265625
15340,1.26953125,1.15234375,-0.29296875,-0.390625
15341,1.15234375,1.1328125,-0.126953125,-0.5078125
15342,1.201171875,1.2890625,-0.126953125,-0.517578125
15343,1.181640625,1.083984375,-0.2734375,-0.41015625
15344,1.15234375,1.19140625,-0.263671875,-0.4296875
15345,1.15234375,1.162109375,-0.380859375,-0.615234375
15346,1.240234375,1.1328125,-0.283203125,-0.419921875
15347,1.2109375,1.220703125,-0.37109375,-0.37109375
15348,1.181640625,1.083984375,-0.3125,-0.4296875
15349,1.19140625,1.171875,-0.244140625,-0.3125
15350,1.2109375,1.025390625,-0.166015625,-0.37109375
15351,1.2109375,1.09375,-0.21484375,-0.33203125
15352,1.181640625,1.103515625,-0.234375,-0.37109375
15353,1.103515625,1.162109375,-0.341796875,-0.33203125
15354,1.220703125,1.171875,-0.09765625,-0.46875
15355,1.162109375,1.171875,-0.224609375,-0.322265625
15356,1.1328125,1.1328125,-0.1171875,-0.3515625
15357,1.201171875,1.201171875,-0.234375,-0.498046875
15358,1.0546875,1.064453125,-0.302734375,-0.458984375
15359,1.181640625,1.279296875,-0.3125,-0.37109375
15360,1.201171875,0.95703125,-0.17578125,-0.478515625
15361,1.259765625,1.0546875,-0.205078125,-0.166015625
15362,1.162109375,1.171875,-0.234375,-0.419921875
15363,1.1328125,1.23046875,-0.17578125,-0.3515625
15364,1.123046875,1.1328125,-0.25390625,-0.419921875
15365,1.181640625,1.30859375,-0.3125,-0.4296875
15366,1.240234375,1.044921875,-0.234375,-0.5078125
15367,1.201171875,1.064453125,-0.29296875,-0.478515625
15368,1.25,1.0546875,-0.224609375,-0.419921875
15369,1.171875,1.201171875,-0.1953125,-0.380859375
15370,1.083984375,1.123046875,-0.3125,-0.37109375
15371,1.11328125,1.171875,-0.361328125,-0.4296875
15372,1.0546875,1.0546875,-0.166015625,-0.400390625
15373,1.103515625,1.15234375,-0.302734375,-0.3125
15374,1.201171875,1.11328125,-0.234375,-0.361328125
15375,1.15234375,1.044921875,-0.087890625,-0.322265625
15376,1.162109375,1.07421875,-0.185546875,-0.37109375
15377,1.11328125,1.171875,-0.263671875,-0.380859375
15378,1.103515625,1.1328125,-0.341796875,-0.390625
15379,1.11328125,1.083984375,-0.205078125,-0.380859375
15380,1.25,1.103515625,-0.37109375,-0.380859375
15381,1.11328125,1.0546875,-0.13671875,-0.361328125
15382,1.123046875,1.11328125,-0.234375,-0.37109375
15383,1.11328125,1.083984375,-0.3125,-0.361328125
15384,1.11328125,1.103515625,-0.263671875,-0.380859375
15385,1.162109375,1.123046875,-0.2734375,-0.556640625
15386,1.23046875,1.26953125,-0.25390625,-0.361328125
15387,1.142578125,1.2109375,-0.244140625,-0.37109375
15388,1.11328125,1.201171875,-0.185546875,-0.56640625
15389,1.15234375,1.181640625,-0.1953125,-0.37109375
15390,1.142578125,1.19140625,-0.1953125,-0.380859375
15391,1.15234375,1.162109375,-0.234375,-0.400390625
15392,1.064453125,1.123046875,-0.166015625,-0.263671875
15393,1.162109375,1.1328125,-0.3515625,-0.400390625
15394,1.103515625,1.15234375,-0.17578125,-0.419921875
15395,1.162109375,1.11328125,-0.341796875,-0.439453125
15396,1.171875,1.142578125,-0.166015625,-0.400390625
15397,1.2109375,1.0546875,-0.244140625,-0.439453125
15398,1.181640625,1.1328125,-0.244140625,-0.380859375
15399,1.181640625,1.123046875,-0.13671875,-0.400390625
15400,1.2109375,1.064453125,-0.185546875,-0.33203125
15401,1.0546875,1.083984375,-0.126953125,-0.44921875
15402,1.220703125,1.181640625,-0.4296875,-0.390625
15403,1.181640625,1.123046875,-0.263671875,-0.390625
15404,1.162109375,1.11328125,-0.17578125,-0.302734375
15405,1.15234375,1.181640625,-0.13671875,-0.380859375
15406,1.220703125,1.1328125,-0.283203125,-0.517578125
15407,1.123046875,1.07421875,-0.2734375,-0.341796875
15408,1.09375,0.927734375,-0.2734375,-0.37109375
15409,1.1328125,1.26953125,-0.1953125,-0.458984375
15410,1.103515625,1.103515625,-0.263671875,-0.41015625
15411,1.240234375,1.396484375,-0.25390625,-0.380859375
15412,1.23046875,1.15234375,-0.17578125,-0.263671875
15413,1.259765625,1.11328125,-0.21484375,-0.390625
15414,1.279296875,1.0546875,-0.234375,-0.41015625
15415,1.2109375,1.19140625,-0.21484375,-0.390625
15416,1.181640625,1.103515625,-0.234375,-0.283203125
15417,1.2109375,1.044921875,-0.244140625,-0.33203125
15418,1.220703125,1.1328125,-0.234375,-0.46875
15419,1.19140625,1.09375,-0.3125,-0.56640625
15420,1.3671875,1.11328125,-0.29296875,-0.380859375
15421,1.259765625,1.103515625,-0.146484375,-0.3515625
15422,1.259765625,1.162109375,-0.224609375,-0.302734375
15423,1.220703125,1.09375,-0.25390625,-0.341796875
15424,1.26953125,1.083984375,-0.185546875,-0.37109375
15425,1.1328125,1.07421875,-0.185546875,-0.341796875
15426,1.30859375,1.064453125,-0.33203125,-0.3515625
15427,1.19140625,0.95703125,-0.17578125,-0.244140625
15428,1.279296875,1.083984375,-0.21484375,-0.185546875
15429,1.298828125,1.15234375,-0.166015625,-0.341796875
15430,1.23046875,1.2109375,-0.1953125,-0.361328125
15431,1.142578125,1.103515625,-0.17578125,-0.400390625
15432,1.30859375,1.103515625,-0.21484375,-0.380859375
15433,1.220703125,1.064453125,-0.1953125,-0.25390625
15434,1.240234375,1.025390625,-0.166015625,-0.44921875
15435,1.181640625,1.142578125,-0.302734375,-0.37109375
15436,1.23046875,1.142578125,-0.37109375,-0.400390625
15437,1.25,1.03515625,-0.25390625,-0.3125
15438,1.181640625,1.09375,-0.390625,-0.390625
15439,1.201171875,1.142578125,-0.283203125,-0.361328125
15440,1.19140625,1.1328125,-0.322265625,-0.341796875
15441,1.181640625,1.0546875,-0.234375,-0.400390625
15442,1.240234375,0.9375,-0.2734375,-0.361328125
15443,1.26953125,1.11328125,-0.185546875,-0.458984375
15444,1.181640625,1.09375,-0.21484375,-0.341796875
15445,1.2109375,1.181640625,-0.25390625,-0.37109375
15446,1.337890625,1.11328125,-0.341796875,-0.390625
15447,1.15234375,1.0546875,-0.234375,-0.3125
15448,1.25,1.123046875,-0.33203125,-0.3125
15449,1.26953125,1.1328125,-0.2734375,-0.41015625
15450,1.11328125,1.1328125,-0.1953125,-0.361328125
15451,1.240234375,1.1328125,-0.13671875,-0.390625
15452,1.23046875,1.11328125,-0.25390625,-0.283203125
15453,1.2890625,1.11328125,-0.234375,-0.400390625
15454,1.259765625,1.123046875,-0.13671875,-0.322265625
15455,1.279296875,1.1328125,-0.126953125,-0.44921875
15456,1.240234375,1.083984375,-0.234375,-0.3125
15457,1.26953125,1.005859375,-0.283203125,-0.33203125
15458,1.30859375,1.103515625,-0.25390625,-0.2734375
15459,1.162109375,1.2109375,-0.263671875,-0.439453125
15460,1.30859375,1.171875,-0.185546875,-0.380859375
15461,1.26953125,1.103515625,-0.341796875,-0.380859375
15462,1.171875,1.09375,-0.1953125,-0.37109375
15463,1.2890625,1.064453125,-0.224609375,-0.380859375
15464,1.298828125,1.1328125,-0.09765625,-0.25390625
15465,1.376953125,1.123046875,-0.1953125,-0.1953125
15466,1.240234375,1.123046875,-0.1953125,-0.3515625
15467,1.220703125,1.23046875,-0.3125,-0.615234375
15468,1.328125,1.15234375,-0.21484375,-0.3515625
15469,1.240234375,1.15234375,-0.107421875,-0.439453125
15470,1.25,1.142578125,-0.21484375,-0.41015625
15471,1.298828125,1.201171875,-0.166015625,-0.4296875
15472,1.220703125,1.123046875,-0.244140625,-0.439453125
15473,1.181640625,1.171875,-0.224609375,-0.4296875
15474,1.2890625,1.162109375,-0.205078125,-0.517578125
15475,1.09375,1.07421875,-0.107421875,-0.361328125
15476,1.2109375,1.30859375,-0.078125,-0.2734375
15477,1.328125,1.15234375,-0.224609375,-0.302734375
15478,1.26953125,1.07421875,-0.302734375,-0.361328125
15479,1.240234375,1.07421875,-0.1953125,-0.458984375
15480,1.123046875,1.142578125,-0.1953125,-0.341796875
15481,1.162109375,0.99609375,-0.087890625,-0.380859375
15482,1.2109375,0.986328125,-0.2734375,-0.41015625
15483,1.220703125,1.15234375,-0.263671875,-0.41015625
15484,1.103515625,0.986328125,-0.126953125,-0.341796875
15485,1.259765625,1.103515625,-0.224609375,-0.322265625
15486,1.38671875,1.123046875,-0.185546875,-0.44921875
15487,1.201171875,1.318359375,-0.244140625,-0.439453125
15488,1.201171875,1.142578125,-0.234375,-0.390625
15489,1.201171875,1.07421875,-0.09765625,-0.498046875
15490,1.201171875,1.19140625,-0.302734375,-0.390625
15491,1.15234375,1.03515625,-0.244140625,-0.380859375
15492,1.171875,1.09375,-0.234375,-0.341796875
15493,1.015625,1.1328125,-0.263671875,-0.439453125
15494,1.220703125,1.11328125,-0.078125,-0.283203125
15495,1.19140625,1.09375,-0.263671875,-0.41015625
15496,1.162109375,1.083984375,-0.1953125,-0.380859375
15497,1.19140625,1.005859375,-0.15625,-0.322265625
15498,1.181640625,1.142578125,-0.244140625,-0.2734375
15499,1.220703125,1.09375,-0.1953125,-0.33203125
15500,1.15234375,0.95703125,-0.244140625,-0.361328125
15501,1.15234375,1.1328125,-0.29296875,-0.33203125
15502,1.15234375,1.083984375,-0.224609375,-0.2734375
15503,1.26953125,1.083984375,-0.205078125,-0.37109375
15504,1.19140625,1.07421875,-0.3515625,-0.21484375
15505,1.15234375,1.005859375,-0.17578125,-0.322265625
15506,1.220703125,1.11328125,-0.322265625,-0.263671875
15507,1.181640625,1.123046875,-0.234375,-0.283203125
15508,1.2109375,1.1328125,-0.185546875,-0.3125
15509,1.162109375,1.044921875,-0.244140625,-0.380859375
15510,1.19140625,1.0546875,-0.25390625,-0.302734375
15511,1.181640625,1.03515625,-0.234375,-0.361328125
15512,1.23046875,1.064453125,-0.25390625,-0.234375
15513,1.171875,1.03515625,-0.185546875,-0.3515625
15514,1.19140625,0.99609375,-0.234375,-0.33203125
15515,1.201171875,1.103515625,-0.185546875,-0.341796875
15516,1.162109375,1.015625,-0.283203125,-0.3515625
15517,1.2109375,1.025390625,-0.283203125,-0.341796875
15518,1.171875,1.015625,-0.25390625,-0.283203125
15519,1.181640625,1.025390625,-0.205078125,-0.3515625
15520,1.181640625,1.005859375,-0.224609375,-0.146484375
15521,1.09375,1.0546875,-0.322265625,-0.25390625
15522,1.2109375,1.171875,-0.2734375,-0.390625
15523,1.162109375,1.11328125,-0.15625,-0.21484375
15524,1.181640625,1.181640625,-0.25390625,-0.263671875
15525,1.19140625,1.1328125,-0.263671875,-0.56640625
15526,1.142578125,1.0546875,-0.2734375,-0.17578125
15527,1.2109375,1.025390625,-0.13671875,-0.29296875
15528,1.171875,1.064453125,-0.29296875,-0.41015625
15529,1.07421875,1.09375,-0.263671875,-0.4296875
15530,1.181640625,1.03515625,-0.29296875,-0.361328125
15531,1.171875,1.23046875,-0.224609375,-0.3515625
15532,1.142578125,1.09375,-0.244140625,-0.17578125
15533,1.19140625,0.859375,-0.33203125,-0.234375
15534,1.171875,1.240234375,-0.205078125,-0.2734375
15535,1.162109375,1.044921875,-0.185546875,-0.205078125
15536,1.09375,0.9375,-0.126953125,-0.283203125
15537,1.19140625,1.03515625,-0.146484375,-0.263671875
15538,1.171875,1.09375,-0.185546875,-0.33203125
15539,1.328125,1.11328125,-0.224609375,-0.25390625
15540,1.23046875,0.986328125,-0.234375,-0.1953125
15541,1.298828125,1.044921875,-0.25390625,-0.25390625
15542,1.15234375,1.044921875,-0.234375,-0.29296875
15543,1.201171875,0.966796875,-0.224609375,-0.1953125
15544,1.23046875,1.07421875,-0.1953125,-0.29296875
15545,1.142578125,1.0546875,-0.224609375,-0.302734375
15546,1.240234375,1.005859375,-0.205078125,-0.21484375
15547,1.15234375,1.064453125,-0.263671875,-0.33203125
15548,1.171875,1.09375,-0.25390625,-0.283203125
15549,1.240234375,1.23046875,-0.15625,-0.302734375
15550,1.328125,1.064453125,-0.244140625,-0.107421875
15551,1.2109375,1.07421875,-0.322265625,-0.302734375
15552,1.220703125,1.2109375,-0.234375,-0.302734375
15553,1.298828125,1.09375,-0.302734375,-0.283203125
15554,1.064453125,1.162109375,-0.234375,-0.302734375
15555,1.181640625,1.005859375,-0.21484375,-0.263671875
15556,1.201171875,1.064453125,-0.25390625,-0.380859375
15557,1.103515625,1.220703125,-0.166015625,-0.17578125
15558,1.181640625,0.9765625,-0.25390625,-0.185546875
15559,1.30859375,1.123046875,-0.244140625,-0.21484375
15560,1.259765625,1.083984375,-0.234375,-0.244140625
15561,1.25,1.1328125,-0.283203125,-0.25390625
15562,1.240234375,1.09375,-0.224609375,-0.126953125
15563,1.2109375,1.09375,-0.21484375,-0.263671875
15564,1.201171875,1.064453125,-0.29296875,-0.302734375
15565,1.1328125,1.1328125,-0.29296875,-0.3125
15566,1.09375,1.15234375,-0.2734375,-0.263671875
15567,1.23046875,1.044921875,-0.283203125,-0.25390625
15568,1.123046875,1.103515625,-0.3125,-0.3125
15569,1.220703125,1.07421875,-0.224609375,-0.302734375
15570,1.23046875,1.07421875,-0.09765625,-0.224609375
15571,1.240234375,1.083984375,-0.263671875,-0.17578125
15572,1.201171875,1.123046875,-0.322265625,-0.283203125
15573,1.25,1.09375,-0.283203125,-0.2734375
15574,1.26953125,1.123046875,-0.400390625,-0.302734375
15575,0.9765625,1.15234375,-0.3515625,-0.322265625
15576,1.259765625,1.03515625,-0.517578125,-0.244140625
15577,1.25,1.0546875,-0.3515625,-0.41015625
15578,1.26953125,1.064453125,-0.302734375,-0.29296875
15579,1.181640625,1.1328125,-0.322265625,-0.17578125
15580,1.23046875,1.162109375,-0.2734375,-0.37109375
15581,1.19140625,1.103515625,-0.37109375,-0.234375
15582,1.19140625,1.044921875,-0.3515625,-0.25390625
15583,1.23046875,1.11328125,-0.517578125,-0.25390625
15584,1.123046875,1.005859375,-0.341796875,-0.224609375
15585,1.25,1.03515625,-0.33203125,-0.224609375
15586,1.2109375,1.1328125,-0.537109375,-0.33203125
15587,1.201171875,1.07421875,-0.37109375,-0.21484375
15588,1.19140625,1.015625,-0.439453125,-0.185546875
15589,1.19140625,1.2109375,-0.37109375,-0.29296875
15590,1.15234375,1.09375,-0.390625,-0.29296875
15591,1.09375,0.966796875,-0.33203125,-0.244140625
15592,1.26953125,1.025390625,-0.419921875,-0.302734375
15593,1.25,0.986328125,-0.3125,-0.087890625
15594,1.171875,1.083984375,-0.15625,-0.263671875
15595,1.220703125,1.044921875,-0.41015625,-0.33203125
15596,1.19140625,1.0546875,-0.322265625,-0.3515625
15597,1.30859375,1.025390625,-0.5078125,-0.224609375
15598,1.1328125,1.103515625,-0.4296875,-0.283203125
15599,0.9765625,1.0546875,-0.3515625,-0.126953125
15600,1.201171875,0.986328125,-0.21484375,-0.283203125
15601,1.201171875,1.09375,-0.41015625,-0.244140625
15602,1.171875,1.09375,-0.322265625,-0.205078125
15603,1.2109375,1.025390625,-0.361328125,-0.322265625
15604,1.162109375,1.015625,-0.2734375,-0.3125
15605,1.171875,1.1328125,-0.244140625,-0.419921875
15606,1.171875,1.07421875,-0.2734375,-0.3125
15607,1.23046875,1.162109375,-0.29296875,-0.3125
15608,1.181640625,1.1328125,-0.380859375,-0.185546875
15609,1.26953125,1.044921875,-0.244140625,-0.25390625
15610,1.1328125,1.03515625,-0.302734375,-0.244140625
15611,1.220703125,1.142578125,-0.322265625,-0.400390625
15612,1.1328125,1.123046875,-0.322265625,-0.234375
15613,1.201171875,1.171875,-0.302734375,-0.283203125
15614,1.2109375,1.103515625,-0.3125,-0.263671875
15615,1.337890625,1.09375,-0.2734375,-0.205078125
15616,1.171875,1.064453125,-0.234375,-0.29296875
15617,1.181640625,1.171875,-0.322265625,-0.15625
15618,1.162109375,1.15234375,-0.15625,-0.205078125
15619,1.201171875,1.123046875,-0.2734375,-0.205078125
15620,1.259765625,1.07421875,-0.3125,-0.302734375
15621,1.328125,1.044921875,-0.3125,-0.21484375
15622,1.23046875,1.09375,-0.126953125,-0.263671875
15623,1.23046875,1.044921875,-0.17578125,-0.380859375
15624,1.494140625,1.03515625,-0.3125,-0.283203125
15625,1.318359375,1.123046875,-0.380859375,-0.341796875
15626,1.279296875,1.07421875,-0.283203125,-0.3125
15627,1.298828125,1.11328125,-0.3125,-0.29296875
15628,1.220703125,0.9375,-0.263671875,-0.25390625
15629,1.337890625,1.083984375,-0.361328125,-0.33203125
15630,1.240234375,1.083984375,-0.3515625,-0.2734375
15631,1.30859375,0.986328125,-0.302734375,-0.2734375
15632,1.220703125,1.11328125,-0.419921875,-0.322265625
15633,1.19140625,1.103515625,-0.4296875,-0.3125
15634,1.26953125,1.03515625,-0.439453125,-0.302734375
15635,1.25,1.09375,-0.390625,-0.3125
15636,1.26953125,1.044921875,-0.234375,-0.341796875
15637,1.3671875,1.0546875,-0.3125,-0.234375
15638,1.240234375,1.064453125,-0.390625,-0.146484375
15639,1.40625,1.03515625,-0.37109375,-0.25390625
15640,1.25,0.849609375,-0.283203125,-0.283203125
15641,1.25,0.91796875,-0.322265625,-0.46875
15642,1.1328125,1.1328125,-0.322265625,-0.146484375
15643,1.240234375,1.0546875,-0.25390625,-0.263671875
15644,1.240234375,1.09375,-0.341796875,-0.322265625
15645,1.2890625,1.083984375,-0.29296875,-0.185546875
15646,1.220703125,1.162109375,-0.29296875,-0.2734375
15647,1.23046875,1.07421875,-0.29296875,-0.263671875
15648,1.23046875,1.1328125,-0.3125,-0.361328125
15649,1.240234375,1.064453125,-0.341796875,-0.283203125
15650,1.220703125,1.044921875,-0.283203125,-0.322265625
15651,1.3671875,1.11328125,-0.322265625,-0.439453125
15652,1.19140625,1.03515625,-0.3125,-0.341796875
15653,1.181640625,1.103515625,-0.419921875,-0.283203125
15654,1.279296875,1.064453125,-0.341796875,-0.3515625
15655,1.220703125,1.103515625,-0.419921875,-0.322265625
15656,1.240234375,1.03515625,-0.400390625,-0.224609375
15657,1.38671875,1.083984375,-0.390625,-0.390625
15658,1.201171875,0.9765625,-0.41015625,-0.341796875
15659,1.23046875,0.986328125,-0.322265625,-0.33203125
15660,1.26953125,1.083984375,-0.322265625,-0.3515625
15661,1.279296875,1.2109375,-0.322265625,-0.29296875
15662,1.30859375,1.240234375,-0.322265625,-0.283203125
15663,1.142578125,1.201171875,-0.302734375,-0.33203125
15664,1.30859375,1.19140625,-0.37109375,-0.33203125
15665,1.259765625,1.220703125,-0.322265625,-0.390625
15666,1.240234375,1.162109375,-0.3125,-0.41015625
15667,1.240234375,1.07421875,-0.322265625,-0.322265625
15668,1.2109375,1.416015625,-0.2734375,-0.380859375
15669,1.376953125,1.11328125,-0.322265625,-0.380859375
15670,1.123046875,1.25,-0.33203125,-0.3125
15671,1.259765625,1.1328125,-0.283203125,-0.380859375
15672,1.3671875,1.171875,-0.2734375,-0.380859375
15673,1.201171875,1.142578125,-0.25390625,-0.283203125
15674,1.142578125,0.95703125,-0.390625,-0.3125
15675,1.2890625,1.181640625,-0.3125,-0.21484375
15676,1.162109375,1.201171875,-0.33203125,-0.283203125
15677,1.181640625,1.142578125,-0.3125,-0.3515625
15678,1.15234375,1.181640625,-0.37109375,0.009765625
15679,1.220703125,1.123046875,-0.234375,-0.3125
15680,1.2109375,1.1328125,-0.33203125,-0.3515625
15681,1.2109375,1.15234375,-0.302734375,-0.3515625
15682,1.298828125,1.181640625,-0.3125,-0.33203125
15683,1.25,1.103515625,-0.2734375,-0.302734375
15684,1.19140625,1.23046875,-0.21484375,-0.234375
15685,1.298828125,1.2109375,-0.3515625,-0.3125
15686,1.201171875,1.142578125,-0.244140625,-0.390625
15687,1.181640625,1.162109375,-0.283203125,-0.234375
15688,1.25,1.103515625,-0.263671875,-0.263671875
15689,1.279296875,1.1328125,-0.166015625,-0.3125
15690,1.201171875,1.103515625,-0.3515625,-0.390625
15691,1.279296875,1.1328125,-0.341796875,-0.283203125
15692,1.240234375,1.09375,-0.3515625,-0.283203125
15693,1.181640625,1.142578125,-0.2734375,-0.361328125
15694,1.083984375,1.123046875,-0.25390625,-0.2734375
15695,1.240234375,1.03515625,-0.361328125,-0.302734375
15696,1.162109375,1.103515625,-0.283203125,-0.185546875
15697,1.181640625,1.15234375,-0.29296875,-0.322265625
15698,1.1328125,1.142578125,-0.37109375,-0.341796875
15699,1.171875,1.103515625,-0.2734375,-0.380859375
15700,1.181640625,1.2109375,-0.3515625,-0.283203125
15701,1.279296875,1.11328125,-0.3515625,-0.263671875
15702,1.171875,1.25,-0.25390625,-0.283203125
15703,1.162109375,1.11328125,-0.2734375,-0.2734375
15704,1.064453125,1.240234375,-0.244140625,-0.322265625
15705,1.103515625,1.19140625,-0.21484375,-0.126953125
15706,1.09375,1.181640625,-0.322265625,-0.29296875
15707,1.11328125,1.1328125,-0.341796875,-0.390625
15708,1.181640625,1.0546875,-0.2734375,-0.25390625
15709,1.123046875,1.142578125,-0.283203125,-0.185546875
15710,1.1328125,1.171875,-0.146484375,-0.29296875
15711,1.171875,1.07421875,-0.33203125,-0.41015625
15712,1.2109375,1.19140625,-0.25390625,-0.341796875
15713,1.220703125,1.181640625,-0.21484375,-0.3515625
15714,1.162109375,1.11328125,-0.322265625,-0.37109375
15715,1.044921875,1.171875,-0.224609375,-0.41015625
15716,1.23046875,1.142578125,-0.25390625,-0.341796875
15717,1.19140625,1.1328125,-0.244140625,-0.498046875
15718,1.1328125,1.26953125,-0.185546875,-0.166015625
15719,1.0546875,1.11328125,-0.341796875,-0.41015625
15720,1.123046875,1.162109375,-0.263671875,-0.37109375
15721,1.09375,1.23046875,-0.21484375,-0.322265625
15722,1.162109375,1.25,-0.33203125,-0.41015625
15723,1.15234375,1.357421875,-0.21484375,-0.41015625
15724,1.09375,1.220703125,-0.234375,-0.44921875
15725,0.986328125,1.181640625,-0.37109375,-0.380859375
15726,1.19140625,1.181640625,-0.33203125,-0.439453125
15727,1.11328125,1.240234375,-0.29296875,-0.390625
15728,1.298828125,1.11328125,-0.205078125,-0.37109375
15729,1.19140625,1.240234375,-0.322265625,-0.4296875
15730,1.1328125,1.25,-0.263671875,-0.341796875
15731,1.171875,1.15234375,-0.3515625,-0.322265625
15732,1.201171875,1.201171875,-0.400390625,-0.380859375
15733,1.19140625,1.162109375,-0.341796875,-0.458984375
15734,1.19140625,1.142578125,-0.322265625,-0.37109375
15735,1.19140625,1.1328125,-0.322265625,-0.400390625
15736,1.220703125,1.19140625,-0.341796875,-0.478515625
15737,1.142578125,1.201171875,-0.3515625,-0.439453125
15738,1.142578125,1.23046875,-0.185546875,-0.341796875
15739,1.23046875,1.15234375,-0.390625,-0.322265625
15740,1.2109375,1.171875,-0.234375,-0.37109375
15741,1.23046875,1.220703125,-0.361328125,-0.33203125
15742,1.240234375,1.171875,-0.322265625,-0.361328125
15743,1.25,1.171875,-0.341796875,-0.37109375
15744,1.201171875,1.181640625,-0.263671875,-0.361328125
15745,1.07421875,1.171875,-0.244140625,-0.400390625
15746,1.123046875,1.19140625,-0.341796875,-0.37109375
15747,1.1328125,0.91796875,-0.322265625,-0.400390625
15748,1.09375,1.2109375,-0.361328125,-0.380859375
15749,1.083984375,1.2109375,-0.3125,-0.302734375
15750,1.142578125,1.220703125,-0.498046875,-0.33203125
15751,1.15234375,1.162109375,-0.302734375,-0.390625
15752,1.2109375,1.162109375,-0.29296875,-0.361328125
15753,1.1328125,1.0546875,-0.283203125,-0.400390625
15754,1.07421875,1.1328125,-0.341796875,-0.37109375
15755,1.171875,1.171875,-0.361328125,-0.33203125
15756,1.19140625,1.259765625,-0.224609375,-0.546875
15757,1.103515625,1.23046875,-0.234375,-0.302734375
15758,1.23046875,1.162109375,-0.380859375,-0.361328125
15759,1.25,1.03515625,-0.33203125,-0.361328125
15760,1.162109375,1.171875,-0.33203125,-0.439453125
15761,1.240234375,1.201171875,-0.283203125,-0.546875
15762,1.1328125,1.181640625,-0.185546875,-0.341796875
15763,1.19140625,1.025390625,-0.2734375,-0.478515625
15764,1.142578125,1.162109375,-0.2734375,-0.390625
15765,1.181640625,1.064453125,-0.205078125,-0.4296875
15766,1.201171875,1.11328125,-0.205078125,-0.361328125
15767,1.15234375,1.123046875,-0.29296875,-0.458984375
15768,1.142578125,1.03515625,-0.17578125,-0.4296875
15769,1.11328125,0.986328125,-0.29296875,-0.4296875
15770,1.162109375,1.142578125,-0.361328125,-0.341796875
15771,1.11328125,1.279296875,-0.341796875,-0.419921875
15772,1.240234375,1.15234375,-0.21484375,-0.5078125
15773,1.181640625,1.1328125,-0.29296875,-0.458984375
15774,1.103515625,1.11328125,-0.361328125,-0.390625
15775,1.142578125,1.1328125,-0.21484375,-0.44921875
15776,1.318359375,1.11328125,-0.25390625,-0.4296875
15777,1.19140625,1.2109375,-0.25390625,-0.390625
15778,1.19140625,1.26953125,-0.283203125,-0.322265625
15779,1.142578125,1.083984375,-0.224609375,-0.263671875
15780,1.09375,1.123046875,-0.166015625,-0.400390625
15781,1.19140625,1.005859375,-0.068359375,-0.390625
15782,1.083984375,1.123046875,-0.25390625,-0.400390625
15783,1.201171875,1.015625,-0.205078125,-0.380859375
15784,1.181640625,1.11328125,-0.302734375,-0.37109375
15785,1.220703125,1.1328125,-0.29296875,-0.458984375
15786,1.025390625,1.201171875,-0.244140625,-0.3515625
15787,1.23046875,1.162109375,-0.29296875,-0.322265625
15788,1.23046875,1.09375,-0.302734375,-0.52734375
15789,1.25,1.07421875,-0.205078125,-0.48828125
15790,1.142578125,1.11328125,-0.15625,-0.3515625
15791,1.123046875,1.181640625,-0.25390625,-0.244140625
15792,1.123046875,1.07421875,-0.263671875,-0.419921875
15793,1.123046875,1.220703125,-0.107421875,-0.439453125
15794,1.162109375,1.181640625,-0.21484375,-0.537109375
15795,0.986328125,1.15234375,-0.322265625,-0.419921875
15796,1.142578125,1.19140625,-0.341796875,-0.458984375
15797,1.103515625,1.123046875,-0.283203125,-0.458984375
15798,0.966796875,1.123046875,-0.3125,-0.4296875
15799,1.123046875,1.201171875,-0.234375,-0.380859375
15800,1.083984375,1.142578125,-0.283203125,-0.693359375
15801,1.162109375,1.0546875,-0.234375,-0.439453125
15802,1.142578125,1.083984375,-0.2734375,-0.380859375
15803,1.07421875,1.1328125,-0.21484375,-0.400390625
15804,1.279296875,1.123046875,-0.25390625,-0.46875
15805,1.201171875,1.171875,-0.3125,-0.458984375
15806,1.162109375,1.11328125,-0.263671875,-0.33203125
15807,1.181640625,1.123046875,-0.283203125,-0.361328125
15808,1.103515625,1.15234375,-0.380859375,-0.41015625
15809,1.201171875,1.1328125,-0.322265625,-0.3515625
15810,1.083984375,1.142578125,-0.341796875,-0.37109375
15811,1.123046875,1.103515625,-0.15625,-0.3515625
15812,1.171875,1.083984375,-0.263671875,-0.46875
15813,1.19140625,1.11328125,-0.21484375,-0.33203125
15814,1.123046875,0.986328125,-0.263671875,-0.4296875
15815,1.142578125,1.1328125,-0.17578125,-0.3125
15816,1.201171875,1.142578125,-0.263671875,-0.400390625
15817,1.1328125,1.1328125,-0.13671875,-0.3515625
15818,1.1328125,1.15234375,-0.25390625,-0.33203125
15819,1.318359375,1.11328125,-0.166015625,-0.361328125
15820,1.171875,1.15234375,-0.166015625,-0.390625
15821,1.15234375,1.171875,-0.341796875,-0.595703125
15822,1.181640625,1.11328125,-0.25390625,-0.41015625
15823,1.15234375,0.9765625,-0.302734375,-0.37109375
15824,1.09375,1.2109375,-0.33203125,-0.4296875
15825,1.07421875,1.123046875,-0.283203125,-0.4296875
15826,1.1328125,1.09375,-0.205078125,-0.390625
15827,1.1328125,1.07421875,-0.283203125,-0.361328125
15828,1.162109375,1.123046875,-0.205078125,-0.48828125
15829,1.181640625,1.103515625,-0.29296875,-0.439453125
15830,1.162109375,0.947265625,-0.244140625,-0.44921875
15831,1.142578125,1.103515625,-0.2734375,-0.283203125
15832,1.09375,1.123046875,-0.439453125,-0.390625
15833,1.201171875,1.2109375,-0.205078125,-0.283203125
15834,1.15234375,1.1328125,-0.29296875,-0.302734375
15835,1.044921875,1.1328125,-0.29296875,-0.361328125
15836,1.220703125,1.1328125,-0.185546875,-0.33203125
15837,1.09375,1.123046875,-0.29296875,-0.478515625
15838,1.15234375,1.103515625,-0.205078125,-0.3515625
15839,1.1328125,1.103515625,-0.2734375,-0.33203125
15840,1.240234375,1.11328125,-0.263671875,-0.380859375
15841,1.220703125,1.279296875,-0.185546875,-0.380859375
15842,1.171875,1.123046875,-0.4296875,-0.458984375
15843,1.2109375,1.083984375,-0.341796875,-0.341796875
15844,1.083984375,1.103515625,-0.2734375,-0.390625
15845,1.142578125,1.1328125,-0.390625,-0.390625
15846,1.07421875,1.11328125,-0.29296875,-0.400390625
15847,1.171875,1.298828125,-0.341796875,-0.380859375
15848,1.171875,1.025390625,-0.283203125,-0.341796875
15849,1.142578125,1.09375,-0.2734375,-0.439453125
15850,1.171875,1.1328125,-0.244140625,-0.37109375
15851,1.11328125,1.0546875,-0.15625,-0.41015625
15852,1.23046875,1.0546875,-0.29296875,-0.3125
15853,1.259765625,1.103515625,-0.15625,-0.341796875
15854,1.171875,1.09375,-0.21484375,-0.3515625
15855,1.142578125,1.1328125,-0.25390625,-0.322265625
15856,1.318359375,1.15234375,-0.3125,-0.3515625
15857,1.123046875,1.123046875,-0.244140625,-0.380859375
15858,1.11328125,1.07421875,-0.2734375,-0.283203125
15859,1.181640625,1.1328125,-0.29296875,-0.33203125
15860,1.259765625,1.15234375,-0.478515625,-0.3515625
15861,1.220703125,1.083984375,-0.2734375,-0.390625
15862,1.259765625,1.09375,-0.283203125,-0.400390625
15863,1.19140625,1.015625,-0.234375,-0.4296875
15864,1.25,1.0546875,-0.2734375,-0.4296875
15865,0.9765625,1.07421875,-0.17578125,-0.380859375
15866,1.123046875,1.1328125,-0.25390625,-0.390625
15867,1.2109375,1.142578125,-0.1953125,-0.400390625
15868,1.123046875,1.1328125,-0.234375,-0.46875
15869,1.2109375,1.064453125,-0.302734375,-0.439453125
15870,1.25,1.064453125,-0.263671875,-0.419921875
15871,1.142578125,1.103515625,-0.2734375,-0.458984375
15872,1.19140625,1.15234375,-0.146484375,-0.3515625
15873,1.171875,1.142578125,-0.3125,-0.41015625
15874,1.279296875,1.171875,-0.224609375,-0.3515625
15875,1.171875,1.15234375,-0.09765625,-0.3515625
15876,1.181640625,1.1328125,-0.322265625,-0.3515625
15877,1.171875,1.15234375,-0.263671875,-0.341796875
15878,1.220703125,0.99609375,-0.361328125,-0.419921875
15879,1.19140625,1.25,-0.234375,-0.44921875
15880,1.23046875,1.103515625,-0.185546875,-0.37109375
15881,1.15234375,1.07421875,-0.25390625,-0.380859375
15882,1.19140625,1.142578125,-0.146484375,-0.3125
15883,1.064453125,1.103515625,-0.224609375,-0.21484375
15884,1.240234375,1.083984375,-0.21484375,-0.322265625
15885,1.328125,1.181640625,-0.234375,-0.302734375
15886,1.318359375,1.171875,-0.234375,-0.478515625
15887,1.279296875,1.015625,-0.15625,-0.390625
15888,1.2890625,1.103515625,-0.2734375,-0.517578125
15889,1.2109375,1.171875,-0.234375,-0.37109375
15890,1.123046875,1.23046875,-0.244140625,-0.283203125
15891,1.38671875,1.181640625,-0.17578125,-0.380859375
15892,1.416015625,1.11328125,-0.25390625,-0.56640625
15893,1.240234375,1.123046875,-0.146484375,-0.419921875
15894,1.25,1.26953125,-0.263671875,-0.37109375
15895,1.26953125,1.142578125,-0.2734375,-0.37109375
15896,1.23046875,1.025390625,-0.205078125,-0.322265625
15897,1.201171875,1.1328125,-0.17578125,-0.21484375
15898,1.171875,1.103515625,-0.126953125,-0.44921875
15899,1.15234375,0.947265625,-0.17578125,-0.361328125
15900,1.171875,1.171875,-0.21484375,-0.41015625
15901,1.23046875,1.171875,-0.1953125,-0.498046875
15902,1.30859375,1.11328125,-0.244140625,-0.380859375
15903,1.25,1.142578125,-0.234375,-0.322265625
15904,1.26953125,1.171875,-0.244140625,-0.3515625
15905,1.26953125,1.2109375,-0.13671875,-0.380859375
15906,1.240234375,1.201171875,-0.1171875,-0.25390625
15907,1.298828125,1.1328125,-0.1171875,-0.419921875
15908,1.201171875,1.15234375,-0.15625,-0.439453125
15909,1.2109375,0.99609375,-0.17578125,-0.3515625
15910,1.03515625,1.162109375,-0.17578125,-0.46875
15911,1.19140625,1.162109375,-0.21484375,-0.44921875
15912,1.23046875,1.142578125,-0.17578125,-0.458984375
15913,1.23046875,1.09375,-0.1953125,-0.322265625
15914,1.181640625,1.15234375,-0.1953125,-0.37109375
15915,1.279296875,1.123046875,-0.283203125,-0.458984375
15916,1.279296875,1.11328125,-0.263671875,-0.380859375
15917,1.15234375,1.15234375,-0.01953125,-0.400390625
15918,1.201171875,1.083984375,-0.13671875,-0.263671875
15919,1.23046875,1.123046875,-0.234375,-0.419921875
15920,1.279296875,1.162109375,-0.185546875,-0.361328125
15921,1.240234375,1.103515625,-0.224609375,-0.400390625
15922,1.25,1.11328125,-0.244140625,-0.41015625
15923,1.15234375,1.162109375,-0.234375,-0.419921875
15924,1.240234375,1.11328125,-0.21484375,-0.33203125
15925,1.19140625,1.142578125,-0.21484375,-0.3125
15926,1.259765625,1.083984375,-0.234375,-0.419921875
15927,1.240234375,1.0546875,-0.1953125,-0.439453125
15928,1.171875,1.03515625,-0.263671875,-0.29296875
15929,1.162109375,1.09375,-0.302734375,-0.322265625
15930,1.201171875,1.15234375,-0.1953125,-0.322265625
15931,1.181640625,0.947265625,-0.244140625,-0.400390625
15932,1.142578125,1.142578125,-0.322265625,-0.302734375
15933,1.19140625,0.966796875,-0.341796875,-0.302734375
15934,1.25,1.123046875,-0.224609375,-0.3125
15935,1.220703125,1.083984375,-0.1953125,-0.380859375
15936,1.181640625,1.03515625,-0.205078125,-0.3125
15937,1.2109375,1.123046875,-0.224609375,-0.400390625
15938,1.23046875,1.0546875,-0.17578125,-0.244140625
15939,1.23046875,1.19140625,-0.078125,-0.322265625
15940,1.220703125,0.99609375,-0.244140625,-0.3515625
15941,1.19140625,1.044921875,-0.21484375,-0.576171875
15942,1.162109375,1.025390625,-0.263671875,-0.341796875
15943,1.171875,1.015625,-0.21484375,-0.224609375
15944,1.123046875,1.103515625,-0.224609375,-0.3515625
15945,1.1328125,1.103515625,-0.17578125,-0.283203125
15946,1.142578125,0.927734375,-0.25390625,-0.458984375
15947,1.07421875,1.03515625,-0.25390625,-0.3125
15948,1.19140625,1.044921875,-0.25390625,-0.302734375
15949,1.25,1.181640625,-0.205078125,-0.302734375
15950,1.11328125,1.09375,-0.25390625,-0.517578125
15951,1.07421875,1.064453125,-0.29296875,-0.29296875
15952,1.19140625,1.142578125,-0.48828125,-0.2734375
15953,1.103515625,1.09375,-0.263671875,-0.498046875
15954,1.201171875,0.99609375,-0.224609375,-0.3515625
15955,1.162109375,1.171875,-0.234375,-0.419921875
15956,1.171875,1.103515625,-0.2734375,-0.48828125
15957,1.201171875,1.07421875,-0.4296875,-0.244140625
15958,1.1328125,1.103515625,-0.078125,-0.390625
15959,1.083984375,1.103515625,-0.3125,-0.439453125
15960,1.1328125,1.07421875,-0.3125,-0.283203125
15961,1.07421875,1.015625,-0.185546875,-0.390625
15962,1.23046875,1.123046875,-0.29296875,-0.185546875
15963,1.15234375,1.07421875,-0.15625,-0.302734375
15964,1.142578125,1.044921875,-0.302734375,-0.283203125
15965,1.2109375,1.142578125,-0.234375,-0.1953125
15966,1.201171875,1.15234375,-0.13671875,-0.244140625
15967,1.220703125,0.99609375,-0.380859375,-0.322265625
15968,1.220703125,1.083984375,-0.29296875,-0.234375
15969,1.2109375,1.09375,-0.21484375,-0.29296875
15970,1.2109375,1.162109375,-0.33203125,-0.37109375
15971,1.220703125,1.064453125,-0.29296875,-0.263671875
15972,1.25,1.240234375,-0.146484375,-0.25390625
15973,1.2109375,1.0546875,-0.322265625,-0.361328125
15974,1.171875,1.103515625,-0.234375,-0.224609375
15975,1.19140625,1.044921875,-0.33203125,-0.283203125
15976,1.2890625,1.083984375,-0.205078125,-0.283203125
15977,1.103515625,1.083984375,-0.29296875,-0.390625
15978,1.2109375,1.025390625,-0.21484375,-0.3125
15979,1.2109375,1.2109375,-0.322265625,-0.283203125
15980,1.171875,1.07421875,-0.1953125,-0.283203125
15981,1.2109375,1.123046875,-0.322265625,-0.29296875
15982,1.26953125,1.083984375,-0.283203125,-0.322265625
15983,1.19140625,1.09375,-0.3125,-0.400390625
15984,1.40625,1.044921875,-0.234375,-0.29296875
15985,1.181640625,1.005859375,-0.322265625,-0.25390625
15986,1.19140625,1.103515625,-0.234375,-0.302734375
15987,1.376953125,1.123046875,-0.234375,-0.234375
15988,1.298828125,1.083984375,-0.09765625,-0.283203125
15989,1.181640625,1.0546875,-0.25390625,-0.341796875
15990,1.25,1.064453125,-0.224609375,-0.263671875
15991,1.25,1.103515625,-0.3515625,-0.29296875
15992,1.2109375,1.103515625,-0.25390625,-0.205078125
15993,1.25,1.15234375,-0.283203125,-0.2734375
15994,1.181640625,1.181640625,-0.166015625,-0.25390625
15995,1.279296875,1.064453125,-0.33203125,-0.234375
15996,1.279296875,1.240234375,-0.3125,-0.234375
15997,1.318359375,1.123046875,-0.390625,-0.263671875
15998,1.279296875,1.103515625,-0.263671875,-0.48828125
15999,1.396484375,1.083984375,-0.263671875,-0.29296875
16000,1.25,1.083984375,-0.56640625,-0.302734375
16001,1.240234375,1.0546875,-0.322265625,-0.224609375
16002,1.26953125,1.142578125,-0.29296875,-0.166015625
16003,1.181640625,1.38671875,-0.44921875,-0.234375
16004,1.240234375,1.142578125,-0.302734375,-0.3125
16005,1.19140625,1.11328125,-0.29296875,-0.283203125
16006,1.19140625,1.07421875,-0.2734375,-0.263671875
16007,1.220703125,0.95703125,-0.3125,-0.244140625
16008,1.376953125,1.103515625,-0.33203125,-0.283203125
16009,1.181640625,1.11328125,-0.44921875,-0.25390625
16010,1.19140625,1.25,-0.400390625,-0.2734375
16011,1.2890625,1.064453125,-0.33203125,-0.25390625
16012,1.240234375,1.03515625,-0.361328125,-0.283203125
16013,1.240234375,1.07421875,-0.3515625,-0.37109375
16014,1.220703125,1.15234375,-0.37109375,-0.33203125
16015,1.328125,0.9765625,-0.3515625,-0.244140625
16016,1.240234375,1.103515625,-0.25390625,-0.2734375
16017,1.240234375,1.103515625,-0.3515625,-0.283203125
16018,1.181640625,1.083984375,-0.234375,-0.244140625
16019,1.19140625,1.337890625,-0.458984375,-0.17578125
16020,1.220703125,1.11328125,-0.390625,-0.1953125
16021,1.201171875,0.966796875,-0.33203125,-0.234375
16022,1.23046875,1.15234375,-0.322265625,-0.15625
16023,1.11328125,1.1328125,-0.341796875,-0.048828125
16024,1.40625,1.1328125,-0.390625,-0.25390625
16025,1.25,1.015625,-0.185546875,-0.185546875
16026,1.318359375,1.064453125,-0.37109375,-0.21484375
16027,1.328125,0.99609375,-0.3125,-0.224609375
16028,1.23046875,1.03515625,-0.390625,-0.283203125
16029,1.2890625,1.103515625,-0.302734375,-0.33203125
16030,1.15234375,1.0546875,-0.244140625,-0.2734375
16031,1.25,0.986328125,-0.322265625,-0.224609375
16032,1.30859375,1.064453125,-0.341796875,-0.25390625
16033,1.171875,0.91796875,-0.400390625,-0.263671875
16034,1.240234375,1.1328125,-0.1953125,-0.3125
16035,1.09375,1.0546875,-0.283203125,-0.33203125
16036,1.15234375,1.07421875,-0.41015625,-0.1953125
16037,1.2109375,1.07421875,-0.13671875,-0.234375
16038,1.142578125,1.11328125,-0.341796875,-0.166015625
16039,1.19140625,1.19140625,-0.390625,-0.244140625
16040,1.142578125,1.162109375,-0.341796875,-0.25390625
16041,1.23046875,1.15234375,-0.3515625,-0.244140625
16042,1.2109375,1.142578125,-0.322265625,-0.224609375
16043,1.123046875,0.986328125,-0.234375,-0.302734375
16044,1.162109375,1.123046875,-0.283203125,-0.2734375
16045,1.240234375,1.162109375,-0.29296875,-0.234375
16046,1.171875,1.123046875,-0.341796875,-0.1953125
16047,1.25,1.162109375,-0.283203125,-0.17578125
16048,1.259765625,1.201171875,-0.185546875,-0.25390625
16049,1.259765625,1.142578125,-0.2734375,-0.244140625
16050,1.279296875,1.1328125,-0.1953125,-0.224609375
16051,1.2109375,1.103515625,-0.263671875,-0.25390625
16052,1.171875,0.830078125,-0.234375,-0.224609375
16053,1.30859375,1.07421875,-0.302734375,-0.21484375
16054,1.171875,1.03515625,-0.2734375,-0.21484375
16055,1.240234375,0.888671875,-0.380859375,-0.25390625
16056,1.23046875,1.103515625,-0.2734375,-0.166015625
16057,1.19140625,1.0546875,-0.283203125,-0.302734375
16058,1.220703125,1.162109375,-0.244140625,-0.33203125
16059,1.240234375,1.11328125,-0.41015625,-0.302734375
16060,1.26953125,1.07421875,-0.37109375,-0.234375
16061,1.279296875,0.91796875,-0.361328125,-0.322265625
16062,1.259765625,1.123046875,-0.33203125,-0.37109375
16063,1.26953125,1.1328125,-0.322265625,-0.3515625
16064,1.240234375,1.03515625,-0.33203125,-0.2734375
16065,1.240234375,1.09375,-0.29296875,-0.1953125
16066,1.279296875,1.162109375,-0.3515625,-0.3125
16067,1.25,1.064453125,-0.400390625,-0.263671875
16068,1.240234375,1.123046875,-0.390625,-0.3125
16069,1.376953125,1.064453125,-0.390625,-0.302734375
16070,1.25,1.09375,-0.361328125,-0.29296875
16071,1.23046875,1.083984375,-0.37109375,-0.146484375
16072,1.19140625,1.11328125,-0.2734375,-0.185546875
16073,1.26953125,1.09375,-0.322265625,-0.283203125
16074,1.2109375,1.083984375,-0.41015625,-0.33203125
16075,1.15234375,1.09375,-0.3515625,-0.244140625
16076,1.1328125,1.1328125,-0.390625,-0.3125
16077,1.259765625,1.09375,-0.341796875,-0.234375
16078,1.171875,1.064453125,-0.37109375,-0.205078125
16079,1.259765625,1.171875,-0.263671875,-0.263671875
16080,1.220703125,1.005859375,-0.3515625,-0.283203125
16081,1.25,1.064453125,-0.390625,-0.13671875
16082,1.123046875,1.259765625,-0.3125,-0.234375
16083,1.2109375,1.1328125,-0.263671875,-0.166015625
16084,1.30859375,1.162109375,-0.380859375,-0.361328125
16085,1.171875,1.15234375,-0.263671875,-0.322265625
16086,1.15234375,1.220703125,-0.44921875,-0.302734375
16087,1.220703125,1.142578125,-0.361328125,-0.380859375
16088,1.23046875,1.142578125,-0.380859375,-0.341796875
16089,1.220703125,1.2109375,-0.390625,-0.361328125
16090,1.103515625,1.07421875,-0.37109375,-0.341796875
16091,1.220703125,0.99609375,-0.341796875,-0.2734375
16092,1.201171875,1.015625,-0.283203125,-0.302734375
16093,1.259765625,1.044921875,-0.341796875,-0.185546875
16094,1.298828125,1.15234375,-0.400390625,-0.41015625
16095,1.240234375,1.2109375,-0.244140625,-0.25390625
16096,1.25,1.201171875,-0.302734375,-0.2734375
16097,1.171875,1.181640625,-0.3125,-0.361328125
16098,1.240234375,1.064453125,-0.29296875,-0.283203125
16099,1.279296875,1.220703125,-0.2734375,-0.2734375
16100,1.38671875,1.23046875,-0.361328125,-0.361328125
16101,1.240234375,1.1328125,-0.234375,-0.380859375
16102,1.25,1.25,-0.3125,-0.41015625
16103,1.26953125,1.142578125,-0.380859375,-0.2734375
16104,1.220703125,1.19140625,-0.263671875,-0.3125
16105,1.1328125,1.25,-0.3125,-0.380859375
16106,1.220703125,1.2109375,-0.322265625,-0.302734375
16107,1.19140625,1.15234375,-0.322265625,-0.3515625
16108,1.25,1.181640625,-0.2734375,-0.33203125
16109,1.30859375,1.162109375,-0.302734375,-0.3515625
16110,1.23046875,1.201171875,-0.21484375,-0.25390625
16111,1.201171875,1.15234375,-0.33203125,-0.3125
16112,1.123046875,1.240234375,-0.25390625,-0.3125
16113,1.19140625,1.07421875,-0.322265625,-0.361328125
16114,1.201171875,1.19140625,-0.3125,-0.419921875
16115,1.142578125,1.171875,-0.2734375,-0.3125
16116,1.298828125,1.23046875,-0.25390625,-0.283203125
16117,1.23046875,1.19140625,-0.166015625,-0.234375
16118,1.240234375,1.142578125,-0.361328125,-0.3125
16119,1.171875,1.162109375,-0.361328125,-0.341796875
16120,1.23046875,1.30859375,-0.2734375,-0.263671875
16121,1.15234375,1.11328125,-0.3125,-0.33203125
16122,1.11328125,1.09375,-0.263671875,-0.3125
16123,1.19140625,1.11328125,-0.205078125,-0.146484375
16124,1.201171875,1.171875,-0.283203125,-0.2734375
16125,1.23046875,1.171875,-0.33203125,-0.3515625
16126,1.15234375,1.181640625,-0.29296875,-0.107421875
16127,1.181640625,1.162109375,-0.302734375,-0.419921875
16128,1.240234375,1.15234375,-0.126953125,-0.361328125
16129,1.181640625,1.279296875,-0.234375,-0.37109375
16130,1.201171875,1.064453125,-0.21484375,-0.33203125
16131,1.201171875,1.142578125,-0.302734375,-0.3125
16132,1.2109375,0.9765625,-0.21484375,-0.46875
16133,1.2890625,1.123046875,-0.244140625,-0.29296875
16134,1.240234375,1.09375,-0.263671875,-0.25390625
16135,1.171875,1.220703125,-0.25390625,-0.41015625
16136,1.1328125,1.171875,-0.263671875,-0.107421875
16137,1.23046875,1.142578125,-0.33203125,-0.341796875
16138,1.103515625,1.26953125,-0.3515625,-0.380859375
16139,1.240234375,1.220703125,-0.283203125,-0.263671875
16140,1.07421875,1.123046875,-0.224609375,-0.380859375
16141,1.162109375,1.2109375,-0.234375,-0.263671875
16142,1.201171875,1.19140625,-0.322265625,-0.4296875
16143,1.07421875,1.15234375,-0.283203125,-0.33203125
16144,1.15234375,1.162109375,-0.29296875,-0.3515625
16145,1.15234375,1.220703125,-0.29296875,-0.3515625
16146,1.09375,1.201171875,-0.224609375,-0.37109375
16147,1.201171875,1.240234375,-0.1171875,-0.517578125
16148,1.15234375,1.23046875,-0.283203125,-0.25390625
16149,1.11328125,1.201171875,-0.37109375,-0.3515625
16150,1.123046875,1.376953125,-0.224609375,-0.52734375
16151,1.15234375,1.259765625,-0.302734375,-0.478515625
16152,1.044921875,1.279296875,-0.185546875,-0.458984375
16153,1.15234375,1.201171875,-0.244140625,-0.25390625
16154,1.1328125,1.171875,-0.263671875,-0.3125
16155,1.015625,1.298828125,-0.185546875,-0.341796875
16156,1.09375,1.201171875,-0.1953125,-0.341796875
16157,1.09375,1.142578125,-0.263671875,-0.37109375
16158,1.103515625,1.25,-0.302734375,-0.4296875
16159,1.09375,1.279296875,-0.4296875,-0.29296875
16160,1.162109375,1.15234375,-0.25390625,-0.37109375
16161,1.2109375,1.328125,-0.234375,-0.361328125
16162,1.23046875,1.279296875,-0.205078125,-0.3515625
16163,1.240234375,1.259765625,-0.361328125,-0.56640625
16164,1.2109375,1.1328125,-0.25390625,-0.33203125
16165,1.19140625,1.259765625,-0.244140625,-0.302734375
16166,1.11328125,1.171875,-0.283203125,-0.3515625
16167,1.162109375,1.15234375,-0.341796875,-0.3125
16168,1.171875,1.201171875,-0.33203125,-0.2734375
16169,1.162109375,1.240234375,-0.302734375,-0.478515625
16170,1.015625,1.171875,-0.29296875,-0.33203125
16171,1.201171875,1.19140625,-0.244140625,-0.33203125
16172,1.201171875,1.337890625,-0.263671875,-0.44921875
16173,1.201171875,1.171875,-0.37109375,-0.439453125
16174,1.181640625,1.2109375,-0.263671875,-0.341796875
16175,1.0546875,1.123046875,-0.25390625,-0.25390625
16176,1.171875,1.23046875,-0.244140625,-0.3515625
16177,1.123046875,1.259765625,-0.33203125,-0.380859375
16178,1.064453125,1.11328125,-0.234375,-0.390625
16179,1.005859375,1.15234375,-0.3125,-0.361328125
16180,1.103515625,1.201171875,-0.3515625,-0.37109375
16181,1.171875,1.11328125,-0.2734375,-0.322265625
16182,1.064453125,1.201171875,-0.234375,-0.302734375
16183,1.142578125,1.171875,-0.283203125,-0.302734375
16184,1.142578125,1.2890625,-0.37109375,-0.3125
16185,1.09375,1.23046875,-0.33203125,-0.5078125
16186,1.171875,1.15234375,-0.302734375,-0.302734375
16187,1.07421875,1.11328125,-0.302734375,-0.44921875
16188,1.15234375,1.142578125,-0.224609375,-0.33203125
16189,1.103515625,1.15234375,-0.15625,-0.390625
16190,1.25,0.927734375,-0.2734375,-0.400390625
16191,1.259765625,1.181640625,-0.2734375,-0.3515625
16192,1.1328125,1.083984375,-0.283203125,-0.380859375
16193,1.181640625,1.2890625,-0.2734375,-0.29296875
16194,1.259765625,1.19140625,-0.2734375,-0.25390625
16195,1.240234375,1.07421875,-0.33203125,-0.380859375
16196,1.240234375,1.11328125,-0.341796875,-0.380859375
16197,1.220703125,1.201171875,-0.224609375,-0.517578125
16198,1.279296875,1.09375,-0.3125,-0.361328125
16199,1.279296875,1.171875,-0.341796875,-0.458984375
16200,1.162109375,1.11328125,-0.263671875,-0.4296875
16201,1.298828125,1.064453125,-0.25390625,-0.37109375
16202,1.201171875,1.1328125,-0.3515625,-0.44921875
16203,1.2890625,1.19140625,-0.341796875,-0.41015625
16204,1.2109375,1.2109375,-0.244140625,-0.419921875
16205,1.220703125,1.19140625,-0.15625,-0.4296875
16206,1.201171875,1.103515625,-0.283203125,-0.41015625
16207,1.162109375,1.1328125,-0.2734375,-0.41015625
16208,1.1328125,1.083984375,-0.25390625,-0.41015625
16209,1.162109375,1.26953125,-0.361328125,-0.166015625
16210,1.328125,1.123046875,-0.234375,-0.4296875
16211,1.19140625,1.19140625,-0.37109375,-0.400390625
16212,1.142578125,1.240234375,-0.224609375,-0.400390625
16213,1.337890625,1.083984375,-0.09765625,-0.400390625
16214,1.171875,1.1328125,-0.224609375,-0.419921875
16215,1.171875,1.15234375,-0.205078125,-0.2734375
16216,0.966796875,1.201171875,-0.166015625,-0.380859375
16217,1.123046875,1.0546875,-0.185546875,-0.341796875
16218,1.064453125,1.181640625,-0.25390625,-0.380859375
16219,1.0546875,1.201171875,-0.302734375,-0.3515625
16220,1.162109375,1.171875,-0.244140625,-0.400390625
16221,1.11328125,1.162109375,-0.25390625,-0.46875
16222,0.966796875,1.162109375,-0.166015625,-0.361328125
16223,1.07421875,1.1328125,-0.341796875,-0.390625
16224,1.240234375,1.09375,-0.283203125,-0.693359375
16225,1.19140625,1.1328125,-0.302734375,-0.498046875
16226,1.162109375,1.123046875,-0.2734375,-0.439453125
16227,1.11328125,1.09375,-0.244140625,-0.48828125
16228,1.103515625,1.11328125,-0.283203125,-0.46875
16229,1.09375,1.11328125,-0.390625,-0.44921875
16230,1.171875,1.11328125,-0.263671875,-0.37109375
16231,1.2890625,1.142578125,-0.33203125,-0.4296875
16232,1.103515625,1.162109375,-0.29296875,-0.439453125
16233,1.142578125,1.15234375,-0.29296875,-0.419921875
16234,1.171875,1.11328125,-0.25390625,-0.419921875
16235,1.23046875,1.07421875,-0.37109375,-0.498046875
16236,1.19140625,1.083984375,-0.341796875,-0.478515625
16237,1.318359375,1.142578125,-0.2734375,-0.400390625
16238,1.171875,1.11328125,-0.361328125,-0.390625
16239,1.15234375,1.07421875,-0.29296875,-0.5078125
16240,1.181640625,1.162109375,-0.185546875,-0.537109375
16241,1.19140625,1.15234375,-0.263671875,-0.37109375
16242,1.181640625,1.1328125,-0.29296875,-0.380859375
16243,0.986328125,1.09375,-0.234375,-0.3515625
16244,1.0546875,1.279296875,-0.302734375,-0.361328125
16245,1.1328125,0.947265625,-0.3125,-0.322265625
16246,1.220703125,1.1328125,-0.341796875,-0.5078125
16247,1.2109375,1.11328125,-0.44921875,-0.3515625
16248,1.123046875,1.162109375,-0.17578125,-0.283203125
16249,1.23046875,1.123046875,-0.25390625,-0.3125
16250,1.25,1.09375,-0.234375,-0.3515625
16251,1.162109375,1.123046875,-0.283203125,-0.361328125
16252,1.181640625,1.171875,-0.21484375,-0.361328125
16253,1.11328125,1.15234375,-0.29296875,-0.390625
16254,1.103515625,0.986328125,-0.244140625,-0.48828125
16255,1.1328125,1.162109375,-0.2734375,-0.517578125
16256,1.11328125,1.0546875,-0.25390625,-0.341796875
16257,1.1328125,1.220703125,-0.224609375,-0.4296875
16258,1.142578125,1.15234375,-0.234375,-0.44921875
16259,1.064453125,1.15234375,-0.244140625,-0.41015625
16260,1.162109375,1.1328125,-0.244140625,-0.419921875
16261,1.1328125,1.181640625,-0.322265625,-0.419921875
16262,1.09375,1.15234375,-0.361328125,-0.3515625
16263,1.162109375,1.123046875,-0.263671875,-0.33203125
16264,1.318359375,1.142578125,-0.25390625,-0.576171875
16265,1.181640625,1.103515625,-0.302734375,-0.44921875
16266,1.25,1.09375,-0.185546875,-0.341796875
16267,1.0546875,1.1328125,-0.263671875,-0.37109375
16268,1.044921875,1.09375,-0.361328125,-0.361328125
16269,1.103515625,1.15234375,-0.1953125,-0.2734375
16270,1.220703125,1.171875,-0.3125,-0.419921875
16271,1.015625,0.986328125,-0.283203125,-0.390625
16272,1.07421875,1.064453125,-0.380859375,-0.37109375
16273,1.19140625,1.09375,-0.263671875,-0.458984375
16274,1.220703125,1.1328125,-0.2734375,-0.400390625
16275,1.1328125,1.025390625,-0.322265625,-0.439453125
16276,1.015625,1.181640625,-0.3515625,-0.3515625
16277,1.064453125,1.044921875,-0.224609375,-0.439453125
16278,1.142578125,1.30859375,-0.205078125,-0.400390625
16279,1.15234375,1.1328125,-0.263671875,-0.205078125
16280,1.07421875,1.07421875,-0.263671875,-0.400390625
16281,1.181640625,1.240234375,-0.37109375,-0.33203125
16282,1.142578125,1.1328125,-0.341796875,-0.322265625
16283,1.07421875,1.083984375,-0.302734375,-0.302734375
16284,1.2109375,1.123046875,-0.380859375,-0.2734375
16285,1.1328125,1.09375,-0.25390625,-0.3125
16286,1.25,1.07421875,-0.341796875,-0.29296875
16287,1.171875,1.123046875,-0.263671875,-0.3515625
16288,1.1328125,1.162109375,-0.29296875,-0.3125
16289,1.064453125,1.09375,-0.3125,-0.341796875
16290,1.181640625,1.103515625,-0.15625,-0.3125
16291,1.11328125,1.09375,-0.283203125,-0.33203125
16292,1.181640625,1.083984375,-0.283203125,-0.283203125
16293,1.181640625,0.888671875,-0.185546875,-0.341796875
16294,1.201171875,1.357421875,-0.2734375,-0.283203125
16295,1.2109375,1.11328125,-0.2734375,-0.44921875
16296,1.181640625,1.123046875,-0.234375,-0.419921875
16297,1.2109375,1.09375,-0.419921875,-0.37109375
16298,1.142578125,1.11328125,-0.29296875,-0.33203125
16299,1.23046875,1.005859375,-0.17578125,-0.390625
16300,1.162109375,1.083984375,-0.166015625,-0.33203125
16301,1.25,1.09375,-0.1953125,-0.3515625
16302,1.1328125,1.0546875,-0.166015625,-0.44921875
16303,1.220703125,1.09375,-0.361328125,-0.439453125
16304,1.396484375,1.15234375,-0.33203125,-0.546875
16305,1.103515625,1.2109375,-0.41015625,-0.302734375
16306,1.1328125,1.171875,-0.283203125,-0.390625
16307,1.15234375,1.15234375,-0.3515625,-0.400390625
16308,1.220703125,1.162109375,-0.25390625,-0.400390625
16309,1.162109375,1.259765625,-0.185546875,-0.390625
16310,1.11328125,1.09375,-0.234375,-0.439453125
16311,1.279296875,1.07421875,-0.21484375,-0.380859375
16312,1.181640625,1.171875,-0.15625,-0.2734375
16313,1.2890625,1.123046875,-0.25390625,-0.380859375
16314,1.259765625,1.38671875,-0.224609375,-0.390625
16315,1.279296875,1.171875,-0.263671875,-0.400390625
16316,1.298828125,1.19140625,-0.322265625,-0.48828125
16317,1.318359375,1.025390625,-0.185546875,-0.37109375
16318,1.2890625,1.19140625,-0.21484375,-0.29296875
16319,1.240234375,1.15234375,-0.341796875,-0.322265625
16320,1.337890625,1.19140625,-0.25390625,-0.33203125
16321,1.26953125,1.201171875,-0.419921875,-0.3515625
16322,1.3671875,1.142578125,-0.224609375,-0.283203125
16323,1.240234375,1.1328125,-0.15625,-0.419921875
16324,1.318359375,0.99609375,-0.29296875,-0.3515625
16325,1.357421875,1.171875,-0.283203125,-0.439453125
16326,1.259765625,1.044921875,-0.29296875,-0.361328125
16327,1.259765625,1.259765625,-0.244140625,-0.390625
16328,1.2109375,1.171875,-0.283203125,-0.390625
16329,1.09375,1.083984375,-0.234375,-0.341796875
16330,1.220703125,1.07421875,-0.224609375,-0.380859375
16331,1.23046875,1.1328125,-0.29296875,-0.52734375
16332,1.23046875,1.142578125,-0.126953125,-0.4296875
16333,1.220703125,1.064453125,-0.29296875,-0.390625
16334,1.142578125,1.142578125,-0.2734375,-0.439453125
16335,1.259765625,1.23046875,-0.205078125,-0.4296875
16336,1.23046875,1.15234375,-0.01953125,-0.390625
16337,1.23046875,1.181640625,-0.21484375,-0.380859375
16338,1.171875,1.15234375,-0.263671875,-0.439453125
16339,1.19140625,1.103515625,-0.37109375,-0.380859375
16340,1.15234375,1.1328125,-0.1953125,-0.458984375
16341,1.142578125,1.19140625,-0.166015625,-0.400390625
16342,1.259765625,1.07421875,-0.263671875,-0.419921875
16343,1.2890625,1.1328125,-0.244140625,-0.3125
16344,1.259765625,1.103515625,-0.166015625,-0.400390625
16345,1.376953125,1.318359375,-0.205078125,-0.3125
16346,1.3671875,1.083984375,-0.21484375,-0.41015625
16347,1.26953125,1.142578125,-0.361328125,-0.400390625
16348,1.298828125,1.1328125,-0.3125,-0.37109375
16349,1.25,1.15234375,-0.205078125,-0.517578125
16350,1.435546875,1.083984375,-0.302734375,-0.37109375
16351,1.240234375,1.1328125,-0.234375,-0.390625
16352,1.30859375,1.1328125,-0.302734375,-0.400390625
16353,1.259765625,1.09375,-0.224609375,-0.361328125
16354,1.279296875,1.123046875,-0.3125,-0.390625
16355,1.142578125,1.181640625,-0.29296875,-0.283203125
16356,1.025390625,1.1328125,-0.224609375,-0.3515625
16357,1.123046875,1.142578125,-0.263671875,-0.439453125
16358,1.07421875,1.162109375,-0.29296875,-0.283203125
16359,1.1328125,1.09375,-0.25390625,-0.322265625
16360,1.19140625,1.15234375,-0.263671875,-0.3515625
16361,1.1328125,1.09375,-0.33203125,-0.244140625
16362,1.26953125,1.083984375,-0.205078125,-0.33203125
16363,1.25,1.23046875,-0.244140625,-0.41015625
16364,1.201171875,1.279296875,-0.068359375,-0.439453125
16365,1.2890625,1.0546875,-0.224609375,-0.361328125
16366,1.181640625,1.162109375,-0.224609375,-0.361328125
16367,1.220703125,1.15234375,-0.21484375,-0.283203125
16368,1.15234375,1.19140625,-0.166015625,-0.361328125
16369,1.123046875,0.95703125,-0.15625,-0.390625
16370,1.201171875,1.03515625,-0.205078125,-0.322265625
16371,1.259765625,1.09375,-0.146484375,-0.439453125
16372,1.259765625,0.966796875,-0.15625,-0.400390625
16373,1.201171875,1.162109375,-0.234375,-0.46875
16374,1.240234375,1.07421875,-0.224609375,-0.33203125
16375,1.09375,1.044921875,-0.322265625,-0.400390625
16376,1.2109375,0.99609375,-0.068359375,-0.244140625
16377,1.30859375,1.064453125,-0.05859375,-0.46875
16378,1.25,1.220703125,-0.13671875,-0.400390625
16379,1.201171875,1.044921875,-0.126953125,-0.263671875
16380,1.298828125,1.103515625,-0.185546875,-0.3515625
16381,1.044921875,0.9375,-0.302734375,-0.41015625
16382,1.181640625,1.025390625,-0.224609375,-0.556640625
16383,1.2109375,1.09375,-0.25390625,-0.517578125
16384,1.2109375,1.259765625,-0.234375,-0.400390625
16385,1.259765625,1.11328125,-0.2734375,-0.400390625
16386,1.2890625,1.07421875,-0.2734375,-0.33203125
16387,1.279296875,1.03515625,-0.302734375,-0.41015625
16388,1.220703125,1.083984375,-0.185546875,-0.498046875
16389,1.26953125,1.09375,-0.283203125,-0.400390625
16390,1.279296875,1.083984375,-0.1171875,-0.4296875
16391,1.240234375,1.15234375,-0.21484375,-0.400390625
16392,1.083984375,1.15234375,-0.302734375,-0.21484375
16393,1.19140625,1.044921875,-0.263671875,-0.400390625
16394,1.259765625,1.083984375,-0.224609375,-0.4296875
16395,1.34765625,1.0546875,-0.244140625,-0.46875
16396,1.015625,1.044921875,-0.15625,-0.37109375
16397,1.259765625,1.064453125,-0.263671875,-0.29296875
16398,1.15234375,1.083984375,-0.205078125,-0.458984375
16399,1.201171875,1.103515625,-0.2734375,-0.439453125
16400,1.171875,0.986328125,-0.21484375,-0.3125
16401,1.044921875,1.064453125,-0.25390625,-0.46875
16402,1.123046875,1.064453125,-0.3125,-0.419921875
16403,1.171875,1.123046875,-0.17578125,-0.302734375
16404,1.2109375,1.083984375,-0.3125,-0.390625
16405,1.259765625,1.064453125,-0.283203125,-0.3515625
16406,1.30859375,1.064453125,-0.205078125,-0.390625
16407,1.11328125,1.103515625,-0.25390625,-0.3125
16408,1.240234375,1.044921875,-0.234375,-0.390625
16409,1.171875,1.03515625,-0.322265625,-0.41015625
16410,1.23046875,1.005859375,-0.21484375,-0.33203125
16411,1.259765625,1.11328125,-0.244140625,-0.458984375
16412,1.259765625,1.025390625,-0.244140625,-0.400390625
16413,1.19140625,1.103515625,-0.263671875,-0.380859375
16414,1.25,1.103515625,-0.302734375,-0.37109375
16415,1.201171875,1.11328125,-0.244140625,-0.361328125
16416,1.240234375,1.07421875,-0.3515625,-0.380859375
16417,1.240234375,1.123046875,-0.234375,-0.37109375
16418,1.259765625,0.966796875,-0.29296875,-0.419921875
16419,1.201171875,1.103515625,-0.361328125,-0.400390625
16420,1.337890625,1.103515625,-0.361328125,-0.400390625
16421,1.162109375,0.99609375,-0.322265625,-0.458984375
16422,1.201171875,1.07421875,-0.29296875,-0.390625
16423,1.103515625,1.09375,-0.380859375,-0.361328125
16424,1.220703125,1.2109375,-0.322265625,-0.390625
16425,1.220703125,1.03515625,-0.322265625,-0.400390625
16426,1.181640625,1.083984375,-0.3125,-0.380859375
16427,1.25,1.142578125,-0.361328125,-0.390625
16428,1.19140625,1.15234375,-0.3515625,-0.5859375
16429,1.2890625,1.142578125,-0.33203125,-0.439453125
16430,1.19140625,1.298828125,-0.361328125,-0.380859375
16431,1.201171875,1.2109375,-0.283203125,-0.419921875
16432,1.23046875,1.171875,-0.361328125,-0.380859375
16433,0.966796875,1.25,-0.37109375,-0.33203125
16434,1.2109375,1.103515625,-0.380859375,-0.390625
16435,1.2109375,1.142578125,-0.419921875,-0.5078125
16436,1.083984375,1.171875,-0.419921875,-0.361328125
16437,1.171875,1.11328125,-0.3125,-0.302734375
16438,1.123046875,1.103515625,-0.3515625,-0.390625
16439,1.142578125,1.064453125,-0.185546875,-0.390625
16440,1.259765625,1.1328125,-0.46875,-0.439453125
16441,1.23046875,1.15234375,-0.29296875,-0.126953125
16442,1.220703125,1.015625,-0.302734375,-0.390625
16443,1.11328125,1.259765625,-0.37109375,-0.419921875
16444,1.083984375,1.083984375,-0.37109375,-0.46875
16445,1.328125,1.09375,-0.283203125,-0.361328125
16446,1.220703125,1.03515625,-0.322265625,-0.390625
16447,1.279296875,1.103515625,-0.37109375,-0.361328125
16448,1.240234375,1.07421875,-0.29296875,-0.322265625
16449,1.23046875,1.03515625,-0.361328125,-0.400390625
16450,1.26953125,1.07421875,-0.3515625,-0.3515625
16451,1.259765625,1.162109375,-0.33203125,-0.3125
16452,1.2109375,1.103515625,-0.390625,-0.380859375
16453,1.2109375,1.03515625,-0.380859375,-0.341796875
16454,1.07421875,1.0546875,-0.439453125,-0.419921875
16455,1.171875,1.11328125,-0.33203125,-0.41015625
16456,1.220703125,1.0546875,-0.322265625,-0.400390625
16457,1.1328125,1.142578125,-0.48828125,-0.556640625
16458,1.181640625,1.03515625,-0.29296875,-0.419921875
16459,1.083984375,1.103515625,-0.29296875,-0.46875
16460,1.2109375,1.03515625,-0.3515625,-0.37109375
16461,1.220703125,1.083984375,-0.361328125,-0.390625
16462,1.201171875,1.03515625,-0.322265625,-0.498046875
16463,1.2109375,1.064453125,-0.3125,-0.33203125
16464,1.19140625,1.103515625,-0.4296875,-0.2734375
16465,1.162109375,1.0546875,-0.3125,-0.439453125
16466,1.26953125,1.03515625,-0.3125,-0.322265625
16467,1.259765625,1.064453125,-0.400390625,-0.400390625
16468,1.220703125,1.064453125,-0.2734375,-0.68359375
16469,1.23046875,1.044921875,-0.283203125,-0.361328125
16470,1.2109375,1.181640625,-0.361328125,-0.380859375
16471,1.181640625,1.142578125,-0.29296875,-0.439453125
16472,1.279296875,1.123046875,-0.302734375,-0.224609375
16473,1.15234375,1.15234375,-0.234375,-0.37109375
16474,1.2109375,1.064453125,-0.302734375,-0.595703125
16475,1.201171875,1.11328125,-0.302734375,-0.478515625
16476,1.201171875,1.162109375,-0.234375,-0.419921875
16477,1.171875,1.162109375,-0.361328125,-0.41015625
16478,1.2109375,1.123046875,-0.263671875,-0.341796875
16479,1.201171875,1.240234375,-0.283203125,-0.380859375
16480,1.240234375,1.1328125,-0.302734375,-0.322265625
16481,1.23046875,1.15234375,-0.25390625,-0.244140625
16482,1.2109375,1.376953125,-0.400390625,-0.3515625
16483,1.259765625,1.083984375,-0.33203125,-0.283203125
16484,1.15234375,1.07421875,-0.322265625,-0.380859375
16485,1.279296875,1.0546875,-0.2734375,-0.361328125
16486,1.220703125,1.0546875,-0.341796875,-0.3515625
16487,1.318359375,1.09375,-0.341796875,-0.400390625
16488,1.201171875,1.07421875,-0.1171875,-0.380859375
16489,1.328125,1.25,-0.3125,-0.439453125
16490,1.15234375,1.07421875,-0.224609375,-0.33203125
16491,1.07421875,1.07421875,-0.380859375,-0.419921875
16492,1.2890625,1.15234375,-0.224609375,-0.419921875
16493,1.328125,1.015625,-0.322265625,-0.419921875
16494,1.1328125,0.947265625,-0.15625,-0.439453125
16495,1.23046875,1.0546875,-0.283203125,-0.56640625
16496,1.279296875,1.064453125,-0.244140625,-0.380859375
16497,1.201171875,1.09375,-0.3515625,-0.4296875
16498,1.171875,1.103515625,-0.37109375,-0.3515625
16499,1.201171875,1.083984375,-0.302734375,-0.341796875
16500,1.26953125,1.123046875,-0.2734375,-0.361328125
16501,1.26953125,1.0546875,-0.3125,-0.458984375
16502,1.279296875,1.09375,-0.302734375,-0.3515625
16503,1.279296875,1.123046875,-0.322265625,-0.41015625
16504,1.220703125,1.09375,-0.234375,-0.478515625
16505,1.025390625,1.103515625,-0.263671875,-0.5078125
16506,1.240234375,1.103515625,-0.380859375,-0.419921875
16507,1.25,1.083984375,-0.1953125,-0.3515625
16508,1.19140625,1.09375,-0.3125,-0.48828125
16509,1.298828125,1.064453125,-0.33203125,-0.341796875
16510,1.2109375,1.23046875,-0.283203125,-0.390625
16511,1.30859375,1.09375,-0.322265625,-0.390625
16512,1.201171875,1.07421875,-0.3515625,-0.419921875
16513,1.23046875,1.2890625,-0.439453125,-0.380859375
16514,1.103515625,1.03515625,-0.283203125,-0.29296875
16515,1.240234375,1.103515625,-0.244140625,-0.341796875
16516,1.240234375,1.0546875,-0.3125,-0.224609375
16517,1.201171875,1.162109375,-0.302734375,-0.244140625
16518,1.181640625,1.07421875,-0.29296875,-0.380859375
16519,1.220703125,1.1328125,-0.390625,-0.46875
16520,1.15234375,1.103515625,-0.2734375,-0.341796875
16521,1.19140625,1.142578125,-0.2734375,-0.419921875
16522,1.19140625,0.986328125,-0.380859375,-0.341796875
16523,1.279296875,1.07421875,-0.302734375,-0.3515625
16524,1.162109375,1.123046875,-0.322265625,-0.380859375
16525,1.25,1.181640625,-0.380859375,-0.380859375
16526,1.19140625,1.15234375,-0.33203125,-0.390625
16527,1.19140625,1.19140625,-0.33203125,-0.41015625
16528,1.25,1.2109375,-0.380859375,-0.361328125
16529,1.201171875,1.19140625,-0.322265625,-0.263671875
16530,1.103515625,1.201171875,-0.380859375,-0.29296875
16531,1.23046875,1.25,-0.439453125,-0.37109375
16532,1.23046875,1.171875,-0.244140625,-0.361328125
16533,1.162109375,1.171875,-0.33203125,-0.400390625
16534,1.23046875,1.19140625,-0.419921875,-0.419921875
16535,1.259765625,1.083984375,-0.341796875,-0.37109375
16536,1.2890625,1.142578125,-0.44921875,-0.380859375
16537,1.240234375,1.142578125,-0.439453125,-0.380859375
16538,1.23046875,1.240234375,-0.52734375,-0.419921875
16539,1.23046875,1.181640625,-0.37109375,-0.41015625
16540,1.240234375,1.015625,-0.3515625,-0.3125
16541,1.25,1.19140625,-0.341796875,-0.5078125
16542,1.26953125,1.171875,-0.33203125,-0.3515625
16543,1.220703125,1.025390625,-0.244140625,-0.37109375
16544,1.23046875,1.2109375,-0.13671875,-0.46875
16545,1.2109375,1.162109375,-0.25390625,-0.390625
16546,1.220703125,1.03515625,-0.3125,-0.458984375
16547,1.279296875,1.15234375,-0.29296875,-0.302734375
16548,1.259765625,1.083984375,-0.234375,-0.322265625
16549,1.181640625,1.09375,-0.13671875,-0.439453125
16550,1.171875,1.15234375,-0.263671875,-0.439453125
16551,1.005859375,1.09375,-0.2734375,-0.390625
16552,1.1328125,1.03515625,-0.46875,-0.41015625
16553,1.201171875,1.2109375,-0.244140625,-0.400390625
16554,1.142578125,1.162109375,-0.263671875,-0.478515625
16555,1.240234375,1.0546875,-0.37109375,-0.4296875
16556,1.19140625,1.025390625,-0.33203125,-0.400390625
16557,1.11328125,1.142578125,-0.3125,-0.29296875
16558,1.083984375,1.220703125,0,-0.361328125
16559,1.15234375,1.15234375,-0.380859375,-0.37109375
16560,1.15234375,1.083984375,-0.25390625,-0.41015625
16561,1.201171875,1.103515625,-0.107421875,-0.322265625
16562,1.181640625,1.181640625,-0.29296875,-0.3125
16563,1.162109375,1.123046875,-0.224609375,-0.302734375
16564,1.2109375,1.015625,-0.25390625,-0.341796875
16565,1.201171875,1.142578125,-0.283203125,-0.361328125
16566,1.162109375,1.123046875,-0.224609375,-0.341796875
16567,1.171875,1.240234375,-0.341796875,-0.341796875
16568,1.15234375,1.025390625,-0.439453125,-0.48828125
16569,1.171875,1.201171875,-0.185546875,-0.400390625
16570,1.0546875,1.23046875,-0.146484375,-0.361328125
16571,1.162109375,1.083984375,-0.166015625,-0.37109375
16572,1.07421875,1.162109375,-0.283203125,-0.390625
16573,1.201171875,1.181640625,-0.390625,-0.419921875
16574,1.181640625,1.19140625,-0.29296875,-0.341796875
16575,1.19140625,1.201171875,-0.33203125,-0.400390625
16576,1.26953125,1.19140625,-0.322265625,-0.419921875
16577,1.15234375,1.123046875,-0.3125,-0.341796875
16578,1.1328125,1.23046875,-0.3515625,-0.419921875
16579,1.044921875,1.2109375,-0.244140625,-0.439453125
16580,1.162109375,1.19140625,-0.361328125,-0.390625
16581,1.09375,1.259765625,-0.400390625,-0.3515625
16582,1.181640625,1.318359375,-0.3515625,-0.361328125
16583,1.220703125,1.318359375,-0.498046875,-0.4296875
16584,1.162109375,1.26953125,-0.33203125,-0.41015625
16585,1.357421875,1.25,-0.341796875,-0.41015625
16586,1.171875,1.337890625,-0.009765625,-0.3515625
16587,1.19140625,1.259765625,-0.244140625,-0.37109375
16588,1.201171875,1.23046875,-0.234375,-0.390625
16589,1.201171875,1.2109375,-0.341796875,-0.380859375
16590,1.083984375,1.25,-0.21484375,-0.478515625
16591,1.11328125,1.26953125,-0.205078125,-0.458984375
16592,1.162109375,1.09375,-0.224609375,-0.4296875
16593,1.162109375,1.259765625,-0.283203125,-0.439453125
16594,1.26953125,1.19140625,-0.244140625,-0.419921875
16595,1.123046875,1.279296875,-0.15625,-0.322265625
16596,1.142578125,1.1328125,-0.29296875,-0.361328125
16597,1.15234375,1.181640625,-0.37109375,-0.3125
16598,1.09375,1.201171875,-0.29296875,-0.41015625
16599,1.201171875,1.123046875,-0.263671875,-0.400390625
16600,1.09375,1.19140625,-0.234375,-0.33203125
16601,1.181640625,1.279296875,-0.3125,-0.390625
16602,1.19140625,1.142578125,-0.17578125,-0.546875
16603,1.2109375,1.181640625,-0.234375,-0.41015625
16604,1.044921875,1.2109375,-0.283203125,-0.390625
16605,1.03515625,1.15234375,-0.341796875,-0.283203125
16606,1.103515625,1.162109375,-0.1953125,-0.41015625
16607,1.09375,1.25,-0.166015625,-0.37109375
16608,1.044921875,1.03515625,-0.29296875,-0.439453125
16609,1.03515625,1.103515625,-0.25390625,-0.322265625
16610,1.11328125,1.005859375,-0.390625,-0.361328125
16611,1.103515625,1.220703125,-0.283203125,-0.390625
16612,1.15234375,1.201171875,-0.263671875,-0.380859375
16613,1.044921875,1.220703125,-0.234375,-0.380859375
16614,1.123046875,1.07421875,-0.3515625,-0.380859375
16615,1.11328125,1.2109375,-0.302734375,-0.400390625
16616,1.03515625,1.11328125,-0.46875,-0.2734375
16617,1.0546875,1.15234375,-0.341796875,-0.419921875
16618,1.19140625,1.181640625,-0.234375,-0.3125
16619,1.357421875,1.171875,-0.263671875,-0.439453125
16620,1.201171875,1.09375,-0.3515625,-0.322265625
16621,1.2890625,1.181640625,-0.205078125,-0.361328125
16622,1.201171875,1.171875,-0.3125,-0.44921875
16623,1.318359375,1.279296875,-0.166015625,-0.458984375
16624,1.30859375,1.171875,-0.21484375,-0.21484375
16625,1.25,1.162109375,-0.400390625,-0.439453125
16626,1.220703125,1.142578125,-0.3515625,-0.439453125
16627,1.26953125,1.15234375,-0.263671875,-0.185546875
16628,1.015625,1.181640625,-0.341796875,-0.439453125
16629,1.240234375,1.162109375,-0.33203125,-0.322265625
16630,1.1328125,1.162109375,-0.380859375,-0.4296875
16631,1.181640625,1.083984375,-0.205078125,-0.419921875
16632,1.220703125,1.171875,-0.244140625,-0.341796875
16633,1.1328125,1.162109375,-0.302734375,-0.419921875
16634,1.044921875,1.201171875,-0.2734375,-0.283203125
16635,1.23046875,0.966796875,-0.29296875,-0.322265625
16636,1.19140625,1.220703125,-0.3515625,-0.2734375
16637,1.1328125,1.15234375,-0.263671875,-0.390625
16638,1.201171875,1.30859375,-0.390625,-0.4296875
16639,1.09375,1.171875,-0.29296875,-0.234375
16640,1.15234375,1.162109375,-0.25390625,-0.439453125
16641,1.19140625,1.123046875,-0.29296875,-0.390625
16642,1.15234375,1.162109375,-0.244140625,-0.234375
16643,1.1328125,1.201171875,-0.302734375,-0.400390625
16644,1.181640625,1.240234375,-0.244140625,-0.3515625
16645,1.142578125,1.15234375,-0.25390625,-0.341796875
16646,1.162109375,1.162109375,-0.21484375,-0.390625
16647,1.09375,1.30859375,-0.146484375,-0.380859375
16648,1.142578125,1.162109375,-0.205078125,-0.439453125
16649,1.044921875,1.19140625,-0.244140625,-0.380859375
16650,1.11328125,1.07421875,-0.3125,-0.380859375
16651,1.123046875,1.142578125,-0.302734375,-0.302734375
16652,1.171875,1.162109375,-0.2734375,-0.3125
16653,1.123046875,1.142578125,-0.13671875,-0.390625
16654,1.1328125,1.123046875,-0.263671875,-0.390625
16655,1.103515625,1.123046875,-0.322265625,-0.419921875
16656,1.1328125,1.11328125,-0.29296875,-0.4296875
16657,1.064453125,1.162109375,-0.33203125,-0.48828125
16658,1.23046875,1.07421875,-0.25390625,-0.380859375
16659,1.142578125,1.025390625,-0.234375,-0.439453125
16660,1.1328125,1.162109375,-0.263671875,-0.322265625
16661,0.99609375,1.103515625,-0.3125,-0.380859375
16662,1.19140625,1.19140625,-0.37109375,-0.390625
16663,1.07421875,1.083984375,-0.166015625,-0.48828125
16664,1.2109375,1.103515625,-0.302734375,-0.37109375
16665,1.123046875,1.201171875,-0.283203125,-0.439453125
16666,1.171875,1.26953125,-0.283203125,-0.458984375
16667,1.09375,1.201171875,-0.244140625,-0.380859375
16668,1.2109375,1.103515625,-0.13671875,-0.439453125
16669,1.11328125,1.220703125,-0.09765625,-0.48828125
16670,1.1328125,1.1328125,-0.205078125,-0.48828125
16671,1.220703125,0.986328125,-0.322265625,-0.380859375
16672,1.19140625,1.201171875,-0.341796875,-0.33203125
16673,1.220703125,1.103515625,-0.25390625,-0.380859375
16674,1.162109375,1.123046875,-0.361328125,-0.419921875
16675,1.1328125,1.2890625,-0.224609375,-0.3515625
16676,1.171875,1.11328125,-0.2734375,-0.341796875
16677,1.015625,1.11328125,-0.21484375,-0.361328125
16678,1.123046875,1.171875,-0.244140625,-0.2734375
16679,1.0546875,1.162109375,-0.2734375,-0.2734375
16680,1.11328125,1.15234375,-0.4296875,-0.41015625
16681,1.083984375,1.19140625,-0.37109375,-0.41015625
16682,1.083984375,1.181640625,-0.29296875,-0.33203125
16683,1.15234375,1.2109375,-0.126953125,-0.37109375
16684,1.103515625,1.044921875,-0.244140625,-0.361328125
16685,1.005859375,1.142578125,-0.29296875,-0.37109375
16686,1.2109375,1.123046875,-0.3515625,-0.37109375
16687,1.11328125,1.103515625,-0.3125,-0.48828125
16688,1.15234375,1.19140625,-0.302734375,-0.41015625
16689,1.201171875,1.142578125,-0.25390625,-0.41015625
16690,1.181640625,1.220703125,-0.439453125,-0.341796875
16691,1.142578125,1.171875,-0.283203125,-0.37109375
16692,1.318359375,1.03515625,-0.33203125,-0.478515625
16693,1.171875,1.171875,-0.1953125,-0.341796875
16694,1.2109375,1.11328125,-0.302734375,-0.4296875
16695,1.201171875,1.162109375,-0.185546875,-0.33203125
16696,1.1328125,0.99609375,-0.263671875,-0.283203125
16697,1.123046875,1.162109375,-0.21484375,-0.2734375
16698,1.09375,1.162109375,-0.224609375,-0.380859375
16699,1.15234375,1.142578125,-0.244140625,-0.322265625
16700,1.103515625,1.11328125,-0.263671875,-0.37109375
16701,1.07421875,1.064453125,-0.33203125,-0.44921875
16702,1.123046875,0.8203125,-0.17578125,-0.341796875
16703,1.11328125,1.15234375,-0.234375,-0.341796875
16704,1.201171875,1.103515625,-0.224609375,-0.3515625
16705,1.2109375,1.103515625,-0.029296875,-0.41015625
16706,1.240234375,1.083984375,-0.283203125,-0.390625
16707,1.064453125,1.103515625,-0.17578125,-0.400390625
16708,1.240234375,1.142578125,-0.107421875,-0.390625
16709,1.220703125,1.09375,-0.224609375,-0.41015625
16710,1.220703125,1.123046875,-0.234375,-0.44921875
16711,1.171875,1.03515625,-0.3125,-0.3515625
16712,1.259765625,1.11328125,-0.3125,-0.361328125
16713,1.19140625,1.09375,-0.341796875,-0.390625
16714,1.23046875,1.064453125,-0.234375,-0.33203125
16715,1.19140625,1.07421875,-0.341796875,-0.380859375
16716,1.30859375,1.142578125,-0.302734375,-0.439453125
16717,1.015625,1.23046875,-0.2734375,-0.419921875
16718,1.11328125,1.064453125,-0.341796875,-0.322265625
16719,1.15234375,1.103515625,-0.322265625,-0.458984375
16720,1.19140625,1.2109375,-0.29296875,-0.390625
16721,1.19140625,1.07421875,-0.29296875,-0.41015625
16722,1.19140625,1.064453125,-0.341796875,-0.33203125
16723,1.181640625,1.142578125,-0.390625,-0.41015625
16724,1.162109375,1.044921875,-0.244140625,-0.400390625
16725,1.240234375,1.044921875,-0.263671875,-0.400390625
16726,1.259765625,1.1328125,-0.390625,-0.44921875
16727,1.19140625,1.0546875,-0.3125,-0.2734375
16728,1.123046875,1.123046875,-0.3125,-0.3515625
16729,1.123046875,1.064453125,-0.419921875,-0.3515625
16730,1.1328125,1.162109375,-0.322265625,-0.41015625
16731,1.1328125,1.0546875,-0.322265625,-0.48828125
16732,1.201171875,1.162109375,-0.25390625,-0.4296875
16733,1.240234375,1.220703125,-0.4296875,-0.390625
16734,1.201171875,1.083984375,-0.3125,-0.2734375
16735,1.1328125,1.09375,-0.224609375,-0.380859375
16736,1.181640625,1.11328125,-0.33203125,-0.37109375
16737,1.181640625,1.1328125,-0.25390625,-0.341796875
16738,1.240234375,1.201171875,-0.126953125,-0.380859375
16739,1.181640625,1.1328125,-0.13671875,-0.4296875
16740,1.328125,1.11328125,-0.263671875,-0.29296875
16741,1.103515625,1.201171875,-0.2734375,-0.3515625
16742,1.162109375,0.947265625,-0.185546875,-0.361328125
16743,1.123046875,1.201171875,-0.244140625,-0.29296875
16744,1.25,1.19140625,-0.21484375,-0.3515625
16745,1.2890625,1.171875,-0.302734375,-0.439453125
16746,1.15234375,1.083984375,-0.283203125,-0.302734375
16747,1.19140625,1.064453125,-0.205078125,-0.4296875
16748,1.220703125,1.2109375,-0.244140625,-0.37109375
16749,1.298828125,1.142578125,-0.263671875,-0.41015625
16750,1.259765625,1.25,-0.234375,-0.400390625
16751,1.171875,1.064453125,-0.2734375,-0.37109375
16752,1.2109375,1.1328125,-0.283203125,-0.390625
16753,1.1328125,1.171875,-0.33203125,-0.283203125
16754,1.220703125,1.123046875,-0.283203125,-0.21484375
16755,1.279296875,1.15234375,-0.3125,-0.29296875
16756,1.298828125,1.19140625,-0.205078125,-0.380859375
16757,1.171875,1.15234375,-0.244140625,-0.322265625
16758,1.279296875,1.142578125,-0.224609375,-0.361328125
16759,1.240234375,1.19140625,-0.185546875,-0.341796875
16760,1.2109375,1.279296875,-0.361328125,-0.322265625
16761,1.25,1.15234375,-0.341796875,-0.322265625
16762,1.26953125,1.15234375,-0.244140625,-0.400390625
16763,1.23046875,1.376953125,-0.205078125,-0.3125
16764,1.298828125,1.123046875,-0.283203125,-0.4296875
16765,1.298828125,1.162109375,-0.21484375,-0.390625
16766,1.2109375,1.171875,-0.234375,-0.400390625
16767,1.26953125,1.103515625,-0.244140625,-0.556640625
16768,1.26953125,1.142578125,-0.263671875,-0.3515625
16769,1.23046875,1.162109375,-0.244140625,-0.41015625
16770,1.279296875,1.123046875,-0.234375,-0.46875
16771,1.201171875,1.142578125,-0.283203125,-0.390625
16772,1.26953125,1.15234375,-0.263671875,-0.361328125
16773,1.279296875,1.142578125,-0.224609375,-0.439453125
16774,1.162109375,1.083984375,-0.37109375,-0.283203125
16775,1.298828125,1.123046875,-0.224609375,-0.41015625
16776,1.26953125,1.123046875,-0.29296875,-0.419921875
16777,1.34765625,1.142578125,-0.322265625,-0.439453125
16778,1.279296875,1.064453125,-0.17578125,-0.33203125
16779,1.318359375,1.09375,-0.302734375,-0.322265625
16780,1.171875,1.1328125,-0.283203125,-0.224609375
16781,1.23046875,1.19140625,-0.205078125,-0.400390625
16782,1.23046875,1.11328125,-0.44921875,-0.341796875
16783,1.259765625,1.083984375,-0.2734375,-0.400390625
16784,1.30859375,1.03515625,-0.361328125,-0.400390625
16785,1.298828125,1.09375,-0.33203125,-0.322265625
16786,1.34765625,1.11328125,-0.25390625,-0.4296875
16787,1.279296875,1.357421875,-0.29296875,-0.41015625
16788,1.15234375,1.142578125,-0.41015625,-0.361328125
16789,1.171875,1.123046875,-0.234375,-0.419921875
16790,1.15234375,1.005859375,-0.244140625,-0.33203125
16791,1.1328125,1.25,-0.37109375,-0.3125
16792,1.220703125,1.142578125,-0.234375,-0.390625
16793,1.30859375,1.298828125,-0.37109375,-0.419921875
16794,1.142578125,1.38671875,-0.3515625,-0.341796875
16795,1.26953125,1.064453125,-0.185546875,-0.341796875
16796,1.15234375,1.162109375,-0.322265625,-0.3515625
16797,1.142578125,1.083984375,-0.25390625,-0.400390625
16798,1.220703125,1.09375,-0.21484375,-0.380859375
16799,1.15234375,1.2109375,-0.087890625,-0.361328125
16800,1.181640625,1.2109375,-0.1953125,-0.263671875
16801,1.26953125,1.015625,-0.224609375,-0.498046875
16802,1.171875,1.259765625,-0.185546875,-0.283203125
16803,1.1328125,1.103515625,-0.1171875,-0.263671875
16804,1.142578125,1.11328125,-0.25390625,-0.244140625
16805,1.26953125,1.220703125,-0.25390625,-0.283203125
16806,1.2109375,0.99609375,-0.1171875,-0.302734375
16807,1.25,1.09375,-0.244140625,-0.234375
16808,1.15234375,1.09375,-0.146484375,-0.341796875
16809,1.171875,1.015625,-0.17578125,-0.283203125
16810,1.25,1.07421875,-0.17578125,-0.41015625
16811,1.220703125,1.103515625,-0.1171875,-0.25390625
16812,1.2109375,1.1328125,-0.15625,-0.341796875
16813,1.2109375,1.07421875,-0.263671875,-0.380859375
16814,1.123046875,0.99609375,-0.146484375,-0.29296875
16815,1.240234375,1.181640625,-0.1953125,-0.29296875
16816,1.2109375,1.07421875,-0.185546875,-0.33203125
16817,1.25,0.95703125,-0.1953125,-0.3125
16818,1.220703125,1.07421875,-0.1953125,-0.302734375
16819,1.142578125,1.103515625,-0.185546875,-0.224609375
16820,1.201171875,1.07421875,-0.1953125,-0.302734375
16821,1.171875,1.0546875,-0.244140625,-0.302734375
16822,1.30859375,1.171875,-0.3125,-0.283203125
16823,1.171875,1.0546875,-0.3515625,-0.322265625
16824,1.279296875,1.103515625,-0.361328125,-0.244140625
16825,1.3671875,1.103515625,-0.244140625,-0.244140625
16826,1.240234375,1.09375,-0.33203125,-0.283203125
16827,1.162109375,1.07421875,-0.361328125,-0.3515625
16828,1.201171875,1.11328125,-0.361328125,-0.29296875
16829,1.171875,1.11328125,-0.3125,-0.322265625
16830,1.103515625,1.123046875,-0.400390625,-0.29296875
16831,1.123046875,1.103515625,-0.3515625,-0.361328125
16832,1.240234375,1.044921875,-0.302734375,-0.244140625
16833,1.19140625,0.80078125,-0.3515625,-0.29296875
16834,1.09375,1.123046875,-0.341796875,-0.322265625
16835,1.083984375,1.11328125,-0.341796875,-0.263671875
16836,1.201171875,1.123046875,-0.3125,-0.302734375
16837,1.19140625,1.09375,-0.224609375,-0.234375
16838,1.220703125,1.044921875,-0.224609375,-0.2734375
16839,1.171875,1.15234375,-0.322265625,-0.244140625
16840,1.201171875,1.09375,-0.1953125,-0.224609375
16841,1.181640625,1.083984375,-0.244140625,-0.390625
16842,1.25,1.298828125,-0.13671875,-0.341796875
16843,1.259765625,1.044921875,-0.25390625,-0.3515625
16844,1.171875,1.064453125,-0.1953125,-0.263671875
16845,1.23046875,1.171875,-0.234375,-0.2734375
16846,1.220703125,0.99609375,-0.29296875,-0.478515625
16847,1.15234375,1.083984375,-0.29296875,-0.244140625
16848,1.2109375,0.95703125,-0.185546875,-0.244140625
16849,1.2109375,1.279296875,-0.25390625,-0.263671875
16850,1.318359375,1.09375,-0.3515625,-0.25390625
16851,1.07421875,1.25,-0.419921875,-0.21484375
16852,1.201171875,1.07421875,-0.3515625,-0.361328125
16853,1.38671875,1.0546875,-0.37109375,-0.234375
16854,1.259765625,1.083984375,-0.3125,-0.3125
16855,1.298828125,0.947265625,-0.3125,-0.3125
16856,1.142578125,1.03515625,-0.390625,-0.322265625
16857,1.11328125,1.005859375,-0.37109375,-0.21484375
16858,1.201171875,0.966796875,-0.41015625,-0.17578125
16859,1.259765625,1.064453125,-0.302734375,-0.234375
16860,1.181640625,1.123046875,-0.29296875,-0.29296875
16861,1.220703125,1.103515625,-0.37109375,-0.33203125
16862,1.259765625,1.123046875,-0.3125,-0.09765625
16863,1.2109375,1.1328125,-0.302734375,-0.2734375
16864,1.201171875,1.0546875,-0.2734375,-0.244140625
16865,1.2109375,1.103515625,-0.322265625,-0.25390625
16866,1.181640625,1.162109375,-0.361328125,-0.302734375
16867,1.201171875,0.99609375,-0.283203125,-0.224609375
16868,1.201171875,1.103515625,-0.283203125,-0.1953125
16869,1.25,1.103515625,-0.341796875,-0.234375
16870,1.25,1.240234375,-0.224609375,-0.33203125
16871,1.123046875,1.142578125,-0.283203125,-0.341796875
16872,1.201171875,1.025390625,-0.3515625,-0.29296875
16873,1.181640625,1.162109375,-0.29296875,-0.263671875
16874,1.201171875,1.044921875,-0.283203125,-0.302734375
16875,1.279296875,1.044921875,-0.244140625,-0.205078125
16876,1.1328125,1.03515625,-0.3515625,-0.283203125
16877,1.09375,1.11328125,-0.419921875,-0.33203125
16878,1.083984375,1.15234375,-0.419921875,-0.224609375
16879,1.19140625,1.142578125,-0.419921875,-0.244140625
16880,1.123046875,1.083984375,-0.390625,-0.185546875
16881,1.220703125,1.09375,-0.390625,-0.302734375
16882,1.19140625,1.0546875,-0.341796875,-0.244140625
16883,1.044921875,1.103515625,-0.380859375,-0.126953125
16884,1.181640625,1.15234375,-0.419921875,-0.25390625
16885,1.15234375,1.220703125,-0.44921875,-0.29296875
16886,1.09375,1.11328125,-0.400390625,-0.361328125
16887,1.0546875,1.044921875,-0.419921875,-0.283203125
16888,1.15234375,1.15234375,-0.4296875,-0.283203125
16889,1.1328125,1.0546875,-0.400390625,-0.15625
16890,1.19140625,1.07421875,-0.44921875,-0.21484375
16891,1.11328125,1.181640625,-0.3515625,-0.29296875
16892,1.19140625,1.083984375,-0.25390625,-0.33203125
16893,1.25,1.083984375,-0.3125,-0.3125
16894,1.15234375,1.09375,-0.166015625,-0.224609375
16895,1.162109375,1.220703125,-0.380859375,-0.29296875
16896,1.15234375,1.103515625,-0.322265625,-0.234375
16897,1.181640625,1.142578125,-0.29296875,-0.25390625
16898,1.19140625,1.07421875,-0.390625,-0.01953125
16899,1.15234375,1.09375,-0.244140625,-0.224609375
16900,1.19140625,1.09375,-0.341796875,-0.146484375
16901,1.181640625,1.162109375,-0.29296875,-0.4296875
16902,1.162109375,1.09375,-0.29296875,-0.283203125
16903,1.1328125,1.26953125,-0.48828125,-0.2734375
16904,1.171875,1.2109375,-0.29296875,-0.263671875
16905,1.337890625,1.15234375,-0.29296875,-0.166015625
16906,1.220703125,1.162109375,-0.29296875,-0.234375
16907,1.19140625,1.15234375,-0.3125,-0.263671875
16908,1.103515625,1.201171875,-0.341796875,-0.263671875
16909,1.171875,1.201171875,-0.3125,-0.263671875
16910,1.19140625,1.015625,-0.283203125,-0.25390625
16911,1.201171875,1.171875,-0.302734375,-0.1171875
16912,1.083984375,1.142578125,-0.3125,-0.244140625
16913,1.30859375,1.19140625,-0.302734375,-0.224609375
16914,1.07421875,1.171875,-0.25390625,-0.234375
16915,1.1328125,1.298828125,-0.341796875,-0.234375
16916,1.259765625,1.11328125,-0.322265625,-0.29296875
16917,1.123046875,1.1328125,-0.224609375,-0.205078125
16918,1.09375,1.103515625,-0.224609375,-0.2734375
16919,1.23046875,0.986328125,-0.2734375,-0.224609375
16920,1.044921875,1.07421875,-0.2734375,-0.400390625
16921,1.03515625,1.07421875,-0.2734375,-0.25390625
16922,1.23046875,0.791015625,-0.29296875,-0.3125
16923,1.162109375,1.123046875,-0.283203125,-0.3515625
16924,1.11328125,1.025390625,-0.244140625,-0.2734375
16925,1.123046875,1.044921875,-0.13671875,-0.361328125
16926,1.19140625,1.142578125,-0.283203125,-0.234375
16927,1.279296875,1.162109375,-0.205078125,-0.283203125
16928,1.240234375,1.064453125,-0.15625,-0.2734375
16929,1.26953125,1.123046875,-0.302734375,-0.146484375
16930,1.162109375,1.09375,-0.224609375,-0.2734375
16931,1.123046875,1.201171875,-0.166015625,-0.25390625
16932,1.181640625,1.1328125,-0.263671875,-0.390625
16933,1.201171875,0.99609375,-0.380859375,-0.244140625
16934,1.181640625,1.025390625,-0.126953125,-0.234375
16935,1.142578125,1.11328125,-0.3125,-0.13671875
16936,1.19140625,1.064453125,-0.390625,-0.205078125
16937,1.240234375,1.0546875,-0.439453125,-0.3125
16938,1.240234375,1.083984375,-0.3125,-0.322265625
16939,1.23046875,1.123046875,-0.234375,-0.244140625
16940,1.25,1.123046875,-0.322265625,-0.205078125
16941,1.2890625,1.07421875,-0.3125,-0.234375
16942,1.26953125,1.123046875,-0.400390625,-0.2734375
16943,1.2890625,1.26953125,-0.48828125,-0.224609375
16944,1.328125,1.09375,-0.2734375,-0.390625
16945,1.240234375,1.142578125,-0.33203125,-0.322265625
16946,1.259765625,1.064453125,-0.341796875,-0.2734375
16947,1.26953125,1.1328125,-0.25390625,-0.322265625
16948,1.15234375,1.11328125,-0.3125,-0.341796875
16949,1.259765625,1.015625,-0.400390625,-0.322265625
16950,1.25,1.103515625,-0.302734375,-0.263671875
16951,1.201171875,1.103515625,-0.322265625,-0.3125
16952,1.220703125,1.2109375,-0.322265625,-0.302734375
16953,1.19140625,1.123046875,-0.234375,-0.21484375
16954,1.259765625,1.11328125,-0.37109375,-0.29296875
16955,1.201171875,1.0546875,-0.234375,-0.283203125
16956,1.220703125,1.123046875,-0.283203125,-0.234375
16957,1.298828125,1.19140625,-0.234375,-0.205078125
16958,1.26953125,1.240234375,-0.185546875,-0.3125
16959,1.220703125,1.201171875,-0.2734375,-0.46875
16960,1.25,1.19140625,-0.283203125,-0.166015625
16961,1.2890625,1.23046875,-0.390625,-0.341796875
16962,1.162109375,1.171875,-0.244140625,-0.263671875
16963,1.201171875,1.2109375,-0.361328125,-0.29296875
16964,1.25,1.19140625,-0.341796875,-0.263671875
16965,1.201171875,1.201171875,-0.302734375,-0.13671875
16966,1.26953125,1.201171875,-0.25390625,-0.400390625
16967,1.2109375,1.357421875,-0.283203125,-0.33203125
16968,1.259765625,1.181640625,-0.419921875,-0.205078125
16969,1.30859375,1.162109375,-0.33203125,-0.33203125
16970,1.396484375,1.3671875,-0.126953125,-0.21484375
16971,1.26953125,1.103515625,-0.4296875,-0.244140625
16972,1.201171875,1.162109375,-0.341796875,-0.302734375
16973,1.318359375,1.201171875,-0.41015625,-0.283203125
16974,1.220703125,0.99609375,-0.3515625,-0.361328125
16975,1.30859375,1.123046875,-0.234375,-0.3125
16976,1.23046875,1.044921875,-0.3515625,-0.302734375
16977,1.259765625,1.103515625,-0.3125,-0.302734375
16978,1.201171875,1.2109375,-0.361328125,-0.419921875
16979,1.23046875,1.083984375,-0.21484375,-0.3125
16980,1.26953125,1.07421875,-0.25390625,-0.166015625
16981,1.181640625,1.15234375,-0.283203125,-0.390625
16982,1.240234375,0.986328125,-0.341796875,-0.302734375
16983,1.201171875,1.103515625,-0.244140625,-0.263671875
16984,1.23046875,1.083984375,-0.341796875,-0.3125
16985,1.142578125,0.99609375,-0.33203125,-0.3125
16986,1.171875,1.123046875,-0.322265625,-0.37109375
16987,1.0546875,1.19140625,-0.234375,-0.37109375
16988,1.201171875,1.181640625,-0.341796875,-0.390625
16989,1.220703125,1.005859375,-0.244140625,-0.29296875
16990,1.2109375,1.19140625,-0.2734375,-0.25390625
16991,1.23046875,1.09375,-0.2734375,-0.33203125
16992,1.2109375,1.103515625,-0.2734375,-0.33203125
16993,1.259765625,1.142578125,-0.234375,-0.400390625
16994,1.15234375,1.09375,-0.283203125,-0.302734375
16995,1.162109375,1.23046875,-0.29296875,-0.400390625
16996,1.07421875,1.09375,-0.283203125,-0.224609375
16997,1.201171875,1.1328125,-0.244140625,-0.3125
16998,1.171875,1.1328125,-0.400390625,-0.3515625
16999,1.23046875,1.083984375,-0.29296875,-0.478515625
17000,1.2109375,1.1328125,-0.126953125,-0.380859375
17001,1.142578125,1.25,-0.224609375,-0.390625
17002,1.171875,1.25,-0.3125,-0.37109375
17003,1.23046875,1.201171875,-0.361328125,-0.3515625
17004,1.162109375,1.2109375,-0.2734375,-0.390625
17005,1.11328125,1.2890625,-0.302734375,-0.419921875
17006,1.03515625,1.2109375,-0.302734375,-0.390625
17007,1.181640625,1.2890625,-0.29296875,-0.3125
17008,1.19140625,1.23046875,-0.322265625,-0.41015625
17009,1.162109375,1.181640625,-0.361328125,-0.37109375
17010,1.15234375,1.34765625,-0.380859375,-0.3515625
17011,1.201171875,1.19140625,-0.25390625,-0.322265625
17012,1.025390625,1.220703125,-0.2734375,-0.322265625
17013,1.15234375,1.328125,-0.15625,-0.380859375
17014,1.19140625,1.2890625,-0.3515625,-0.4296875
17015,1.142578125,1.220703125,-0.283203125,-0.390625
17016,1.142578125,1.30859375,-0.185546875,-0.341796875
17017,1.15234375,1.19140625,-0.302734375,-0.29296875
17018,1.123046875,1.2890625,-0.33203125,-0.380859375
17019,1.240234375,1.337890625,-0.17578125,-0.361328125
17020,1.15234375,1.1328125,-0.302734375,-0.33203125
17021,1.142578125,1.26953125,-0.29296875,-0.498046875
17022,1.201171875,1.1328125,-0.302734375,-0.341796875
17023,1.162109375,1.318359375,-0.283203125,-0.37109375
17024,1.123046875,1.298828125,-0.2734375,-0.498046875
17025,1.220703125,1.2109375,-0.322265625,-0.48828125
17026,1.240234375,1.376953125,-0.2734375,-0.478515625
17027,1.259765625,1.181640625,-0.29296875,-0.439453125
17028,1.259765625,1.07421875,-0.341796875,-0.41015625
17029,1.171875,1.142578125,-0.263671875,-0.37109375
17030,1.171875,1.2109375,-0.244140625,-0.537109375
17031,1.103515625,1.15234375,-0.17578125,-0.419921875
17032,1.1328125,1.220703125,-0.25390625,-0.400390625
17033,1.15234375,1.171875,-0.302734375,-0.29296875
17034,1.1328125,1.162109375,-0.29296875,-0.458984375
17035,1.09375,1.0546875,-0.33203125,-0.3515625
17036,1.328125,1.15234375,-0.29296875,-0.41015625
17037,1.30859375,1.162109375,-0.439453125,-0.4296875
17038,1.083984375,1.2109375,-0.185546875,-0.458984375
17039,1.25,1.1328125,-0.21484375,-0.263671875
17040,1.2890625,1.162109375,-0.1953125,-0.419921875
17041,1.240234375,1.328125,-0.234375,-0.400390625
17042,1.103515625,1.2109375,-0.263671875,-0.244140625
17043,1.083984375,1.162109375,-0.224609375,-0.419921875
17044,1.2109375,1.26953125,-0.21484375,-0.517578125
17045,1.162109375,1.23046875,-0.224609375,-0.322265625
17046,1.201171875,1.025390625,-0.341796875,-0.400390625
17047,1.171875,1.40625,-0.37109375,-0.37109375
17048,1.1328125,1.240234375,-0.322265625,-0.41015625
17049,1.0546875,1.279296875,-0.341796875,-0.4296875
17050,1.2109375,1.279296875,-0.1953125,-0.3515625
17051,1.2109375,1.181640625,-0.244140625,-0.4296875
17052,1.19140625,1.201171875,-0.166015625,-0.361328125
17053,1.19140625,1.181640625,-0.25390625,-0.400390625
17054,1.2890625,1.2109375,-0.3515625,-0.439453125
17055,1.19140625,1.26953125,-0.283203125,-0.361328125
17056,1.23046875,1.171875,-0.166015625,-0.37109375
17057,1.220703125,1.171875,-0.2734375,-0.3515625
17058,1.240234375,1.240234375,-0.224609375,-0.390625
17059,1.23046875,1.181640625,-0.390625,-0.33203125
17060,1.240234375,1.25,-0.3125,-0.390625
17061,1.2109375,1.2109375,-0.3125,-0.390625
17062,1.09375,1.1328125,-0.224609375,-0.302734375
17063,1.142578125,1.240234375,-0.283203125,-0.37109375
17064,1.09375,1.25,-0.25390625,-0.390625
17065,1.123046875,1.201171875,-0.3125,-0.37109375
17066,1.103515625,1.220703125,-0.283203125,-0.556640625
17067,1.142578125,1.201171875,-0.283203125,-0.390625
17068,1.2109375,1.318359375,-0.185546875,-0.341796875
17069,1.142578125,1.25,-0.29296875,-0.46875
17070,1.03515625,1.298828125,-0.283203125,-0.439453125
17071,1.19140625,1.19140625,-0.2734375,-0.37109375
17072,1.11328125,1.162109375,-0.234375,-0.3515625
17073,1.11328125,1.123046875,-0.283203125,-0.341796875
17074,1.162109375,1.201171875,-0.234375,-0.37109375
17075,1.083984375,1.240234375,-0.263671875,-0.3515625
17076,1.15234375,1.1328125,-0.3515625,-0.380859375
17077,1.123046875,1.083984375,-0.1953125,-0.361328125
17078,1.1328125,1.103515625,-0.302734375,-0.341796875
17079,1.064453125,1.142578125,-0.25390625,-0.17578125
17080,1.11328125,1.0546875,-0.25390625,-0.361328125
17081,1.1328125,1.201171875,-0.37109375,-0.380859375
17082,1.103515625,1.181640625,-0.302734375,-0.390625
17083,1.259765625,1.09375,-0.33203125,-0.41015625
17084,1.15234375,1.19140625,-0.302734375,-0.546875
17085,1.03515625,1.1328125,-0.185546875,-0.44921875
17086,1.064453125,1.328125,-0.2734375,-0.439453125
17087,1.142578125,1.142578125,-0.25390625,-0.361328125
17088,1.09375,1.11328125,-0.21484375,-0.48828125
17089,1.142578125,0.966796875,-0.15625,-0.48828125
17090,1.142578125,1.181640625,-0.21484375,-0.37109375
17091,1.103515625,1.181640625,-0.244140625,-0.52734375
17092,1.07421875,1.064453125,-0.322265625,-0.44921875
17093,1.15234375,1.103515625,-0.244140625,-0.41015625
17094,1.162109375,1.142578125,-0.224609375,-0.546875
17095,1.103515625,1.19140625,-0.244140625,-0.439453125
17096,1.1328125,1.240234375,-0.185546875,-0.41015625
17097,1.240234375,1.162109375,-0.33203125,-0.400390625
17098,0.99609375,1.220703125,-0.224609375,-0.439453125
17099,1.1328125,1.15234375,-0.263671875,-0.439453125
17100,1.201171875,1.11328125,-0.322265625,-0.5078125
17101,1.0546875,1.25,-0.263671875,-0.361328125
17102,1.1328125,1.015625,-0.390625,-0.33203125
17103,1.19140625,1.2109375,-0.3125,-0.458984375
17104,1.279296875,1.181640625,-0.166015625,-0.390625
17105,1.220703125,1.181640625,-0.3125,-0.4296875
17106,1.201171875,1.103515625,-0.2734375,-0.419921875
17107,1.083984375,1.181640625,-0.322265625,-0.41015625
17108,1.1328125,1.171875,-0.205078125,-0.419921875
17109,1.123046875,1.201171875,-0.283203125,-0.361328125
17110,1.11328125,1.240234375,-0.4296875,-0.419921875
17111,1.15234375,1.240234375,-0.390625,-0.419921875
17112,1.19140625,1.201171875,-0.2734375,-0.625
17113,1.19140625,1.1328125,-0.25390625,-0.5078125
17114,1.15234375,1.083984375,-0.185546875,-0.498046875
17115,1.07421875,1.171875,-0.283203125,-0.33203125
17116,1.19140625,1.201171875,-0.341796875,-0.517578125
17117,1.171875,1.259765625,-0.361328125,-0.5078125
17118,1.171875,1.201171875,-0.322265625,-0.390625
17119,1.123046875,1.142578125,-0.263671875,-0.390625
17120,1.171875,1.26953125,-0.263671875,-0.48828125
17121,1.15234375,1.123046875,-0.3125,-0.400390625
17122,1.2109375,1.201171875,-0.29296875,-0.439453125
17123,1.123046875,1.240234375,-0.224609375,-0.33203125
17124,1.201171875,1.2109375,-0.33203125,-0.3125
17125,1.23046875,1.2109375,-0.263671875,-0.341796875
17126,1.162109375,1.123046875,-0.3125,-0.380859375
17127,1.171875,1.15234375,-0.263671875,-0.5859375
17128,1.15234375,1.123046875,-0.234375,-0.341796875
17129,1.201171875,1.103515625,-0.205078125,-0.33203125
17130,1.15234375,1.162109375,-0.205078125,-0.48828125
17131,1.25,1.162109375,-0.224609375,-0.361328125
17132,1.181640625,1.162109375,-0.2734375,-0.322265625
17133,1.123046875,1.181640625,-0.17578125,-0.4296875
17134,1.220703125,1.181640625,-0.25390625,-0.37109375
17135,1.240234375,1.2109375,-0.302734375,-0.322265625
17136,1.2109375,1.162109375,-0.234375,-0.400390625
17137,1.162109375,1.1328125,-0.15625,-0.37109375
17138,1.26953125,1.25,-0.341796875,-0.390625
17139,1.181640625,1.0546875,-0.224609375,-0.283203125
17140,1.30859375,1.083984375,-0.244140625,-0.4296875
17141,1.201171875,1.044921875,-0.322265625,-0.4296875
17142,1.201171875,0.947265625,-0.380859375,-0.361328125
17143,1.09375,1.11328125,-0.29296875,-0.37109375
17144,1.240234375,0.9765625,-0.380859375,-0.400390625
17145,1.23046875,1.11328125,-0.185546875,-0.537109375
17146,1.318359375,1.162109375,-0.29296875,-0.4296875
17147,1.181640625,1.1328125,-0.361328125,-0.390625
17148,1.1328125,1.15234375,-0.380859375,-0.37109375
17149,1.240234375,1.083984375,-0.29296875,-0.556640625
17150,1.201171875,0.8984375,-0.33203125,-0.400390625
17151,1.123046875,1.1328125,-0.244140625,-0.3515625
17152,1.064453125,1.142578125,-0.2734375,-0.3515625
17153,1.2109375,1.181640625,-0.400390625,-0.302734375
17154,1.19140625,1.240234375,-0.263671875,-0.21484375
17155,1.357421875,1.171875,-0.29296875,-0.263671875
17156,1.171875,1.19140625,-0.078125,-0.3125
17157,1.201171875,0.986328125,-0.283203125,-0.205078125
17158,1.123046875,1.1328125,-0.2734375,-0.4296875
17159,1.07421875,1.337890625,-0.224609375,-0.33203125
17160,1.2109375,1.07421875,-0.224609375,-0.302734375
17161,1.19140625,1.162109375,-0.302734375,-0.5078125
17162,1.19140625,1.337890625,-0.17578125,-0.3515625
17163,1.181640625,1.19140625,-0.263671875,-0.41015625
17164,1.1328125,1.181640625,-0.263671875,-0.41015625
17165,1.19140625,1.19140625,-0.33203125,-0.390625
17166,1.171875,1.19140625,-0.2734375,-0.234375
17167,1.123046875,1.171875,-0.341796875,-0.2734375
17168,1.181640625,1.259765625,-0.224609375,-0.3125
17169,1.201171875,1.103515625,-0.302734375,-0.44921875
17170,1.162109375,1.142578125,-0.283203125,-0.2734375
17171,1.19140625,1.181640625,-0.2734375,-0.3125
17172,1.201171875,1.201171875,-0.400390625,-0.25390625
17173,1.19140625,1.123046875,-0.302734375,-0.390625
17174,1.103515625,1.11328125,-0.322265625,-0.341796875
17175,1.220703125,1.181640625,-0.419921875,-0.29296875
17176,1.240234375,1.103515625,-0.302734375,-0.46875
17177,1.123046875,1.181640625,-0.244140625,-0.341796875
17178,1.23046875,1.103515625,-0.263671875,-0.400390625
17179,1.2109375,1.181640625,-0.322265625,-0.33203125
17180,1.123046875,1.09375,-0.244140625,-0.361328125
17181,1.15234375,1.220703125,-0.283203125,-0.380859375
17182,1.1328125,1.26953125,-0.341796875,-0.29296875
17183,1.201171875,1.15234375,-0.234375,-0.380859375
17184,1.2109375,1.23046875,-0.283203125,-0.361328125
17185,1.201171875,1.15234375,-0.185546875,-0.390625
17186,1.2890625,1.220703125,-0.283203125,-0.3515625
17187,1.328125,1.171875,-0.3125,-0.41015625
17188,1.328125,1.181640625,-0.205078125,-0.3125
17189,1.2890625,1.19140625,-0.234375,-0.37109375
17190,1.259765625,1.240234375,-0.361328125,-0.390625
17191,1.25,1.171875,-0.2734375,-0.205078125
17192,1.259765625,1.220703125,-0.25390625,-0.37109375
17193,1.240234375,1.30859375,-0.205078125,-0.37109375
17194,1.2890625,1.162109375,-0.21484375,-0.361328125
17195,1.19140625,1.23046875,-0.25390625,-0.3515625
17196,1.25,1.19140625,-0.41015625,-0.361328125
17197,1.240234375,1.19140625,-0.361328125,-0.390625
17198,1.474609375,1.171875,-0.25390625,-0.3515625
17199,1.259765625,1.40625,-0.419921875,-0.3515625
17200,1.25,1.181640625,-0.263671875,-0.458984375
17201,1.220703125,1.123046875,-0.234375,-0.4296875
17202,1.19140625,1.15234375,-0.4296875,-0.361328125
17203,1.328125,0.986328125,-0.283203125,-0.33203125
17204,1.15234375,1.142578125,-0.17578125,-0.244140625
17205,1.30859375,1.123046875,-0.283203125,-0.390625
17206,1.25,1.1328125,-0.234375,-0.498046875
17207,1.3671875,1.162109375,-0.341796875,-0.400390625
17208,1.07421875,1.142578125,-0.390625,-0.341796875
17209,1.328125,1.220703125,-0.3125,-0.244140625
17210,1.26953125,1.171875,-0.29296875,-0.4296875
17211,1.26953125,1.162109375,-0.166015625,-0.380859375
17212,1.279296875,1.201171875,-0.33203125,-0.29296875
17213,1.25,1.171875,-0.205078125,-0.439453125
17214,1.259765625,1.201171875,-0.21484375,-0.3515625
17215,1.2890625,1.015625,-0.2734375,-0.3125
17216,1.259765625,1.171875,-0.146484375,-0.380859375
17217,1.2890625,1.181640625,-0.1953125,-0.322265625
17218,1.220703125,1.2109375,-0.234375,-0.283203125
17219,1.201171875,1.11328125,-0.25390625,-0.263671875
17220,1.19140625,1.19140625,-0.380859375,-0.341796875
17221,1.201171875,1.162109375,-0.224609375,-0.29296875
17222,1.328125,1.142578125,-0.29296875,-0.361328125
17223,1.318359375,1.19140625,-0.21484375,-0.390625
17224,1.279296875,1.103515625,-0.263671875,-0.537109375
17225,1.337890625,1.083984375,-0.224609375,-0.29296875
17226,1.142578125,1.123046875,-0.185546875,-0.361328125
17227,1.23046875,1.201171875,-0.283203125,-0.400390625
17228,1.240234375,1.15234375,-0.2734375,-0.3515625
17229,1.259765625,1.23046875,-0.3515625,-0.380859375
17230,1.201171875,1.03515625,-0.25390625,-0.517578125
17231,1.2109375,1.171875,-0.29296875,-0.4296875
17232,1.181640625,1.0546875,-0.224609375,-0.37109375
17233,1.171875,1.103515625,-0.302734375,-0.33203125
17234,1.259765625,1.11328125,-0.2734375,-0.4296875
17235,1.2109375,1.19140625,-0.263671875,-0.46875
17236,1.162109375,1.123046875,-0.244140625,-0.3125
17237,1.19140625,1.142578125,-0.244140625,-0.2734375
17238,1.2890625,1.07421875,-0.244140625,-0.283203125
17239,1.201171875,1.181640625,-0.17578125,-0.29296875
17240,1.19140625,1.0546875,-0.244140625,-0.322265625
17241,1.201171875,1.09375,-0.29296875,-0.302734375
17242,1.19140625,0.99609375,-0.29296875,-0.341796875
17243,1.201171875,1.142578125,-0.21484375,-0.107421875
17244,1.240234375,1.103515625,-0.234375,-0.29296875
17245,1.142578125,1.19140625,-0.234375,-0.341796875
17246,1.259765625,1.09375,-0.283203125,-0.107421875
17247,1.1328125,1.142578125,-0.302734375,-0.25390625
17248,1.201171875,1.19140625,-0.37109375,-0.37109375
17249,1.25,1.11328125,-0.29296875,-0.302734375
17250,1.171875,1.07421875,-0.17578125,-0.322265625
17251,1.23046875,1.0546875,-0.224609375,-0.302734375
17252,1.181640625,1.0546875,-0.224609375,-0.322265625
17253,1.03515625,1.142578125,-0.205078125,-0.3515625
17254,1.19140625,1.09375,-0.4296875,-0.341796875
17255,1.171875,1.240234375,-0.244140625,-0.322265625
17256,1.240234375,1.09375,-0.302734375,-0.322265625
17257,1.181640625,1.240234375,-0.283203125,-0.37109375
17258,1.2109375,1.15234375,-0.15625,-0.322265625
17259,1.3671875,1.1328125,-0.29296875,-0.33203125
17260,1.220703125,1.044921875,-0.29296875,-0.380859375
17261,1.19140625,1.103515625,-0.234375,-0.341796875
17262,1.376953125,1.083984375,-0.2734375,-0.3125
17263,1.19140625,1.015625,-0.1953125,-0.302734375
17264,1.171875,1.328125,-0.283203125,-0.263671875
17265,1.103515625,1.103515625,-0.25390625,-0.3125
17266,1.26953125,1.07421875,-0.205078125,-0.33203125
17267,1.19140625,1.171875,-0.146484375,-0.234375
17268,1.240234375,1.083984375,-0.244140625,-0.3125
17269,1.220703125,0.947265625,-0.17578125,-0.322265625
17270,1.201171875,1.03515625,-0.25390625,-0.205078125
17271,1.23046875,1.162109375,-0.263671875,-0.21484375
17272,1.220703125,1.123046875,-0.17578125,-0.263671875
17273,1.298828125,0.888671875,-0.263671875,-0.400390625
17274,1.220703125,1.11328125,-0.21484375,-0.361328125
17275,1.2109375,1.103515625,-0.390625,-0.234375
17276,1.25,1.181640625,-0.146484375,-0.322265625
17277,1.2890625,1.103515625,-0.205078125,-0.21484375
17278,1.162109375,1.03515625,-0.29296875,-0.21484375
17279,1.259765625,1.015625,-0.33203125,-0.283203125
17280,1.19140625,1.171875,-0.322265625,-0.21484375
17281,1.26953125,1.162109375,-0.48828125,-0.2734375
17282,1.23046875,1.259765625,-0.3515625,-0.234375
17283,1.328125,1.03515625,-0.3125,-0.224609375
17284,1.26953125,1.1328125,-0.2734375,-0.283203125
17285,1.240234375,1.09375,-0.3125,-0.146484375
17286,1.171875,1.0546875,-0.283203125,-0.15625
17287,1.328125,1.123046875,-0.322265625,-0.25390625
17288,1.171875,1.123046875,-0.302734375,-0.2734375
17289,1.142578125,1.083984375,-0.322265625,-0.322265625
17290,1.220703125,1.064453125,-0.3515625,-0.21484375
17291,1.201171875,1.240234375,-0.302734375,-0.25390625
17292,1.142578125,1.11328125,-0.244140625,-0.29296875
17293,1.220703125,1.171875,-0.302734375,-0.2734375
17294,1.142578125,1.103515625,-0.1953125,-0.224609375
17295,1.259765625,1.07421875,-0.302734375,-0.1171875
17296,1.123046875,1.2109375,-0.29296875,-0.37109375
17297,1.162109375,1.15234375,-0.302734375,-0.283203125
17298,1.25,1.11328125,-0.244140625,-0.33203125
17299,1.2109375,1.083984375,-0.29296875,-0.234375
17300,1.171875,1.220703125,-0.361328125,-0.224609375
17301,1.19140625,1.15234375,-0.29296875,-0.263671875
17302,1.0546875,1.015625,-0.3125,-0.29296875
17303,1.23046875,1.064453125,-0.107421875,-0.3515625
17304,1.19140625,1.03515625,-0.302734375,-0.17578125
17305,1.201171875,1.09375,-0.3125,-0.33203125
17306,1.19140625,1.0546875,-0.302734375,-0.25390625
17307,1.201171875,1.123046875,-0.4296875,-0.29296875
17308,1.220703125,1.1328125,-0.458984375,-0.21484375
17309,1.25,1.2109375,-0.361328125,-0.2734375
17310,1.220703125,1.142578125,-0.3515625,-0.380859375
17311,1.318359375,1.15234375,-0.419921875,-0.263671875
17312,1.142578125,1.1328125,-0.21484375,-0.25390625
17313,1.181640625,1.083984375,-0.390625,-0.205078125
17314,1.328125,1.103515625,-0.44921875,-0.244140625
17315,1.15234375,0.986328125,-0.3515625,-0.21484375
17316,1.1328125,1.07421875,-0.37109375,-0.29296875
17317,1.240234375,1.083984375,-0.380859375,-0.205078125
17318,1.15234375,0.986328125,-0.25390625,-0.205078125
17319,1.15234375,1.11328125,-0.341796875,-0.009765625
17320,1.220703125,1.11328125,-0.33203125,-0.2734375
17321,1.181640625,1.11328125,-0.2734375,-0.224609375
17322,1.171875,1.142578125,-0.3125,-0.234375
17323,1.2890625,1.162109375,-0.283203125,-0.29296875
17324,1.103515625,1.15234375,-0.146484375,-0.29296875
17325,1.162109375,1.123046875,-0.341796875,-0.5078125
17326,1.30859375,1.044921875,-0.3125,-0.3125
17327,1.23046875,0.966796875,-0.302734375,-0.234375
17328,1.171875,1.240234375,-0.3515625,-0.322265625
17329,1.30859375,1.142578125,-0.380859375,-0.25390625
17330,1.201171875,1.19140625,-0.400390625,-0.3125
17331,1.201171875,1.09375,-0.302734375,-0.146484375
17332,1.2109375,1.083984375,-0.29296875,-0.21484375
17333,1.259765625,1.19140625,-0.33203125,-0.234375
17334,1.162109375,1.044921875,-0.380859375,-0.37109375
17335,1.09375,1.15234375,-0.341796875,-0.205078125
17336,1.162109375,1.123046875,-0.302734375,-0.166015625
17337,1.181640625,1.279296875,-0.322265625,-0.33203125
17338,1.201171875,1.19140625,-0.322265625,-0.185546875
17339,1.259765625,1.181640625,-0.3125,-0.244140625
17340,1.15234375,1.0546875,-0.3515625,-0.263671875
17341,1.1328125,1.123046875,-0.322265625,-0.126953125
17342,1.103515625,1.142578125,-0.341796875,-0.205078125
17343,1.181640625,1.171875,-0.4296875,-0.341796875
17344,1.103515625,1.171875,-0.29296875,-0.21484375
17345,1.1328125,1.07421875,-0.3515625,-0.244140625
17346,1.171875,1.40625,-0.302734375,-0.2734375
17347,1.142578125,1.103515625,-0.400390625,-0.41015625
17348,1.0546875,1.11328125,-0.3515625,-0.283203125
17349,1.201171875,1.11328125,-0.068359375,-0.21484375
17350,1.171875,1.07421875,-0.302734375,-0.2734375
17351,1.2109375,1.07421875,-0.185546875,-0.205078125
17352,1.15234375,0.99609375,-0.25390625,-0.15625
17353,1.103515625,1.09375,-0.3125,-0.283203125
17354,1.201171875,1.09375,-0.185546875,-0.25390625
17355,1.23046875,1.103515625,-0.224609375,-0.283203125
17356,1.11328125,1.11328125,-0.283203125,-0.2734375
17357,1.259765625,1.083984375,-0.1953125,-0.283203125
17358,1.23046875,1.25,-0.166015625,-0.302734375
17359,1.123046875,1.103515625,-0.234375,-0.33203125
17360,1.26953125,1.171875,-0.244140625,-0.29296875
17361,1.181640625,1.2109375,-0.107421875,-0.361328125
17362,1.2109375,1.103515625,-0.205078125,-0.048828125
17363,1.240234375,1.162109375,-0.29296875,-0.1953125
17364,1.2109375,1.0546875,-0.341796875,-0.25390625
17365,1.142578125,1.201171875,-0.29296875,-0.322265625
17366,1.357421875,1.103515625,-0.361328125,-0.322265625
17367,1.2109375,0.986328125,-0.224609375,-0.263671875
17368,1.25,1.162109375,-0.380859375,-0.25390625
17369,1.201171875,1.142578125,-0.380859375,-0.244140625
17370,1.2890625,1.181640625,-0.234375,-0.263671875
17371,1.25,1.123046875,-0.341796875,-0.3125
17372,1.171875,1.123046875,-0.361328125,-0.283203125
17373,1.26953125,1.220703125,-0.37109375,-0.2734375
17374,1.19140625,1.142578125,-0.341796875,-0.263671875
17375,1.337890625,1.142578125,-0.2734375,-0.126953125
17376,1.26953125,1.1328125,-0.263671875,-0.263671875
17377,1.318359375,1.025390625,-0.302734375,-0.25390625
17378,1.201171875,1.1328125,-0.3125,-0.322265625
17379,1.318359375,1.07421875,-0.234375,-0.3515625
17380,1.259765625,1.11328125,-0.400390625,-0.0390625
17381,1.142578125,1.1328125,-0.3125,-0.322265625
17382,1.279296875,0.9765625,-0.205078125,-0.302734375
17383,1.23046875,1.162109375,-0.21484375,-0.322265625
17384,1.09375,1.103515625,-0.21484375,-0.244140625
17385,1.23046875,1.162109375,-0.244140625,-0.29296875
17386,1.201171875,1.1328125,-0.244140625,-0.29296875
17387,1.1328125,1.15234375,-0.263671875,-0.322265625
17388,1.201171875,1.34765625,-0.224609375,-0.2734375
17389,1.240234375,1.123046875,-0.185546875,-0.390625
17390,1.11328125,1.181640625,-0.302734375,-0.44921875
17391,1.2109375,1.19140625,-0.25390625,-0.341796875
17392,1.123046875,1.083984375,-0.283203125,-0.400390625
17393,1.220703125,1.1328125,-0.234375,-0.400390625
17394,1.220703125,1.279296875,-0.205078125,-0.322265625
17395,1.220703125,1.162109375,-0.37109375,-0.283203125
17396,1.3671875,1.15234375,-0.3125,-0.283203125
17397,1.376953125,1.240234375,-0.3125,-0.322265625
17398,1.201171875,1.044921875,-0.224609375,-0.078125
17399,1.2890625,1.162109375,-0.2734375,-0.283203125
17400,1.298828125,1.07421875,-0.205078125,-0.263671875
17401,1.240234375,1.26953125,-0.234375,-0.244140625
17402,1.23046875,1.162109375,-0.302734375,-0.537109375
17403,1.201171875,1.103515625,-0.2734375,-0.400390625
17404,1.25,1.11328125,-0.1953125,-0.341796875
17405,1.25,1.1328125,-0.25390625,-0.087890625
17406,1.318359375,1.0546875,-0.166015625,-0.341796875
17407,1.25,0.9375,-0.302734375,-0.322265625
17408,1.259765625,1.11328125,-0.322265625,-0.341796875
17409,1.181640625,1.15234375,-0.341796875,-0.283203125
17410,1.2109375,1.142578125,-0.21484375,-0.33203125
17411,1.201171875,1.103515625,-0.3125,-0.2734375
17412,1.318359375,1.1328125,-0.263671875,-0.3125
17413,1.259765625,1.25,-0.263671875,-0.33203125
17414,1.2109375,1.123046875,-0.302734375,-0.390625
17415,1.26953125,1.1328125,-0.3125,-0.3125
17416,1.201171875,1.11328125,-0.341796875,-0.322265625
17417,1.2109375,1.11328125,-0.3515625,-0.21484375
17418,1.11328125,1.015625,-0.3515625,-0.3125
17419,1.23046875,1.15234375,-0.107421875,-0.3515625
17420,1.181640625,1.0546875,-0.234375,-0.263671875
17421,1.26953125,1.11328125,-0.3515625,-0.322265625
17422,1.2109375,1.1328125,-0.3515625,-0.341796875
17423,1.220703125,1.162109375,-0.2734375,-0.341796875
17424,1.2890625,1.123046875,-0.37109375,-0.33203125
17425,1.181640625,1.025390625,-0.41015625,-0.3125
17426,1.142578125,1.162109375,-0.29296875,-0.341796875
17427,1.19140625,1.123046875,-0.244140625,-0.3515625
17428,1.19140625,1.2109375,-0.21484375,-0.29296875
17429,1.103515625,1.07421875,-0.322265625,-0.41015625
17430,1.025390625,1.1328125,-0.322265625,-0.341796875
17431,1.181640625,1.11328125,-0.458984375,-0.361328125
17432,1.181640625,1.142578125,-0.263671875,-0.400390625
17433,1.220703125,1.201171875,-0.380859375,-0.361328125
17434,1.23046875,1.171875,-0.21484375,-0.3515625
17435,1.123046875,1.220703125,-0.380859375,-0.263671875
17436,1.15234375,1.30859375,-0.302734375,-0.4296875
17437,1.201171875,1.279296875,-0.263671875,-0.33203125
17438,1.123046875,1.23046875,-0.322265625,-0.361328125
17439,1.015625,1.23046875,-0.2734375,-0.263671875
17440,1.123046875,1.220703125,-0.419921875,-0.302734375
17441,1.103515625,1.259765625,-0.361328125,-0.380859375
17442,1.15234375,1.220703125,-0.322265625,-0.517578125
17443,1.171875,1.142578125,-0.3125,-0.3515625
17444,1.09375,1.2890625,-0.283203125,-0.361328125
17445,1.123046875,1.25,-0.205078125,-0.33203125
17446,1.259765625,1.1328125,-0.17578125,-0.361328125
17447,1.123046875,1.19140625,-0.17578125,-0.283203125
17448,1.240234375,1.220703125,-0.234375,-0.48828125
17449,1.181640625,1.30859375,-0.1171875,-0.33203125
17450,1.171875,1.240234375,-0.205078125,-0.44921875
17451,1.07421875,1.259765625,-0.244140625,-0.390625
17452,1.07421875,1.396484375,-0.17578125,-0.37109375
17453,1.1328125,1.3671875,-0.25390625,-0.400390625
17454,1.201171875,1.19140625,-0.302734375,-0.234375
17455,1.4453125,1.279296875,-0.283203125,-0.341796875
17456,1.2109375,1.25,-0.400390625,-0.33203125
17457,1.0546875,1.240234375,-0.224609375,-0.458984375
17458,1.0546875,1.34765625,-0.390625,-0.390625
17459,1.2109375,1.083984375,-0.15625,-0.166015625
17460,1.083984375,1.181640625,-0.29296875,-0.41015625
17461,1.23046875,1.07421875,-0.29296875,-0.439453125
17462,1.181640625,1.2109375,-0.25390625,-0.537109375
17463,1.171875,1.142578125,-0.25390625,-0.322265625
17464,1.376953125,1.25,-0.33203125,-0.41015625
17465,1.1328125,1.015625,-0.2734375,-0.5078125
17466,1.220703125,1.15234375,-0.33203125,-0.263671875
17467,1.0546875,1.23046875,-0.244140625,-0.4296875
17468,1.220703125,1.240234375,-0.1953125,-0.390625
17469,1.19140625,1.181640625,-0.37109375,-0.44921875
17470,1.23046875,1.25,-0.3515625,-0.4296875
17471,1.181640625,1.044921875,-0.205078125,-0.380859375
17472,1.220703125,1.19140625,-0.283203125,-0.244140625
17473,1.23046875,1.2109375,-0.3515625,-0.380859375
17474,1.2109375,1.23046875,-0.205078125,-0.3515625
17475,1.23046875,1.2109375,-0.25390625,-0.4296875
17476,1.11328125,1.19140625,-0.2734375,-0.37109375
17477,1.142578125,1.25,-0.224609375,-0.380859375
17478,1.23046875,1.23046875,-0.361328125,-0.458984375
17479,1.064453125,1.279296875,-0.2734375,-0.380859375
17480,1.201171875,1.34765625,-0.09765625,-0.4296875
17481,1.15234375,1.23046875,-0.33203125,-0.439453125
17482,1.025390625,1.220703125,-0.244140625,-0.44921875
17483,1.171875,1.25,-0.205078125,-0.419921875
17484,1.083984375,1.23046875,-0.2734375,-0.546875
17485,1.142578125,1.15234375,-0.234375,-0.400390625
17486,1.15234375,1.337890625,-0.25390625,-0.29296875
17487,1.240234375,1.279296875,-0.3125,-0.380859375
17488,1.142578125,1.181640625,-0.234375,-0.46875
17489,1.142578125,1.1328125,-0.21484375,-0.37109375
17490,1.123046875,1.201171875,-0.25390625,-0.3125
17491,1.03515625,1.181640625,-0.302734375,-0.400390625
17492,1.162109375,1.279296875,-0.3125,-0.41015625
17493,1.2109375,1.15234375,-0.263671875,-0.498046875
17494,1.19140625,1.19140625,-0.283203125,-0.400390625
17495,1.2109375,1.15234375,-0.17578125,-0.439453125
17496,1.103515625,1.162109375,-0.29296875,-0.29296875
17497,1.064453125,1.142578125,-0.2734375,-0.341796875
17498,1.103515625,1.181640625,-0.21484375,-0.390625
17499,1.142578125,0.986328125,-0.33203125,-0.380859375
17500,1.162109375,1.123046875,-0.302734375,-0.400390625
17501,1.162109375,1.044921875,-0.2734375,-0.400390625
17502,1.162109375,1.07421875,-0.3125,-0.361328125
17503,1.357421875,1.142578125,-0.29296875,-0.37109375
17504,1.123046875,1.279296875,-0.25390625,-0.341796875
17505,1.07421875,1.123046875,-0.517578125,-0.380859375
17506,1.240234375,1.171875,-0.302734375,-0.302734375
17507,1.083984375,1.162109375,-0.37109375,-0.400390625
17508,1.15234375,1.19140625,-0.3515625,-0.537109375
17509,1.15234375,1.15234375,-0.322265625,-0.37109375
17510,1.201171875,1.2109375,-0.3515625,-0.439453125
17511,1.142578125,1.11328125,-0.400390625,-0.25390625
17512,1.181640625,1.142578125,-0.2734375,-0.4296875
17513,1.25,1.083984375,-0.21484375,-0.390625
17514,1.11328125,1.23046875,-0.234375,-0.41015625
17515,1.09375,1.162109375,-0.185546875,-0.244140625
17516,1.220703125,1.171875,-0.166015625,-0.41015625
17517,1.171875,1.201171875,-0.341796875,-0.44921875
17518,1.171875,1.1328125,-0.25390625,-0.205078125
17519,1.162109375,1.162109375,-0.224609375,-0.458984375
17520,1.2109375,1.142578125,-0.29296875,-0.4296875
17521,1.25,1.142578125,-0.21484375,-0.380859375
17522,1.279296875,1.09375,-0.126953125,-0.419921875
17523,1.2109375,1.09375,-0.234375,-0.48828125
17524,1.2890625,1.103515625,-0.234375,-0.146484375
17525,1.15234375,1.171875,-0.390625,-0.41015625
17526,1.19140625,1.259765625,-0.185546875,-0.390625
17527,1.19140625,1.162109375,-0.25390625,-0.46875
17528,1.142578125,1.142578125,-0.283203125,-0.400390625
17529,1.220703125,1.201171875,-0.244140625,-0.3515625
17530,1.171875,1.2109375,-0.25390625,-0.263671875
17531,1.201171875,1.15234375,-0.205078125,-0.439453125
17532,1.240234375,1.015625,-0.302734375,-0.4296875
17533,1.123046875,1.2109375,-0.2734375,-0.4296875
17534,1.2109375,1.181640625,-0.283203125,-0.419921875
17535,1.201171875,1.181640625,-0.185546875,-0.439453125
17536,1.240234375,1.162109375,-0.322265625,-0.46875
17537,1.30859375,1.09375,-0.263671875,-0.380859375
17538,1.181640625,1.25,-0.263671875,-0.390625
17539,1.171875,1.1328125,-0.283203125,-0.439453125
17540,1.103515625,1.171875,-0.283203125,-0.400390625
17541,1.181640625,1.240234375,-0.244140625,-0.302734375
17542,1.083984375,1.220703125,-0.283203125,-0.46875
17543,1.259765625,1.162109375,-0.263671875,-0.419921875
17544,1.19140625,1.23046875,-0.087890625,-0.419921875
17545,1.25,1.162109375,-0.234375,-0.078125
17546,1.19140625,1.1328125,-0.3515625,-0.380859375
17547,1.171875,1.171875,-0.283203125,-0.419921875
17548,1.162109375,1.181640625,-0.21484375,-0.46875
17549,1.25,1.19140625,-0.244140625,-0.341796875
17550,1.181640625,1.26953125,-0.234375,-0.41015625
17551,1.11328125,1.171875,-0.25390625,-0.458984375
17552,1.15234375,1.201171875,-0.283203125,-0.419921875
17553,1.19140625,1.181640625,-0.1171875,-0.390625
17554,1.1328125,1.19140625,-0.234375,-0.3515625
17555,1.142578125,1.201171875,-0.283203125,-0.322265625
17556,1.23046875,1.26953125,-0.33203125,-0.2734375
17557,1.162109375,1.064453125,-0.205078125,-0.380859375
17558,1.162109375,1.07421875,-0.302734375,-0.3515625
17559,1.181640625,1.15234375,-0.17578125,-0.3515625
17560,1.171875,1.083984375,-0.234375,-0.4296875
17561,1.064453125,1.09375,-0.234375,-0.33203125
17562,1.171875,1.123046875,-0.205078125,-0.380859375
17563,1.19140625,1.11328125,-0.25390625,-0.37109375
17564,1.19140625,1.09375,-0.263671875,-0.322265625
17565,1.11328125,1.0546875,-0.283203125,-0.361328125
17566,1.279296875,1.083984375,-0.25390625,-0.33203125
17567,1.3671875,1.181640625,-0.21484375,-0.33203125
17568,1.171875,1.11328125,-0.263671875,-0.380859375
17569,1.181640625,1.123046875,-0.263671875,-0.3125
17570,1.171875,1.103515625,-0.2734375,-0.48828125
17571,1.09375,1.103515625,-0.380859375,-0.419921875
17572,1.201171875,1.09375,-0.17578125,-0.263671875
17573,1.259765625,1.1328125,-0.29296875,-0.478515625
17574,1.26953125,1.07421875,-0.2734375,-0.41015625
17575,1.171875,1.0546875,-0.25390625,-0.41015625
17576,1.26953125,1.123046875,-0.25390625,-0.322265625
17577,1.25,1.09375,-0.41015625,-0.46875
17578,1.26953125,1.0546875,-0.37109375,-0.498046875
17579,1.2109375,1.1328125,-0.25390625,-0.41015625
17580,1.279296875,1.181640625,-0.33203125,-0.46875
17581,1.259765625,1.1328125,-0.1953125,-0.546875
17582,1.07421875,1.083984375,-0.21484375,-0.4296875
17583,1.201171875,1.015625,-0.25390625,-0.439453125
17584,1.240234375,1.123046875,-0.25390625,-0.224609375
17585,1.181640625,1.1328125,-0.283203125,-0.478515625
17586,1.240234375,1.0546875,-0.302734375,-0.341796875
17587,1.2109375,1.1328125,-0.1171875,-0.234375
17588,1.162109375,1.162109375,-0.244140625,-0.37109375
17589,1.25,1.15234375,-0.25390625,-0.341796875
17590,1.25,1.19140625,-0.283203125,-0.390625
17591,1.201171875,1.1328125,-0.322265625,-0.4296875
17592,1.171875,1.171875,-0.3125,-0.37109375
17593,1.220703125,1.1328125,-0.224609375,-0.439453125
17594,1.083984375,1.220703125,-0.224609375,-0.41015625
17595,1.455078125,1.15234375,-0.263671875,-0.361328125
17596,1.19140625,1.181640625,-0.2734375,-0.37109375
17597,1.220703125,1.2109375,-0.17578125,-0.33203125
17598,1.318359375,1.201171875,-0.29296875,-0.341796875
17599,1.19140625,1.181640625,-0.21484375,-0.3125
17600,1.181640625,1.1328125,-0.322265625,-0.283203125
17601,1.357421875,1.07421875,-0.205078125,-0.390625
17602,1.25,1.083984375,-0.25390625,-0.341796875
17603,1.2890625,1.181640625,-0.3125,-0.44921875
17604,1.19140625,1.11328125,-0.244140625,-0.341796875
17605,1.298828125,1.30859375,-0.078125,-0.419921875
17606,1.142578125,1.025390625,-0.341796875,-0.283203125
17607,1.25,1.162109375,-0.3125,-0.41015625
17608,1.240234375,1.11328125,-0.380859375,-0.341796875
17609,1.26953125,1.396484375,-0.21484375,-0.439453125
17610,1.15234375,1.201171875,-0.283203125,-0.390625
17611,1.240234375,1.11328125,-0.283203125,-0.361328125
17612,1.220703125,1.142578125,-0.283203125,-0.41015625
17613,1.318359375,1.15234375,-0.17578125,-0.390625
17614,1.240234375,1.044921875,-0.17578125,-0.4296875
17615,1.220703125,1.162109375,-0.302734375,-0.2734375
17616,1.23046875,1.142578125,-0.2734375,-0.341796875
17617,1.2109375,1.19140625,-0.3125,-0.361328125
17618,1.26953125,1.171875,-0.205078125,-0.400390625
17619,1.376953125,1.181640625,-0.21484375,-0.41015625
17620,1.396484375,1.171875,-0.322265625,-0.37109375
17621,1.318359375,1.1328125,-0.361328125,-0.458984375
17622,1.298828125,1.201171875,-0.283203125,-0.37109375
17623,1.34765625,1.26953125,-0.3125,-0.380859375
17624,1.318359375,1.181640625,-0.390625,-0.419921875
17625,1.318359375,1.201171875,-0.283203125,-0.419921875
17626,1.337890625,1.07421875,-0.224609375,-0.419921875
17627,1.30859375,1.083984375,-0.05859375,-0.46875
17628,1.2890625,1.171875,-0.322265625,-0.41015625
17629,1.3671875,1.162109375,-0.302734375,-0.458984375
17630,1.34765625,1.201171875,-0.3125,-0.3125
17631,1.376953125,1.15234375,-0.29296875,-0.41015625
17632,1.220703125,1.240234375,-0.400390625,-0.361328125
17633,1.279296875,1.19140625,-0.234375,-0.46875
17634,1.42578125,1.171875,-0.283203125,-0.322265625
17635,1.162109375,1.07421875,-0.185546875,-0.37109375
17636,1.298828125,1.19140625,-0.302734375,-0.322265625
17637,1.30859375,1.19140625,-0.283203125,-0.380859375
17638,1.416015625,1.11328125,-0.3125,-0.37109375
17639,1.38671875,1.2109375,-0.146484375,-0.41015625
17640,1.26953125,1.142578125,-0.21484375,-0.3515625
17641,1.171875,1.328125,-0.17578125,-0.283203125
17642,1.2890625,1.11328125,-0.068359375,-0.517578125
17643,1.201171875,1.11328125,-0.205078125,-0.380859375
17644,1.3671875,1.240234375,-0.234375,-0.380859375
17645,1.25,1.1328125,-0.146484375,-0.29296875
17646,1.298828125,1.09375,-0.205078125,-0.48828125
17647,1.181640625,1.23046875,-0.146484375,-0.439453125
17648,1.220703125,1.171875,-0.322265625,-0.361328125
17649,1.259765625,1.15234375,-0.234375,-0.322265625
17650,1.318359375,1.162109375,-0.244140625,-0.361328125
17651,1.26953125,1.09375,-0.1953125,-0.419921875
17652,1.2890625,1.162109375,-0.234375,-0.263671875
17653,1.337890625,1.15234375,-0.25390625,-0.380859375
17654,1.25,1.123046875,-0.341796875,-0.361328125
17655,1.259765625,1.142578125,-0.3125,-0.29296875
17656,1.337890625,1.201171875,-0.166015625,-0.37109375
17657,1.318359375,1.337890625,-0.263671875,-0.380859375
17658,1.201171875,1.19140625,-0.3125,-0.46875
17659,1.083984375,1.181640625,-0.302734375,-0.458984375
17660,1.201171875,1.103515625,-0.107421875,-0.33203125
17661,1.162109375,1.103515625,-0.3125,-0.46875
17662,1.171875,1.15234375,-0.234375,-0.37109375
17663,1.2109375,1.103515625,-0.146484375,-0.44921875
17664,1.26953125,1.09375,-0.21484375,-0.3515625
17665,0.99609375,1.07421875,-0.283203125,-0.3515625
17666,1.220703125,1.11328125,-0.2734375,-0.390625
17667,1.2109375,1.142578125,-0.263671875,-0.498046875
17668,1.2890625,1.1328125,-0.263671875,-0.2734375
17669,1.25,1.1328125,-0.224609375,-0.322265625
17670,1.201171875,1.07421875,-0.224609375,-0.390625
17671,1.201171875,1.044921875,-0.17578125,-0.263671875
17672,1.220703125,0.927734375,-0.25390625,-0.3515625
17673,1.357421875,1.123046875,-0.224609375,-0.29296875
17674,1.171875,1.103515625,-0.234375,-0.341796875
17675,1.201171875,1.064453125,-0.37109375,-0.322265625
17676,1.25,1.0546875,-0.302734375,-0.25390625
17677,1.2109375,1.09375,-0.244140625,-0.283203125
17678,1.15234375,1.23046875,-0.380859375,-0.25390625
17679,1.171875,1.09375,-0.205078125,-0.439453125
17680,1.123046875,1.07421875,-0.224609375,-0.390625
17681,1.083984375,1.044921875,-0.2734375,-0.29296875
17682,1.171875,1.1328125,-0.33203125,-0.33203125
17683,1.25,1.064453125,-0.244140625,-0.341796875
17684,1.09375,1.201171875,-0.390625,-0.29296875
17685,1.279296875,1.07421875,-0.166015625,-0.390625
17686,1.1328125,1.15234375,-0.283203125,-0.166015625
17687,1.1328125,1.03515625,-0.3125,-0.29296875
17688,1.171875,1.103515625,-0.224609375,-0.498046875
17689,1.25,1.123046875,-0.283203125,-0.224609375
17690,1.11328125,1.162109375,-0.3515625,-0.3515625
17691,1.19140625,1.220703125,-0.302734375,-0.3125
17692,1.15234375,1.1328125,-0.283203125,-0.3515625
17693,1.240234375,0.87890625,-0.234375,-0.322265625
17694,1.220703125,1.11328125,-0.3515625,-0.380859375
17695,1.142578125,1.083984375,-0.21484375,-0.41015625
17696,1.30859375,1.1328125,-0.126953125,-0.2734375
17697,1.240234375,1.162109375,-0.13671875,-0.2734375
17698,1.07421875,1.083984375,-0.2734375,-0.419921875
17699,1.26953125,0.99609375,-0.146484375,-0.25390625
17700,1.23046875,1.220703125,-0.185546875,-0.224609375
17701,1.40625,1.0546875,-0.1953125,-0.341796875
17702,1.40625,1.025390625,-0.263671875,-0.3125
17703,1.220703125,0.986328125,-0.3125,-0.263671875
17704,1.357421875,1.103515625,-0.263671875,-0.439453125
17705,1.26953125,1.09375,-0.234375,-0.29296875
17706,1.318359375,1.34765625,-0.15625,-0.29296875
17707,1.2109375,1.044921875,-0.244140625,-0.283203125
17708,1.103515625,1.11328125,-0.107421875,-0.29296875
17709,1.23046875,1.07421875,-0.439453125,-0.1953125
17710,1.40625,1.083984375,-0.29296875,-0.29296875
17711,1.376953125,0.986328125,-0.29296875,-0.29296875
17712,1.240234375,1.171875,-0.37109375,-0.3125
17713,1.34765625,1.103515625,-0.341796875,-0.341796875
17714,1.26953125,1.11328125,-0.224609375,-0.21484375
17715,1.15234375,1.142578125,-0.341796875,-0.29296875
17716,1.298828125,1.103515625,-0.25390625,-0.29296875
17717,1.220703125,1.0546875,-0.2734375,-0.25390625
17718,1.279296875,1.15234375,-0.517578125,-0.1953125
17719,1.25,1.1328125,-0.341796875,-0.17578125
17720,1.26953125,1.142578125,-0.29296875,-0.244140625
17721,1.220703125,1.064453125,-0.341796875,-0.263671875
17722,1.240234375,1.083984375,-0.322265625,-0.234375
17723,1.171875,1.11328125,-0.361328125,-0.2734375
17724,1.25,1.083984375,-0.25390625,-0.244140625
17725,1.220703125,1.103515625,-0.302734375,-0.302734375
17726,1.23046875,1.083984375,-0.322265625,-0.283203125
17727,1.2109375,1.083984375,-0.166015625,-0.341796875
17728,1.25,1.083984375,-0.390625,-0.2734375
17729,1.201171875,1.11328125,-0.244140625,-0.2734375
17730,1.298828125,1.07421875,-0.283203125,-0.29296875
17731,1.26953125,1.064453125,-0.3125,-0.244140625
17732,1.26953125,1.103515625,-0.29296875,-0.25390625
17733,1.26953125,1.279296875,-0.29296875,-0.244140625
17734,1.298828125,1.181640625,-0.3515625,-0.263671875
17735,1.09375,1.103515625,-0.322265625,-0.263671875
17736,1.26953125,1.103515625,-0.263671875,-0.283203125
17737,1.30859375,1.162109375,-0.400390625,-0.46875
17738,1.2109375,1.1328125,-0.3125,-0.25390625
17739,1.26953125,0.9375,-0.361328125,-0.205078125
17740,1.2109375,1.103515625,-0.400390625,-0.37109375
17741,1.26953125,1.09375,-0.29296875,-0.29296875
17742,1.2109375,1.0546875,-0.341796875,-0.283203125
17743,1.2890625,1.103515625,-0.302734375,-0.3515625
17744,1.220703125,1.11328125,-0.3125,-0.234375
17745,1.201171875,1.123046875,-0.29296875,-0.205078125
17746,1.26953125,1.03515625,-0.361328125,-0.166015625
17747,1.3671875,1.11328125,-0.380859375,-0.283203125
17748,1.318359375,1.201171875,-0.3515625,-0.263671875
17749,1.2109375,0.791015625,-0.25390625,-0.224609375
17750,1.2109375,1.11328125,-0.33203125,-0.4296875
17751,1.220703125,1.0546875,-0.322265625,-0.29296875
17752,1.2109375,1.171875,-0.3125,-0.126953125
17753,1.19140625,1.162109375,-0.25390625,-0.341796875
17754,1.318359375,1.171875,-0.439453125,-0.263671875
17755,1.259765625,1.142578125,-0.25390625,-0.3125
17756,1.259765625,1.11328125,-0.33203125,-0.322265625
17757,1.2890625,1.044921875,-0.234375,-0.2734375
17758,1.19140625,1.064453125,-0.4296875,-0.224609375
17759,1.103515625,1.1328125,-0.33203125,-0.21484375
17760,1.123046875,1.025390625,-0.419921875,-0.244140625
17761,1.279296875,1.162109375,-0.205078125,-0.302734375
17762,1.23046875,1.15234375,-0.390625,-0.263671875
17763,1.181640625,1.09375,-0.283203125,-0.17578125
17764,1.2109375,1.201171875,-0.341796875,-0.29296875
17765,1.2109375,1.162109375,-0.3125,-0.341796875
17766,1.23046875,1.142578125,-0.322265625,-0.205078125
17767,1.220703125,1.220703125,-0.126953125,-0.361328125
17768,1.162109375,1.25,-0.302734375,-0.3125
17769,1.025390625,1.162109375,-0.263671875,-0.283203125
17770,1.220703125,1.103515625,-0.302734375,-0.17578125
17771,1.1328125,1.162109375,-0.3125,-0.2734375
17772,1.279296875,1.09375,-0.4296875,-0.29296875
17773,1.171875,1.15234375,-0.302734375,-0.205078125
17774,1.201171875,1.142578125,-0.3515625,-0.2734375
17775,1.07421875,1.15234375,-0.263671875,-0.263671875
17776,1.201171875,1.2109375,-0.224609375,-0.361328125
17777,1.171875,1.1328125,-0.3125,-0.380859375
17778,1.171875,1.09375,-0.390625,-0.302734375
17779,1.171875,1.083984375,-0.302734375,-0.21484375
17780,1.2109375,1.15234375,-0.244140625,-0.3125
17781,1.142578125,1.1328125,-0.25390625,-0.244140625
17782,1.142578125,1.123046875,-0.390625,-0.29296875
17783,1.240234375,1.064453125,-0.234375,-0.17578125
17784,1.181640625,1.083984375,-0.244140625,-0.2734375
17785,1.25,0.9375,-0.341796875,-0.29296875
17786,1.279296875,1.09375,-0.25390625,-0.234375
17787,1.298828125,1.1328125,-0.302734375,-0.224609375
17788,1.259765625,1.083984375,-0.341796875,-0.263671875
17789,1.30859375,1.09375,-0.234375,-0.15625
17790,1.259765625,1.09375,-0.2734375,-0.2734375
17791,1.240234375,1.07421875,-0.05859375,-0.234375
17792,1.2890625,1.0546875,-0.2734375,-0.25390625
17793,1.279296875,1.11328125,-0.37109375,-0.37109375
17794,1.2890625,0.869140625,-0.3125,-0.2734375
17795,1.25,1.123046875,-0.33203125,-0.3125
17796,1.2890625,1.162109375,-0.3515625,-0.283203125
17797,1.259765625,1.19140625,-0.33203125,-0.15625
17798,1.328125,1.09375,-0.419921875,-0.33203125
17799,1.30859375,1.09375,-0.29296875,-0.33203125
17800,1.259765625,1.123046875,-0.390625,-0.234375
17801,1.279296875,1.11328125,-0.341796875,-0.234375
17802,1.2890625,1.162109375,-0.41015625,-0.283203125
17803,1.4453125,1.044921875,-0.52734375,-0.263671875
17804,1.201171875,1.123046875,-0.322265625,-0.2734375
17805,1.25,1.1328125,-0.361328125,-0.1171875
17806,1.103515625,1.103515625,-0.380859375,-0.263671875
17807,1.240234375,0.91796875,-0.4296875,-0.3515625
17808,1.220703125,1.1328125,-0.33203125,-0.17578125
17809,1.220703125,1.171875,-0.224609375,-0.3125
17810,1.25,1.064453125,-0.3515625,-0.283203125
17811,1.2890625,1.15234375,-0.302734375,-0.37109375
17812,1.171875,1.34765625,-0.21484375,-0.3515625
17813,1.2109375,1.025390625,-0.48828125,-0.44921875
17814,1.19140625,1.11328125,-0.29296875,-0.537109375
17815,1.396484375,1.181640625,-0.390625,-0.33203125
17816,1.2890625,1.0546875,-0.29296875,-0.302734375
17817,1.337890625,1.1328125,-0.37109375,-0.244140625
17818,1.328125,1.240234375,-0.234375,-0.302734375
17819,1.298828125,1.103515625,-0.4296875,-0.439453125
17820,1.23046875,1.123046875,-0.3125,-0.3515625
17821,1.318359375,1.0546875,-0.224609375,-0.29296875
17822,1.240234375,1.19140625,-0.283203125,-0.224609375
17823,1.298828125,1.142578125,-0.341796875,-0.21484375
17824,1.2109375,1.044921875,-0.302734375,-0.21484375
17825,1.34765625,1.11328125,-0.302734375,-0.361328125
17826,1.1328125,1.005859375,-0.380859375,-0.361328125
17827,1.4453125,1.142578125,-0.33203125,-0.25390625
17828,1.34765625,1.2109375,-0.302734375,-0.390625
17829,1.259765625,1.09375,-0.341796875,-0.25390625
17830,1.15234375,1.2109375,-0.244140625,-0.33203125
17831,1.298828125,1.083984375,-0.166015625,-0.29296875
17832,1.298828125,1.142578125,-0.25390625,-0.341796875
17833,1.171875,1.064453125,-0.400390625,-0.2734375
17834,1.298828125,1.23046875,-0.44921875,-0.283203125
17835,1.25,1.123046875,-0.234375,-0.322265625
17836,1.25,1.064453125,-0.244140625,-0.380859375
17837,1.298828125,0.99609375,-0.244140625,-0.33203125
17838,1.38671875,1.11328125,-0.3515625,-0.2734375
17839,1.142578125,1.103515625,-0.2734375,-0.322265625
17840,1.201171875,1.083984375,-0.4296875,-0.3125
17841,1.2109375,1.09375,-0.302734375,-0.234375
17842,1.279296875,1.005859375,-0.341796875,-0.33203125
17843,1.25,1.03515625,-0.33203125,-0.322265625
17844,1.162109375,1.064453125,-0.37109375,-0.25390625
17845,1.259765625,1.123046875,-0.263671875,-0.283203125
17846,1.15234375,1.240234375,-0.390625,-0.322265625
17847,1.201171875,1.09375,-0.302734375,-0.263671875
17848,1.279296875,1.064453125,-0.3125,-0.302734375
17849,1.220703125,1.09375,-0.234375,-0.341796875
17850,1.240234375,1.318359375,-0.29296875,-0.283203125
17851,1.103515625,1.11328125,-0.185546875,-0.322265625
17852,1.23046875,1.337890625,-0.283203125,-0.283203125
17853,1.25,1.142578125,-0.29296875,-0.41015625
17854,1.2109375,1.123046875,-0.21484375,-0.361328125
17855,1.2109375,1.1328125,-0.234375,-0.322265625
17856,1.2109375,1.2109375,-0.263671875,-0.1953125
17857,1.23046875,1.181640625,-0.234375,-0.283203125
17858,1.240234375,1.162109375,-0.3515625,-0.419921875
17859,1.19140625,1.2109375,-0.29296875,-0.302734375
17860,1.11328125,1.171875,-0.25390625,-0.2734375
17861,1.15234375,1.337890625,-0.361328125,-0.302734375
17862,1.201171875,1.1328125,-0.302734375,-0.390625
17863,1.2109375,1.123046875,-0.3515625,-0.3125
17864,1.220703125,1.064453125,-0.33203125,-0.33203125
17865,1.171875,1.23046875,-0.263671875,-0.654296875
17866,1.30859375,1.220703125,-0.302734375,-0.283203125
17867,1.2109375,1.26953125,-0.263671875,-0.322265625
17868,1.181640625,1.259765625,-0.3125,-0.478515625
17869,1.15234375,1.23046875,-0.244140625,-0.400390625
17870,1.318359375,1.23046875,-0.244140625,-0.322265625
17871,1.181640625,1.103515625,-0.390625,-0.361328125
17872,1.162109375,1.279296875,-0.21484375,-0.244140625
17873,1.259765625,1.220703125,-0.2734375,-0.3125
17874,1.23046875,1.26953125,-0.341796875,-0.283203125
17875,1.09375,1.23046875,-0.302734375,-0.52734375
17876,1.298828125,1.34765625,-0.146484375,-0.3515625
17877,1.171875,1.337890625,-0.224609375,-0.3125
17878,1.171875,1.181640625,-0.283203125,-0.29296875
17879,1.171875,1.19140625,-0.25390625,-0.4296875
17880,1.181640625,1.298828125,-0.166015625,-0.380859375
17881,1.279296875,1.279296875,-0.29296875,-0.322265625
17882,1.30859375,1.259765625,-0.283203125,-0.400390625
17883,1.1328125,1.2109375,-0.390625,-0.341796875
17884,1.09375,1.30859375,-0.234375,-0.2734375
17885,1.03515625,1.259765625,-0.166015625,-0.390625
17886,1.19140625,1.38671875,-0.3125,-0.3515625
17887,1.19140625,1.2890625,-0.21484375,-0.341796875
17888,1.259765625,1.1328125,-0.224609375,-0.380859375
17889,1.142578125,1.2890625,-0.341796875,-0.419921875
17890,1.103515625,1.23046875,-0.263671875,-0.439453125
17891,1.162109375,1.259765625,-0.224609375,-0.478515625
17892,1.181640625,1.2890625,-0.224609375,-0.458984375
17893,1.23046875,1.318359375,-0.17578125,-0.390625
17894,1.23046875,1.2890625,-0.263671875,-0.390625
17895,1.171875,1.25,-0.224609375,-0.3125
17896,1.09375,1.181640625,-0.21484375,-0.478515625
17897,1.15234375,1.26953125,-0.25390625,-0.361328125
17898,1.171875,1.201171875,-0.302734375,-0.498046875
17899,1.2109375,1.259765625,-0.263671875,-0.458984375
17900,1.240234375,1.2109375,-0.224609375,-0.4296875
17901,1.1328125,1.220703125,-0.283203125,-0.37109375
17902,1.19140625,1.23046875,-0.25390625,-0.5078125
17903,1.23046875,1.19140625,-0.302734375,-0.41015625
17904,1.220703125,1.240234375,-0.2734375,-0.4296875
17905,1.240234375,1.26953125,-0.29296875,-0.478515625
17906,1.279296875,1.23046875,-0.380859375,-0.380859375
17907,1.23046875,1.279296875,-0.33203125,-0.380859375
17908,1.15234375,1.259765625,-0.29296875,-0.41015625
17909,1.11328125,1.23046875,-0.2734375,-0.41015625
17910,1.123046875,1.19140625,-0.361328125,-0.419921875
17911,1.142578125,1.279296875,-0.33203125,-0.37109375
17912,1.15234375,1.220703125,-0.302734375,-0.400390625
17913,1.044921875,1.259765625,-0.078125,-0.400390625
17914,1.064453125,1.25,-0.234375,-0.361328125
17915,1.171875,1.19140625,-0.322265625,-0.41015625
17916,1.142578125,1.2109375,-0.283203125,-0.400390625
17917,1.15234375,1.279296875,-0.25390625,-0.439453125
17918,1.201171875,1.23046875,-0.25390625,-0.37109375
17919,1.181640625,1.318359375,-0.205078125,-0.322265625
17920,1.09375,1.1328125,-0.244140625,-0.41015625
17921,1.044921875,1.25,-0.1953125,-0.37109375
17922,1.259765625,1.181640625,-0.302734375,-0.37109375
17923,1.171875,1.142578125,-0.244140625,-0.302734375
17924,1.181640625,1.240234375,-0.244140625,-0.41015625
17925,1.26953125,1.240234375,-0.234375,-0.390625
17926,1.328125,1.259765625,-0.322265625,-0.3515625
17927,1.259765625,1.259765625,-0.263671875,-0.390625
17928,1.11328125,1.19140625,-0.224609375,-0.380859375
17929,1.259765625,1.181640625,-0.263671875,-0.341796875
17930,1.171875,1.19140625,-0.302734375,-0.458984375
17931,1.09375,1.30859375,-0.458984375,-0.400390625
17932,1.23046875,1.171875,-0.302734375,-0.380859375
17933,1.11328125,1.15234375,-0.25390625,-0.498046875
17934,1.19140625,0.9375,-0.205078125,-0.4296875
17935,1.19140625,1.11328125,-0.17578125,-0.5078125
17936,1.181640625,1.19140625,-0.33203125,-0.478515625
17937,1.26953125,1.171875,-0.283203125,-0.3515625
17938,1.259765625,1.162109375,-0.263671875,-0.400390625
17939,1.259765625,1.181640625,-0.2734375,-0.41015625
17940,1.25,1.2109375,-0.166015625,-0.41015625
17941,1.201171875,1.171875,-0.166015625,-0.419921875
17942,1.2890625,1.162109375,-0.25390625,-0.517578125
17943,1.26953125,1.240234375,-0.283203125,-0.37109375
17944,1.23046875,1.435546875,-0.205078125,-0.44921875
17945,1.23046875,1.171875,-0.244140625,-0.361328125
17946,1.181640625,1.201171875,-0.126953125,-0.400390625
17947,1.083984375,1.2109375,-0.25390625,-0.4296875
17948,1.19140625,1.142578125,-0.234375,-0.3125
17949,1.11328125,1.23046875,-0.29296875,-0.390625
17950,1.2109375,1.19140625,-0.13671875,-0.380859375
17951,1.298828125,1.2109375,-0.21484375,-0.498046875
17952,1.318359375,1.181640625,-0.224609375,-0.478515625
17953,1.142578125,1.396484375,-0.2734375,-0.48828125
17954,1.26953125,1.15234375,-0.224609375,-0.2734375
17955,1.171875,1.142578125,-0.21484375,-0.41015625
17956,1.2109375,1.1328125,-0.17578125,-0.41015625
17957,1.259765625,1.142578125,-0.234375,-0.419921875
17958,1.201171875,1.201171875,-0.3125,-0.4296875
17959,1.181640625,1.123046875,-0.400390625,-0.37109375
17960,1.162109375,1.142578125,-0.322265625,-0.400390625
17961,1.11328125,1.142578125,-0.263671875,-0.400390625
17962,1.162109375,1.11328125,-0.126953125,-0.458984375
17963,1.25,1.240234375,-0.234375,-0.48828125
17964,1.15234375,1.25,-0.29296875,-0.52734375
17965,1.2109375,1.1328125,-0.263671875,-0.439453125
17966,1.279296875,1.171875,-0.2734375,-0.498046875
17967,1.181640625,1.181640625,-0.2734375,-0.478515625
17968,1.240234375,1.23046875,-0.439453125,-0.46875
17969,1.23046875,1.279296875,-0.3125,-0.41015625
17970,1.103515625,1.201171875,-0.33203125,-0.458984375
17971,1.240234375,1.25,-0.185546875,-0.4296875
17972,1.19140625,1.162109375,-0.29296875,-0.380859375
17973,1.34765625,1.181640625,-0.244140625,-0.48828125
17974,1.220703125,1.123046875,-0.244140625,-0.41015625
17975,1.162109375,1.15234375,-0.1953125,-0.44921875
17976,1.26953125,1.220703125,-0.302734375,-0.41015625
17977,1.23046875,1.220703125,-0.1953125,-0.37109375
17978,1.2109375,1.1328125,-0.29296875,-0.3515625
17979,1.162109375,1.181640625,-0.234375,-0.46875
17980,1.19140625,1.26953125,-0.205078125,-0.390625
17981,1.25,1.23046875,-0.302734375,-0.419921875
17982,1.181640625,1.181640625,-0.234375,-0.419921875
17983,1.1328125,1.11328125,-0.2734375,-0.419921875
17984,1.15234375,1.30859375,-0.15625,-0.3515625
17985,1.46484375,1.19140625,-0.2734375,-0.439453125
17986,1.19140625,1.181640625,-0.302734375,-0.419921875
17987,1.240234375,0.8984375,-0.166015625,-0.390625
17988,1.30859375,1.240234375,-0.25390625,-0.46875
17989,1.162109375,1.25,-0.146484375,-0.322265625
17990,1.2109375,1.09375,-0.13671875,-0.37109375
17991,1.015625,1.11328125,-0.244140625,-0.390625
17992,1.044921875,1.103515625,-0.29296875,-0.439453125
17993,1.19140625,1.201171875,-0.234375,-0.537109375
17994,1.240234375,1.1328125,-0.25390625,-0.33203125
17995,1.142578125,1.0546875,-0.146484375,-0.390625
17996,1.19140625,1.23046875,-0.283203125,-0.458984375
17997,1.0546875,1.07421875,-0.244140625,-0.29296875
17998,1.2109375,1.279296875,-0.2734375,-0.380859375
17999,1.162109375,1.07421875,-0.15625,-0.341796875
18000,1.1328125,1.0546875,-0.29296875,-0.25390625
18001,1.07421875,1.23046875,-0.13671875,-0.390625
18002,1.103515625,0.986328125,-0.15625,-0.419921875
18003,1.171875,1.1328125,-0.25390625,-0.400390625
18004,1.279296875,1.025390625,-0.380859375,-0.439453125
18005,1.201171875,1.11328125,-0.234375,-0.419921875
18006,1.15234375,1.15234375,-0.25390625,-0.458984375
18007,1.435546875,1.201171875,-0.3125,-0.44921875
18008,1.23046875,1.015625,-0.2734375,-0.439453125
18009,1.142578125,1.025390625,-0.234375,-0.458984375
18010,1.220703125,1.201171875,-0.1953125,-0.439453125
18011,1.19140625,1.25,-0.341796875,-0.419921875
18012,1.23046875,1.103515625,-0.283203125,-0.2734375
18013,1.19140625,1.103515625,-0.17578125,-0.439453125
18014,1.23046875,1.171875,-0.15625,-0.439453125
18015,1.240234375,1.142578125,-0.283203125,-0.390625
18016,1.1328125,1.2109375,-0.25390625,-0.390625
18017,1.201171875,1.19140625,-0.361328125,-0.302734375
18018,1.171875,1.171875,-0.21484375,-0.33203125
18019,1.142578125,1.142578125,-0.234375,-0.361328125
18020,1.201171875,1.171875,-0.224609375,-0.302734375
18021,1.25,1.171875,-0.2734375,-0.341796875
18022,1.240234375,1.171875,-0.224609375,-0.33203125
18023,1.240234375,1.201171875,-0.1953125,-0.33203125
18024,1.240234375,1.2109375,-0.33203125,-0.3515625
18025,1.357421875,1.103515625,-0.234375,-0.3125
18026,1.26953125,1.318359375,-0.3515625,-0.341796875
18027,1.201171875,1.15234375,-0.25390625,-0.185546875
18028,1.15234375,1.162109375,-0.400390625,-0.41015625
18029,1.201171875,1.103515625,-0.25390625,-0.380859375
18030,1.181640625,1.162109375,-0.3125,-0.15625
18031,1.328125,1.1328125,-0.244140625,-0.400390625
18032,1.181640625,1.11328125,-0.322265625,-0.390625
18033,1.2109375,1.142578125,-0.341796875,-0.400390625
18034,1.162109375,1.162109375,-0.33203125,-0.2734375
18035,1.25,1.240234375,-0.322265625,-0.400390625
18036,1.23046875,1.162109375,-0.234375,-0.341796875
18037,1.318359375,1.162109375,-0.322265625,-0.361328125
18038,1.26953125,1.044921875,-0.41015625,-0.33203125
18039,1.298828125,1.2109375,-0.2734375,-0.361328125
18040,1.07421875,1.171875,-0.224609375,-0.46875
18041,1.2109375,1.19140625,-0.341796875,-0.380859375
18042,1.240234375,1.11328125,-0.25390625,-0.4296875
18043,1.220703125,1.171875,-0.234375,-0.44921875
18044,1.279296875,1.123046875,-0.361328125,-0.361328125
18045,1.23046875,1.23046875,-0.185546875,-0.4296875
18046,1.201171875,1.1328125,-0.25390625,-0.244140625
18047,1.1328125,1.23046875,-0.263671875,-0.37109375
18048,1.220703125,1.15234375,-0.3125,-0.224609375
18049,1.396484375,1.15234375,-0.205078125,-0.3515625
18050,1.40625,1.2109375,-0.17578125,-0.41015625
18051,1.34765625,1.279296875,-0.205078125,-0.361328125
18052,1.474609375,1.2109375,-0.33203125,-0.146484375
18053,1.484375,1.07421875,-0.224609375,-0.29296875
18054,1.416015625,1.142578125,-0.322265625,-0.546875
18055,1.38671875,1.171875,-0.205078125,-0.390625
18056,1.34765625,1.30859375,-0.1953125,-0.380859375
18057,1.34765625,1.201171875,-0.341796875,-0.419921875
18058,1.298828125,1.181640625,-0.263671875,-0.46875
18059,1.357421875,1.240234375,-0.400390625,-0.380859375
18060,1.46484375,1.162109375,-0.302734375,-0.390625
18061,1.19140625,1.162109375,-0.33203125,-0.33203125
18062,1.3671875,1.181640625,-0.283203125,-0.4296875
18063,1.30859375,1.171875,-0.341796875,-0.341796875
18064,1.201171875,1.171875,-0.283203125,-0.4296875
18065,1.162109375,1.0546875,-0.2734375,-0.390625
18066,1.25,1.142578125,-0.29296875,-0.244140625
18067,1.240234375,1.181640625,-0.302734375,-0.498046875
18068,1.25,1.162109375,-0.263671875,-0.419921875
18069,1.240234375,1.2109375,-0.37109375,-0.380859375
18070,1.25,1.23046875,-0.283203125,-0.3515625
18071,1.279296875,1.220703125,-0.283203125,-0.33203125
18072,1.240234375,1.162109375,-0.185546875,-0.322265625
18073,1.279296875,1.15234375,-0.146484375,-0.283203125
18074,1.15234375,1.142578125,-0.17578125,-0.390625
18075,1.201171875,1.279296875,-0.13671875,-0.361328125
18076,1.34765625,1.11328125,-0.17578125,-0.390625
18077,1.15234375,1.1328125,-0.185546875,-0.400390625
18078,1.318359375,1.279296875,-0.09765625,-0.48828125
18079,1.201171875,1.15234375,-0.13671875,-0.390625
18080,1.279296875,1.09375,-0.205078125,-0.3515625
18081,1.23046875,1.09375,-0.2734375,-0.37109375
18082,1.279296875,1.181640625,-0.17578125,-0.361328125
18083,1.30859375,1.181640625,-0.234375,-0.400390625
18084,1.2890625,1.2109375,-0.2734375,-0.3515625
18085,1.23046875,1.09375,-0.283203125,-0.400390625
18086,1.298828125,1.15234375,-0.3125,-0.37109375
18087,1.19140625,1.15234375,-0.224609375,-0.458984375
18088,1.279296875,1.23046875,-0.263671875,-0.556640625
18089,1.1328125,1.083984375,-0.17578125,-0.361328125
18090,1.201171875,1.025390625,-0.205078125,-0.4296875
18091,1.23046875,1.064453125,-0.33203125,-0.3125
18092,1.142578125,1.181640625,-0.283203125,-0.380859375
18093,1.19140625,1.07421875,-0.146484375,-0.41015625
18094,1.19140625,1.181640625,-0.263671875,-0.341796875
18095,1.09375,1.142578125,-0.263671875,-0.41015625
18096,1.2109375,1.2109375,-0.2734375,-0.458984375
18097,1.162109375,1.171875,-0.224609375,-0.52734375
18098,1.103515625,1.123046875,-0.21484375,-0.3515625
18099,1.19140625,1.181640625,-0.1171875,-0.4296875
18100,1.171875,1.142578125,-0.3125,-0.390625
18101,1.201171875,1.201171875,-0.224609375,-0.126953125
18102,1.201171875,1.1328125,-0.15625,-0.322265625
18103,1.23046875,1.07421875,-0.224609375,-0.390625
18104,1.220703125,1.123046875,-0.205078125,-0.3125
18105,1.201171875,1.220703125,-0.224609375,-0.400390625
18106,1.171875,1.03515625,-0.3515625,-0.283203125
18107,1.259765625,1.07421875,-0.234375,-0.3515625
18108,1.23046875,0.966796875,-0.205078125,-0.33203125
18109,1.181640625,1.201171875,-0.146484375,-0.390625
18110,1.240234375,1.025390625,-0.09765625,-0.419921875
18111,1.23046875,1.083984375,-0.166015625,-0.361328125
18112,1.19140625,1.005859375,-0.361328125,-0.46875
18113,1.279296875,1.025390625,-0.25390625,-0.4296875
18114,1.181640625,1.015625,-0.2734375,-0.33203125
18115,1.162109375,1.09375,-0.37109375,-0.33203125
18116,1.337890625,1.07421875,-0.302734375,-0.361328125
18117,1.171875,1.0546875,-0.263671875,-0.3125
18118,1.19140625,1.162109375,-0.25390625,-0.302734375
18119,1.259765625,1.171875,-0.263671875,-0.25390625
18120,1.259765625,1.083984375,-0.1953125,-0.302734375
18121,1.279296875,1.07421875,-0.224609375,-0.322265625
18122,1.25,1.11328125,-0.25390625,-0.390625
18123,1.201171875,1.07421875,-0.21484375,-0.37109375
18124,1.19140625,1.201171875,-0.09765625,-0.390625
18125,1.07421875,1.07421875,-0.341796875,-0.380859375
18126,1.23046875,1.142578125,-0.107421875,-0.263671875
18127,1.19140625,1.07421875,-0.146484375,-0.380859375
18128,1.162109375,1.103515625,-0.205078125,-0.380859375
18129,1.064453125,1.025390625,-0.205078125,-0.2734375
18130,1.171875,1.103515625,-0.29296875,-0.263671875
18131,1.15234375,1.171875,-0.224609375,-0.3515625
18132,1.26953125,1.181640625,-0.234375,-0.25390625
18133,1.220703125,1.07421875,-0.361328125,-0.185546875
18134,1.30859375,1.07421875,-0.29296875,-0.4296875
18135,1.201171875,1.025390625,-0.087890625,-0.21484375
18136,1.25,1.298828125,-0.21484375,-0.244140625
18137,1.259765625,1.09375,-0.29296875,-0.341796875
18138,1.2109375,1.162109375,-0.37109375,-0.33203125
18139,1.220703125,0.986328125,-0.25390625,-0.29296875
18140,1.240234375,1.03515625,-0.2734375,-0.244140625
18141,1.142578125,1.11328125,-0.25390625,-0.25390625
18142,1.220703125,1.181640625,-0.21484375,-0.21484375
18143,1.23046875,1.103515625,-0.283203125,-0.263671875
18144,1.240234375,1.162109375,-0.25390625,-0.2734375
18145,1.2109375,1.142578125,-0.25390625,-0.263671875
18146,1.171875,1.162109375,-0.244140625,-0.263671875
18147,1.142578125,1.1328125,-0.244140625,-0.1953125
18148,1.25,1.103515625,-0.283203125,-0.302734375
18149,1.201171875,1.103515625,-0.322265625,-0.25390625
18150,1.19140625,1.123046875,-0.322265625,-0.244140625
18151,1.220703125,1.23046875,-0.146484375,-0.322265625
18152,1.240234375,1.09375,-0.234375,-0.341796875
18153,1.11328125,1.1328125,-0.33203125,-0.224609375
18154,1.240234375,1.044921875,-0.283203125,-0.166015625
18155,1.259765625,1.142578125,-0.3125,-0.166015625
18156,1.298828125,1.142578125,-0.380859375,-0.2734375
18157,1.25,1.064453125,-0.25390625,-0.29296875
18158,1.142578125,1.11328125,-0.302734375,-0.166015625
18159,1.26953125,1.123046875,-0.33203125,-0.283203125
18160,1.19140625,1.044921875,-0.390625,-0.33203125
18161,1.240234375,1.142578125,-0.361328125,-0.15625
18162,1.103515625,1.09375,-0.361328125,-0.2734375
18163,1.318359375,0.986328125,-0.3515625,-0.224609375
18164,1.259765625,1.11328125,-0.400390625,-0.390625
18165,1.09375,1.044921875,-0.3125,-0.2734375
18166,1.38671875,1.142578125,-0.3515625,-0.322265625
18167,1.25,1.1328125,-0.29296875,-0.341796875
18168,1.11328125,1.1328125,-0.244140625,-0.3125
18169,1.240234375,1.09375,-0.234375,-0.283203125
18170,1.2109375,1.09375,-0.3515625,-0.33203125
18171,1.2109375,1.11328125,-0.283203125,-0.29296875
18172,1.2890625,1.03515625,-0.341796875,-0.224609375
18173,1.2109375,1.2109375,-0.25390625,-0.29296875
18174,1.162109375,1.083984375,-0.341796875,-0.25390625
18175,1.240234375,1.103515625,-0.322265625,-0.166015625
18176,1.220703125,1.171875,-0.33203125,-0.322265625
18177,1.259765625,1.07421875,-0.380859375,-0.41015625
18178,1.181640625,1.328125,-0.33203125,-0.2734375
18179,1.181640625,1.15234375,-0.224609375,-0.224609375
18180,1.181640625,1.123046875,-0.302734375,-0.13671875
18181,1.26953125,1.03515625,-0.380859375,-0.283203125
18182,1.220703125,1.044921875,-0.302734375,-0.341796875
18183,1.26953125,1.07421875,-0.33203125,-0.263671875
18184,1.201171875,1.162109375,-0.341796875,-0.244140625
18185,1.25,1.0546875,-0.107421875,-0.458984375
18186,1.357421875,1.11328125,-0.29296875,-0.25390625
18187,1.181640625,1.1328125,-0.2734375,-0.1953125
18188,1.240234375,1.1328125,-0.3515625,-0.1953125
18189,1.328125,1.09375,-0.341796875,-0.3125
18190,1.083984375,1.083984375,-0.44921875,-0.3125
18191,1.240234375,1.11328125,-0.439453125,-0.146484375
18192,1.240234375,1.15234375,-0.302734375,-0.17578125
18193,1.279296875,1.181640625,-0.3125,-0.185546875
18194,1.171875,1.07421875,-0.3515625,-0.1953125
18195,1.337890625,1.0546875,-0.33203125,-0.302734375
18196,1.26953125,1.15234375,-0.41015625,-0.2734375
18197,1.25,1.064453125,-0.1953125,-0.107421875
18198,1.298828125,1.083984375,-0.29296875,-0.44921875
18199,1.19140625,1.142578125,-0.29296875,-0.341796875
18200,1.23046875,1.11328125,-0.341796875,-0.3515625
18201,1.181640625,1.142578125,-0.302734375,-0.3515625
18202,1.103515625,1.15234375,-0.2734375,-0.322265625
18203,1.220703125,1.11328125,-0.2734375,-0.33203125
18204,1.201171875,1.1328125,-0.302734375,-0.283203125
18205,1.23046875,1.09375,-0.25390625,-0.322265625
18206,1.142578125,1.123046875,-0.341796875,-0.33203125
18207,1.25,1.123046875,-0.302734375,-0.29296875
18208,1.162109375,1.103515625,-0.3515625,-0.21484375
18209,1.1328125,1.19140625,-0.3125,-0.33203125
18210,1.2109375,1.083984375,-0.25390625,-0.05859375
18211,1.09375,1.11328125,-0.234375,-0.244140625
18212,1.171875,1.201171875,-0.21484375,-0.29296875
18213,1.162109375,1.123046875,-0.322265625,-0.2734375
18214,1.142578125,1.11328125,-0.302734375,-0.29296875
18215,1.240234375,0.966796875,-0.21484375,-0.2734375
18216,1.2109375,0.966796875,-0.322265625,-0.244140625
18217,1.240234375,1.044921875,-0.302734375,-0.205078125
18218,1.2890625,1.044921875,-0.3125,-0.21484375
18219,1.2109375,1.171875,-0.283203125,-0.224609375
18220,1.240234375,1.083984375,-0.2734375,-0.078125
18221,1.23046875,1.103515625,-0.341796875,-0.224609375
18222,1.259765625,1.15234375,-0.283203125,-0.37109375
18223,1.23046875,1.083984375,-0.361328125,-0.29296875
18224,1.25,1.025390625,-0.244140625,-0.263671875
18225,1.25,1.09375,-0.283203125,-0.185546875
18226,1.240234375,1.09375,-0.341796875,-0.205078125
18227,1.337890625,1.19140625,-0.3125,-0.2734375
18228,1.2109375,1.11328125,-0.546875,-0.234375
18229,1.30859375,1.142578125,-0.33203125,-0.1953125
18230,1.298828125,1.220703125,-0.419921875,-0.25390625
18231,1.318359375,1.123046875,-0.322265625,-0.2734375
18232,1.181640625,1.083984375,-0.263671875,-0.25390625
18233,1.318359375,1.259765625,-0.09765625,-0.29296875
18234,1.2109375,1.0546875,-0.263671875,-0.33203125
18235,1.064453125,1.2109375,-0.3515625,-0.244140625
18236,1.142578125,1.09375,-0.25390625,-0.29296875
18237,1.162109375,1.220703125,-0.29296875,-0.322265625
18238,1.34765625,1.2109375,-0.361328125,-0.244140625
18239,1.201171875,1.26953125,-0.234375,-0.29296875
18240,1.26953125,1.11328125,-0.302734375,-0.341796875
18241,1.3671875,1.1328125,-0.263671875,-0.400390625
18242,1.2890625,1.103515625,-0.126953125,-0.29296875
18243,1.26953125,1.220703125,-0.1953125,-0.361328125
18244,1.103515625,1.11328125,-0.29296875,-0.41015625
18245,1.201171875,1.1328125,-0.25390625,-0.283203125
18246,1.259765625,1.1328125,-0.1953125,-0.2734375
18247,1.26953125,1.162109375,-0.244140625,-0.390625
18248,1.26953125,1.15234375,-0.2734375,-0.33203125
18249,1.259765625,1.181640625,-0.302734375,-0.244140625
18250,1.259765625,1.142578125,-0.341796875,-0.322265625
18251,1.2890625,1.0546875,-0.302734375,-0.2734375
18252,1.240234375,1.1328125,-0.17578125,-0.283203125
18253,1.298828125,1.025390625,-0.29296875,-0.166015625
18254,1.1328125,1.142578125,-0.33203125,-0.3515625
18255,1.240234375,1.005859375,-0.380859375,-0.263671875
18256,1.240234375,1.201171875,-0.33203125,-0.25390625
18257,1.19140625,1.103515625,-0.2734375,-0.263671875
18258,1.26953125,1.11328125,-0.1953125,-0.234375
18259,1.298828125,1.09375,-0.29296875,-0.185546875
18260,1.318359375,1.025390625,-0.33203125,-0.283203125
18261,1.23046875,1.09375,-0.087890625,-0.2734375
18262,1.25,1.142578125,-0.302734375,-0.37109375
18263,1.240234375,1.123046875,-0.283203125,-0.41015625
18264,1.19140625,0.9765625,-0.2734375,-0.302734375
18265,1.298828125,1.142578125,-0.234375,-0.3125
18266,1.25,1.162109375,-0.185546875,-0.283203125
18267,1.26953125,1.23046875,-0.205078125,-0.302734375
18268,1.298828125,1.083984375,-0.244140625,-0.25390625
18269,1.240234375,1.103515625,-0.3125,-0.380859375
18270,1.328125,1.064453125,-0.44921875,-0.29296875
18271,1.26953125,1.083984375,-0.3125,-0.33203125
18272,1.26953125,1.03515625,-0.41015625,-0.341796875
18273,1.337890625,1.2109375,-0.283203125,-0.302734375
18274,1.25,1.103515625,-0.302734375,-0.2734375
18275,1.09375,1.123046875,-0.361328125,-0.263671875
18276,1.259765625,1.0546875,-0.341796875,-0.283203125
18277,1.240234375,1.09375,-0.322265625,-0.21484375
18278,1.181640625,1.103515625,-0.263671875,-0.322265625
18279,1.19140625,1.0546875,-0.244140625,-0.341796875
18280,1.30859375,1.07421875,-0.263671875,-0.146484375
18281,1.083984375,1.064453125,-0.25390625,-0.21484375
18282,1.220703125,1.103515625,-0.185546875,-0.283203125
18283,1.26953125,1.171875,-0.263671875,-0.33203125
18284,1.34765625,1.15234375,-0.283203125,-0.41015625
18285,1.30859375,1.083984375,-0.205078125,-0.29296875
18286,1.2890625,1.162109375,-0.1953125,-0.52734375
18287,1.318359375,1.123046875,-0.244140625,-0.341796875
18288,1.142578125,1.26953125,-0.33203125,-0.361328125
18289,1.318359375,1.15234375,-0.205078125,-0.17578125
18290,1.162109375,1.220703125,-0.13671875,-0.322265625
18291,1.3671875,1.11328125,-0.3515625,-0.3125
18292,1.259765625,0.869140625,-0.185546875,-0.322265625
18293,1.19140625,1.123046875,-0.21484375,-0.458984375
18294,1.259765625,1.005859375,-0.361328125,-0.341796875
18295,1.23046875,1.162109375,-0.234375,-0.46875
18296,1.19140625,1.11328125,-0.244140625,-0.302734375
18297,1.220703125,1.220703125,-0.3125,-0.302734375
18298,1.240234375,1.318359375,-0.107421875,-0.537109375
18299,1.142578125,1.171875,-0.244140625,-0.458984375
18300,1.240234375,1.09375,-0.2734375,-0.29296875
18301,1.2109375,1.162109375,-0.341796875,-0.361328125
18302,1.26953125,1.19140625,-0.244140625,-0.37109375
18303,1.259765625,1.259765625,-0.25390625,-0.2734375
18304,1.259765625,1.23046875,-0.29296875,-0.458984375
18305,1.19140625,1.240234375,-0.185546875,-0.302734375
18306,1.19140625,1.123046875,-0.166015625,-0.2734375
18307,1.19140625,1.19140625,-0.400390625,-0.302734375
18308,1.30859375,1.1328125,-0.25390625,-0.419921875
18309,1.220703125,1.181640625,-0.29296875,-0.41015625
18310,1.19140625,1.19140625,-0.224609375,-0.4296875
18311,1.318359375,1.279296875,-0.244140625,-0.361328125
18312,1.07421875,1.30859375,-0.2734375,-0.380859375
18313,1.19140625,1.23046875,-0.3125,-0.283203125
18314,1.26953125,1.220703125,-0.361328125,-0.283203125
18315,1.23046875,1.220703125,-0.341796875,-0.41015625
18316,1.181640625,1.142578125,-0.25390625,-0.498046875
18317,1.123046875,1.2109375,-0.107421875,-0.380859375
18318,1.240234375,1.2109375,-0.3125,-0.380859375
18319,1.2109375,1.2890625,-0.146484375,-0.3125
18320,1.181640625,1.2109375,-0.3125,-0.234375
18321,1.201171875,1.25,-0.2734375,-0.4296875
18322,1.181640625,1.2890625,-0.21484375,-0.400390625
18323,1.123046875,1.23046875,-0.17578125,-0.37109375
18324,1.123046875,1.30859375,-0.185546875,-0.458984375
18325,1.11328125,1.171875,-0.3125,-0.419921875
18326,1.259765625,1.259765625,-0.25390625,-0.380859375
18327,1.298828125,1.25,-0.185546875,-0.4296875
18328,1.220703125,1.044921875,-0.15625,-0.44921875
18329,1.25,1.220703125,-0.244140625,-0.537109375
18330,1.181640625,1.201171875,-0.2734375,-0.44921875
18331,1.201171875,1.2109375,-0.2734375,-0.400390625
18332,1.201171875,1.15234375,-0.21484375,-0.4296875
18333,1.142578125,1.142578125,-0.263671875,-0.29296875
18334,1.25,1.171875,-0.3125,-0.37109375
18335,1.2109375,1.19140625,-0.361328125,-0.4296875
18336,1.2890625,1.162109375,-0.2734375,-0.4296875
18337,1.25,1.26953125,-0.302734375,-0.439453125
18338,1.26953125,1.162109375,-0.302734375,-0.400390625
18339,1.142578125,1.201171875,-0.29296875,-0.41015625
18340,1.171875,1.220703125,-0.2734375,-0.361328125
18341,1.123046875,1.201171875,-0.29296875,-0.244140625
18342,1.064453125,1.259765625,-0.25390625,-0.390625
18343,1.19140625,1.240234375,-0.21484375,-0.458984375
18344,1.201171875,1.220703125,-0.3515625,-0.46875
18345,1.07421875,1.2109375,-0.302734375,-0.439453125
18346,1.181640625,1.30859375,-0.263671875,-0.419921875
18347,1.171875,1.240234375,-0.2734375,-0.25390625
18348,0.9765625,1.298828125,-0.1953125,-0.419921875
18349,1.1328125,1.2109375,-0.234375,-0.390625
18350,1.142578125,1.025390625,-0.107421875,-0.41015625
18351,1.25,1.181640625,-0.2734375,-0.458984375
18352,1.15234375,1.1328125,-0.3125,-0.37109375
18353,1.259765625,1.103515625,-0.302734375,-0.1953125
18354,1.2109375,1.25,-0.2734375,-0.41015625
18355,1.25,1.142578125,-0.205078125,-0.439453125
18356,1.23046875,1.2890625,-0.41015625,-0.37109375
18357,1.337890625,1.171875,-0.263671875,-0.52734375
18358,1.38671875,1.123046875,-0.263671875,-0.419921875
18359,1.298828125,1.103515625,-0.341796875,-0.56640625
18360,1.240234375,1.1328125,-0.283203125,-0.390625
18361,1.279296875,1.2109375,-0.478515625,-0.4296875
18362,1.2890625,1.298828125,-0.048828125,-0.48828125
18363,1.2109375,1.15234375,-0.25390625,-0.341796875
18364,1.30859375,1.103515625,-0.302734375,-0.400390625
18365,1.298828125,1.2109375,-0.15625,-0.41015625
18366,1.318359375,1.123046875,-0.283203125,-0.44921875
18367,1.3671875,1.1328125,-0.439453125,-0.4296875
18368,1.26953125,1.3671875,-0.33203125,-0.361328125
18369,1.201171875,1.171875,-0.234375,-0.41015625
18370,1.142578125,1.298828125,-0.244140625,-0.361328125
18371,1.279296875,1.279296875,-0.166015625,-0.390625
18372,1.201171875,1.15234375,-0.361328125,-0.4296875
18373,1.26953125,1.09375,-0.21484375,-0.458984375
18374,1.240234375,1.220703125,-0.205078125,-0.283203125
18375,1.19140625,1.142578125,-0.263671875,-0.5078125
18376,1.2890625,1.11328125,-0.263671875,-0.400390625
18377,1.240234375,1.103515625,-0.263671875,-0.37109375
18378,1.259765625,1.162109375,-0.25390625,-0.498046875
18379,1.220703125,1.26953125,-0.205078125,-0.400390625
18380,1.19140625,1.181640625,-0.21484375,-0.400390625
18381,1.23046875,1.11328125,-0.244140625,-0.478515625
18382,1.240234375,1.181640625,-0.224609375,-0.37109375
18383,1.19140625,1.23046875,-0.29296875,-0.400390625
18384,1.23046875,1.1328125,-0.234375,-0.458984375
18385,1.337890625,1.083984375,-0.17578125,-0.37109375
18386,1.123046875,1.07421875,-0.263671875,-0.322265625
18387,1.23046875,1.103515625,-0.234375,-0.56640625
18388,1.1328125,1.162109375,-0.205078125,-0.380859375
18389,1.201171875,1.015625,-0.263671875,-0.37109375
18390,1.19140625,1.103515625,-0.234375,-0.41015625
18391,1.220703125,1.025390625,-0.263671875,-0.400390625
18392,1.181640625,1.0546875,-0.29296875,-0.419921875
18393,1.2109375,1.1328125,-0.361328125,-0.419921875
18394,1.201171875,1.142578125,-0.263671875,-0.400390625
18395,1.11328125,1.103515625,-0.2734375,-0.478515625
18396,1.26953125,1.09375,-0.25390625,-0.37109375
18397,1.318359375,1.19140625,-0.283203125,-0.41015625
18398,1.25,1.240234375,-0.21484375,-0.390625
18399,1.279296875,1.201171875,-0.244140625,-0.33203125
18400,1.259765625,1.171875,-0.322265625,-0.380859375
18401,1.171875,1.240234375,-0.302734375,-0.5078125
18402,1.328125,1.201171875,-0.2734375,-0.3125
18403,1.25,1.19140625,-0.224609375,-0.56640625
18404,1.337890625,1.220703125,-0.244140625,-0.41015625
18405,1.279296875,1.142578125,-0.21484375,-0.33203125
18406,1.318359375,1.220703125,-0.185546875,-0.546875
18407,1.455078125,1.26953125,-0.17578125,-0.390625
18408,1.220703125,1.171875,-0.224609375,-0.46875
18409,1.201171875,1.142578125,-0.25390625,-0.390625
18410,1.11328125,1.25,-0.25390625,-0.33203125
18411,1.19140625,1.123046875,-0.263671875,-0.322265625
18412,1.162109375,1.083984375,-0.21484375,-0.400390625
18413,1.142578125,1.123046875,-0.3515625,-0.41015625
18414,1.220703125,1.23046875,-0.302734375,-0.41015625
18415,1.220703125,1.1328125,-0.224609375,-0.37109375
18416,1.240234375,1.19140625,-0.09765625,-0.322265625
18417,1.2109375,1.279296875,-0.1171875,-0.654296875
18418,1.171875,1.162109375,-0.185546875,-0.3515625
18419,1.357421875,1.162109375,-0.17578125,-0.390625
18420,1.171875,1.298828125,-0.283203125,-0.46875
18421,1.2109375,1.103515625,-0.234375,-0.37109375
18422,1.15234375,0.908203125,-0.361328125,-0.41015625
18423,1.201171875,1.11328125,-0.361328125,-0.33203125
18424,1.220703125,1.1328125,-0.25390625,-0.322265625
18425,1.4453125,1.09375,-0.126953125,-0.41015625
18426,1.220703125,1.083984375,-0.283203125,-0.380859375
18427,1.220703125,1.103515625,-0.283203125,-0.37109375
18428,1.123046875,1.123046875,-0.17578125,-0.390625
18429,1.19140625,1.123046875,-0.05859375,-0.361328125
18430,1.181640625,1.11328125,-0.15625,-0.48828125
18431,1.23046875,1.07421875,-0.126953125,-0.400390625
18432,1.220703125,1.025390625,-0.205078125,-0.37109375
18433,1.15234375,1.123046875,-0.224609375,-0.390625
18434,1.142578125,1.123046875,-0.263671875,-0.380859375
18435,1.23046875,1.142578125,-0.224609375,-0.322265625
18436,1.1328125,1.1328125,-0.21484375,-0.390625
18437,1.181640625,1.025390625,-0.283203125,-0.458984375
18438,1.181640625,1.09375,-0.17578125,-0.41015625
18439,1.181640625,1.07421875,-0.25390625,-0.654296875
18440,1.23046875,1.103515625,-0.244140625,-0.400390625
18441,1.162109375,1.044921875,-0.1953125,-0.37109375
18442,1.201171875,1.11328125,-0.21484375,-0.400390625
18443,1.201171875,1.171875,-0.25390625,-0.48828125
18444,1.25,1.162109375,-0.1171875,-0.498046875
18445,1.279296875,1.044921875,-0.224609375,-0.46875
18446,1.19140625,1.103515625,-0.205078125,-0.44921875
18447,1.171875,1.11328125,-0.21484375,-0.400390625
18448,1.240234375,1.09375,-0.3125,-0.37109375
18449,1.2109375,1.142578125,-0.2734375,-0.322265625
18450,1.23046875,1.11328125,-0.37109375,-0.322265625
18451,1.220703125,1.15234375,-0.263671875,-0.517578125
18452,1.103515625,1.171875,-0.25390625,-0.37109375
18453,1.220703125,1.19140625,-0.3125,-0.341796875
18454,1.279296875,1.201171875,-0.283203125,-0.322265625
18455,1.162109375,1.11328125,-0.29296875,-0.361328125
18456,1.2109375,1.142578125,-0.322265625,-0.263671875
18457,1.23046875,1.1328125,-0.15625,-0.498046875
18458,1.25,1.2109375,-0.361328125,-0.341796875
18459,1.25,1.34765625,-0.185546875,-0.3515625
18460,1.23046875,1.171875,-0.234375,-0.205078125
18461,1.181640625,1.181640625,-0.25390625,-0.341796875
18462,1.220703125,1.1328125,-0.3515625,-0.341796875
18463,1.259765625,1.123046875,-0.21484375,-0.341796875
18464,1.328125,1.181640625,-0.25390625,-0.380859375
18465,1.259765625,0.83984375,-0.29296875,-0.322265625
18466,1.240234375,1.103515625,-0.419921875,-0.29296875
18467,1.38671875,1.1328125,-0.25390625,-0.361328125
18468,1.30859375,1.09375,-0.234375,-0.341796875
18469,1.26953125,1.0546875,-0.302734375,-0.29296875
18470,1.259765625,1.09375,-0.29296875,-0.400390625
18471,1.259765625,1.15234375,-0.29296875,-0.341796875
18472,1.279296875,1.015625,-0.166015625,-0.302734375
18473,1.279296875,1.015625,-0.21484375,-0.322265625
18474,1.1328125,1.015625,-0.244140625,-0.380859375
18475,1.259765625,0.927734375,-0.185546875,-0.478515625
18476,1.337890625,1.103515625,-0.205078125,-0.37109375
18477,1.38671875,1.38671875,-0.029296875,-0.400390625
18478,1.376953125,1.220703125,-0.244140625,-0.3125
18479,1.357421875,1.171875,-0.1171875,-0.48828125
18480,1.279296875,1.083984375,-0.283203125,-0.380859375
18481,1.3671875,1.220703125,-0.1953125,-0.33203125
18482,1.396484375,1.142578125,-0.283203125,-0.517578125
18483,1.484375,1.2109375,-0.146484375,-0.44921875
18484,1.298828125,1.162109375,-0.244140625,-0.3515625
18485,1.337890625,1.07421875,-0.15625,-0.419921875
18486,1.279296875,1.15234375,-0.380859375,-0.3125
18487,1.30859375,1.142578125,-0.283203125,-0.361328125
18488,1.337890625,1.083984375,-0.244140625,-0.3125
18489,1.34765625,1.123046875,-0.1953125,-0.341796875
18490,1.396484375,1.1328125,-0.3125,-0.4296875
18491,1.42578125,1.1328125,-0.25390625,-0.4296875
18492,1.25,1.26953125,-0.341796875,-0.361328125
18493,1.298828125,1.1328125,-0.1953125,-0.419921875
18494,1.259765625,1.162109375,-0.205078125,-0.478515625
18495,1.23046875,1.23046875,-0.234375,-0.3515625
18496,1.2890625,1.11328125,-0.09765625,-0.390625
18497,1.26953125,1.083984375,-0.25390625,-0.390625
18498,1.30859375,1.1328125,-0.224609375,-0.29296875
18499,1.298828125,1.11328125,-0.234375,-0.33203125
18500,1.318359375,1.15234375,-0.244140625,-0.3125
18501,1.30859375,1.201171875,-0.1953125,-0.46875
18502,1.259765625,1.23046875,-0.166015625,-0.419921875
18503,1.25,1.201171875,-0.205078125,-0.2734375
18504,1.34765625,1.201171875,-0.15625,-0.361328125
18505,1.25,1.142578125,-0.234375,-0.37109375
18506,1.30859375,1.123046875,-0.263671875,-0.400390625
18507,1.337890625,1.123046875,-0.205078125,-0.302734375
18508,1.26953125,1.19140625,-0.146484375,-0.361328125
18509,1.240234375,1.15234375,-0.224609375,-0.654296875
18510,1.142578125,1.25,-0.302734375,-0.33203125
18511,1.240234375,1.171875,-0.263671875,-0.341796875
18512,1.298828125,1.09375,-0.185546875,-0.361328125
18513,1.298828125,1.123046875,-0.17578125,-0.322265625
18514,1.337890625,1.044921875,-0.3125,-0.37109375
18515,1.25,1.142578125,-0.322265625,-0.5078125
18516,1.26953125,1.142578125,-0.244140625,-0.361328125
18517,1.40625,1.064453125,-0.2734375,-0.263671875
18518,1.318359375,1.09375,-0.2734375,-0.361328125
18519,1.279296875,1.15234375,-0.2734375,-0.3515625
18520,1.298828125,0.9375,-0.05859375,-0.37109375
18521,1.11328125,1.123046875,-0.205078125,-0.400390625
18522,1.259765625,1.09375,-0.25390625,-0.56640625
18523,1.171875,1.181640625,-0.2734375,-0.37109375
18524,1.279296875,1.11328125,-0.2734375,-0.3515625
18525,1.201171875,1.142578125,-0.21484375,-0.498046875
18526,1.181640625,1.083984375,-0.341796875,-0.41015625
18527,1.2109375,1.26953125,-0.224609375,-0.48828125
18528,1.083984375,1.142578125,-0.185546875,-0.3125
18529,1.15234375,1.0546875,-0.25390625,-0.419921875
18530,1.15234375,1.123046875,-0.21484375,-0.380859375
18531,1.0546875,1.1328125,-0.166015625,-0.41015625
18532,1.298828125,1.142578125,-0.1171875,-0.341796875
18533,1.279296875,1.025390625,-0.146484375,-0.341796875
18534,1.328125,1.07421875,-0.205078125,-0.283203125
18535,1.1328125,1.103515625,-0.05859375,-0.341796875
18536,1.181640625,1.11328125,-0.224609375,-0.390625
18537,1.30859375,1.07421875,-0.1953125,-0.283203125
18538,1.15234375,1.005859375,-0.146484375,-0.3125
18539,1.23046875,1.025390625,-0.185546875,-0.439453125
18540,1.19140625,1.0546875,-0.234375,-0.302734375
18541,1.171875,1.005859375,-0.185546875,-0.3515625
18542,1.2109375,1.11328125,-0.078125,-0.322265625
18543,1.2890625,1.07421875,-0.1953125,-0.439453125
18544,1.328125,1.07421875,-0.09765625,-0.2734375
18545,1.142578125,0.99609375,-0.107421875,-0.5859375
18546,1.171875,1.123046875,-0.205078125,-0.498046875
18547,1.220703125,1.044921875,-0.146484375,-0.3125
18548,1.23046875,1.181640625,-0.234375,-0.400390625
18549,1.23046875,1.123046875,-0.17578125,-0.322265625
18550,1.19140625,1.11328125,-0.263671875,-0.33203125
18551,1.201171875,1.03515625,-0.224609375,-0.322265625
18552,1.259765625,1.0546875,-0.185546875,-0.3125
18553,1.2890625,1.07421875,-0.234375,-0.380859375
18554,1.240234375,1.025390625,-0.107421875,-0.341796875
18555,1.30859375,1.142578125,-0.263671875,-0.390625
18556,1.26953125,1.0546875,-0.234375,-0.361328125
18557,1.2890625,1.07421875,-0.185546875,-0.3125
18558,1.162109375,1.083984375,-0.283203125,-0.17578125
18559,1.2890625,1.11328125,-0.3125,-0.33203125
18560,1.2109375,1.044921875,-0.21484375,-0.3125
18561,1.11328125,1.064453125,-0.2734375,-0.302734375
18562,1.171875,1.123046875,-0.25390625,-0.25390625
18563,1.19140625,1.162109375,-0.21484375,-0.302734375
18564,1.23046875,1.123046875,-0.2734375,-0.3125
18565,1.162109375,1.09375,-0.283203125,-0.302734375
18566,1.15234375,1.015625,-0.224609375,-0.283203125
18567,1.23046875,1.09375,-0.263671875,-0.478515625
18568,1.142578125,0.986328125,-0.263671875,-0.283203125
18569,1.2890625,1.142578125,-0.185546875,-0.21484375
18570,1.220703125,1.0546875,-0.21484375,-0.21484375
18571,1.201171875,1.005859375,-0.224609375,-0.283203125
18572,1.201171875,1.23046875,-0.263671875,-0.302734375
18573,1.220703125,1.09375,-0.1953125,-0.2734375
18574,1.0546875,1.044921875,-0.1953125,-0.2734375
18575,1.171875,1.083984375,-0.21484375,-0.3515625
18576,1.23046875,1.09375,-0.166015625,-0.302734375
18577,1.171875,1.083984375,-0.244140625,-0.263671875
18578,1.2109375,1.044921875,-0.205078125,-0.234375
18579,1.2109375,1.142578125,-0.224609375,-0.166015625
18580,1.162109375,1.142578125,-0.25390625,-0.185546875
18581,1.201171875,1.064453125,-0.33203125,-0.29296875
18582,1.240234375,1.044921875,-0.205078125,-0.302734375
18583,1.25,1.11328125,-0.244140625,-0.244140625
18584,1.083984375,0.95703125,-0.21484375,-0.302734375
18585,1.26953125,0.99609375,-0.263671875,-0.1953125
18586,1.26953125,1.09375,-0.283203125,-0.21484375
18587,1.220703125,1.09375,-0.283203125,-0.283203125
18588,1.2109375,1.07421875,-0.458984375,-0.322265625
18589,1.298828125,1.123046875,-0.29296875,-0.087890625
18590,1.0546875,1.171875,-0.283203125,-0.29296875
18591,1.26953125,1.279296875,-0.302734375,-0.3125
18592,1.25,1.103515625,-0.3515625,-0.263671875
18593,1.240234375,1.171875,-0.4296875,-0.29296875
18594,1.240234375,1.123046875,-0.2734375,-0.1953125
18595,1.171875,1.09375,-0.25390625,-0.2734375
18596,1.1328125,1.201171875,-0.244140625,-0.263671875
18597,1.2109375,1.162109375,-0.2734375,-0.390625
18598,1.23046875,1.162109375,-0.2734375,-0.166015625
18599,1.181640625,1.11328125,-0.263671875,-0.234375
18600,1.23046875,1.15234375,-0.224609375,-0.1953125
18601,1.25,1.11328125,-0.341796875,-0.302734375
18602,1.2890625,1.07421875,-0.41015625,-0.2734375
18603,1.25,1.15234375,-0.439453125,-0.224609375
18604,1.30859375,1.064453125,-0.3515625,-0.234375
18605,1.328125,1.083984375,-0.302734375,-0.3125
18606,1.19140625,0.986328125,-0.2734375,-0.224609375
18607,1.26953125,1.064453125,-0.341796875,-0.29296875
18608,1.220703125,1.09375,-0.244140625,-0.2734375
18609,1.2109375,1.11328125,-0.41015625,-0.263671875
18610,1.19140625,1.0546875,-0.3125,-0.3515625
18611,1.1328125,1.064453125,-0.33203125,-0.25390625
18612,1.240234375,1.005859375,-0.458984375,-0.234375
18613,1.259765625,1.064453125,-0.41015625,-0.3125
18614,1.181640625,1.171875,-0.439453125,-0.29296875
18615,1.23046875,1.005859375,-0.390625,-0.2734375
18616,1.181640625,1.103515625,-0.341796875,-0.25390625
18617,1.279296875,1.181640625,-0.3125,-0.1953125
18618,1.171875,1.1328125,-0.21484375,-0.234375
18619,1.123046875,1.07421875,-0.302734375,-0.17578125
18620,1.30859375,1.142578125,-0.29296875,-0.234375
18621,1.2109375,0.83984375,-0.29296875,-0.244140625
18622,1.220703125,1.07421875,-0.3515625,-0.166015625
18623,1.25,1.083984375,-0.37109375,-0.224609375
18624,1.171875,1.162109375,-0.33203125,-0.224609375
18625,1.19140625,1.09375,-0.380859375,-0.25390625
18626,1.162109375,0.99609375,-0.263671875,-0.224609375
18627,1.19140625,1.07421875,-0.2734375,-0.234375
18628,1.201171875,1.083984375,-0.25390625,-0.390625
18629,1.09375,1.07421875,-0.322265625,-0.25390625
18630,1.1328125,1.2109375,-0.205078125,-0.29296875
18631,1.259765625,1.103515625,-0.283203125,-0.302734375
18632,1.0546875,0.99609375,-0.21484375,-0.205078125
18633,1.15234375,0.888671875,-0.37109375,-0.2734375
18634,1.19140625,1.123046875,-0.21484375,-0.17578125
18635,1.083984375,1.142578125,-0.21484375,-0.3125
18636,1.220703125,1.171875,-0.224609375,-0.234375
18637,1.220703125,1.103515625,-0.205078125,-0.205078125
18638,1.19140625,1.142578125,-0.1953125,-0.341796875
18639,1.2109375,1.38671875,-0.25390625,-0.29296875
18640,1.181640625,0.986328125,-0.322265625,-0.3125
18641,1.26953125,1.142578125,-0.244140625,-0.2734375
18642,1.19140625,1.181640625,-0.361328125,-0.29296875
18643,1.318359375,0.99609375,-0.322265625,-0.205078125
18644,1.201171875,1.11328125,-0.2734375,-0.283203125
18645,1.171875,1.103515625,-0.185546875,-0.2734375
18646,1.220703125,1.03515625,-0.283203125,-0.390625
18647,1.23046875,1.064453125,-0.361328125,-0.234375
18648,1.181640625,0.986328125,-0.400390625,-0.25390625
18649,1.2109375,1.2109375,-0.3125,-0.166015625
18650,1.2109375,1.07421875,-0.3125,-0.2734375
18651,1.11328125,1.083984375,-0.205078125,-0.263671875
18652,1.279296875,1.09375,-0.419921875,-0.41015625
18653,1.34765625,1.11328125,-0.33203125,-0.234375
18654,1.240234375,1.03515625,-0.2734375,-0.2734375
18655,1.240234375,1.1328125,-0.341796875,-0.166015625
18656,1.240234375,1.0546875,-0.29296875,-0.478515625
18657,1.337890625,0.927734375,-0.302734375,-0.2734375
18658,1.171875,1.064453125,-0.185546875,-0.419921875
18659,1.337890625,1.201171875,-0.244140625,-0.25390625
18660,1.201171875,1.201171875,-0.29296875,-0.2734375
18661,1.2890625,1.298828125,-0.46875,-0.21484375
18662,1.30859375,1.1328125,-0.2734375,-0.283203125
18663,1.30859375,1.044921875,-0.33203125,-0.283203125
18664,1.259765625,1.09375,-0.15625,-0.185546875
18665,1.42578125,1.123046875,-0.302734375,-0.25390625
18666,1.26953125,1.142578125,-0.439453125,-0.29296875
18667,1.19140625,1.220703125,-0.3515625,-0.205078125
18668,1.23046875,1.171875,-0.361328125,-0.29296875
18669,1.162109375,1.181640625,-0.25390625,-0.29296875
18670,1.181640625,1.142578125,-0.400390625,-0.25390625
18671,1.240234375,1.123046875,-0.302734375,-0.3125
18672,1.38671875,1.171875,-0.41015625,-0.322265625
18673,1.23046875,1.07421875,-0.302734375,-0.13671875
18674,1.298828125,1.171875,-0.3125,-0.29296875
18675,1.25,1.123046875,-0.341796875,-0.244140625
18676,1.2109375,1.044921875,-0.33203125,-0.29296875
18677,1.259765625,1.025390625,-0.283203125,-0.078125
18678,1.123046875,1.09375,-0.263671875,-0.234375
18679,1.26953125,1.11328125,-0.263671875,-0.263671875
18680,1.2890625,1.1328125,-0.302734375,-0.244140625
18681,1.376953125,1.09375,-0.33203125,-0.25390625
18682,1.279296875,1.171875,-0.17578125,-0.234375
18683,1.240234375,1.1328125,-0.234375,-0.2734375
18684,1.15234375,1.123046875,-0.29296875,-0.2734375
18685,1.26953125,0.9765625,-0.205078125,-0.263671875
18686,1.11328125,1.19140625,-0.2734375,-0.205078125
18687,1.23046875,1.083984375,-0.302734375,-0.29296875
18688,1.259765625,0.87890625,-0.263671875,-0.244140625
18689,1.298828125,1.123046875,-0.3515625,-0.322265625
18690,1.220703125,1.103515625,-0.244140625,-0.302734375
18691,1.201171875,1.142578125,-0.3125,-0.25390625
18692,1.240234375,1.1328125,-0.322265625,-0.2734375
18693,1.279296875,1.201171875,-0.2734375,-0.29296875
18694,1.259765625,1.240234375,-0.2734375,-0.3125
18695,1.240234375,1.15234375,-0.25390625,-0.322265625
18696,1.171875,1.181640625,-0.322265625,-0.29296875
18697,1.318359375,1.171875,-0.41015625,-0.302734375
18698,1.26953125,1.1328125,-0.224609375,-0.361328125
18699,1.23046875,1.11328125,-0.37109375,-0.29296875
18700,1.328125,1.0546875,-0.21484375,-0.361328125
18701,1.3671875,1.240234375,-0.234375,-0.244140625
18702,1.220703125,1.07421875,-0.33203125,-0.33203125
18703,1.416015625,1.044921875,-0.361328125,-0.3125
18704,1.240234375,1.1328125,-0.302734375,-0.224609375
18705,1.357421875,1.123046875,-0.3125,-0.3125
18706,1.2890625,1.15234375,-0.126953125,-0.322265625
18707,1.259765625,1.09375,-0.380859375,-0.205078125
18708,1.23046875,1.09375,-0.302734375,-0.29296875
18709,1.142578125,1.0546875,-0.283203125,-0.29296875
18710,1.337890625,1.0546875,-0.205078125,-0.3515625
18711,1.25,1.064453125,-0.25390625,-0.361328125
18712,1.064453125,1.09375,-0.15625,-0.361328125
18713,1.279296875,1.03515625,-0.224609375,-0.302734375
18714,1.38671875,1.15234375,-0.2734375,-0.419921875
18715,1.142578125,1.1328125,-0.205078125,-0.419921875
18716,1.259765625,1.259765625,-0.1171875,-0.17578125
18717,1.1328125,1.162109375,-0.263671875,-0.37109375
18718,1.201171875,1.23046875,-0.283203125,-0.322265625
18719,1.220703125,0.927734375,-0.3125,-0.244140625
18720,1.123046875,1.2109375,-0.234375,-0.41015625
18721,1.259765625,0.99609375,-0.41015625,-0.283203125
18722,1.259765625,1.025390625,-0.3125,-0.33203125
18723,1.26953125,1.162109375,-0.205078125,-0.439453125
18724,1.201171875,1.11328125,-0.341796875,-0.322265625
18725,1.279296875,1.142578125,-0.234375,-0.29296875
18726,1.26953125,1.162109375,-0.224609375,-0.361328125
18727,1.23046875,1.162109375,-0.3515625,-0.33203125
18728,1.240234375,1.07421875,-0.322265625,-0.322265625
18729,1.2109375,1.171875,-0.17578125,-0.322265625
18730,1.181640625,1.2109375,-0.263671875,-0.361328125
18731,1.23046875,1.09375,-0.13671875,-0.3125
18732,1.318359375,1.171875,-0.205078125,-0.380859375
18733,1.25,1.1328125,-0.048828125,-0.302734375
18734,1.25,1.181640625,-0.302734375,-0.3515625
18735,1.240234375,1.1328125,-0.244140625,-0.341796875
18736,1.259765625,1.123046875,-0.41015625,-0.234375
18737,1.181640625,1.2109375,-0.400390625,-0.3125
18738,1.2109375,1.15234375,-0.33203125,-0.37109375
18739,1.19140625,1.2109375,-0.3125,-0.283203125
18740,1.26953125,1.19140625,-0.341796875,-0.2734375
18741,1.220703125,1.162109375,-0.33203125,-0.400390625
18742,1.15234375,1.083984375,-0.33203125,-0.44921875
18743,1.220703125,1.23046875,-0.234375,-0.380859375
18744,1.240234375,1.2109375,-0.322265625,-0.4296875
18745,1.2109375,1.2109375,-0.263671875,-0.458984375
18746,1.2109375,1.279296875,-0.244140625,-0.390625
18747,1.25,1.220703125,-0.3125,-0.390625
18748,1.162109375,1.23046875,-0.283203125,-0.380859375
18749,1.15234375,1.328125,-0.3125,-0.3515625
18750,1.201171875,1.181640625,-0.234375,-0.439453125
18751,1.07421875,1.19140625,-0.3515625,-0.341796875
18752,1.162109375,1.2109375,-0.380859375,-0.4296875
18753,1.279296875,1.2890625,-0.244140625,-0.56640625
18754,1.25,1.259765625,-0.3125,-0.419921875
18755,1.30859375,1.142578125,-0.263671875,-0.41015625
18756,1.220703125,1.220703125,-0.068359375,-0.341796875
18757,1.25,1.19140625,-0.283203125,-0.4296875
18758,1.318359375,1.396484375,-0.205078125,-0.41015625
18759,1.240234375,1.142578125,-0.224609375,-0.21484375
18760,1.23046875,1.19140625,-0.234375,-0.33203125
18761,1.240234375,1.123046875,-0.341796875,-0.37109375
18762,1.2890625,1.11328125,-0.29296875,-0.478515625
18763,1.34765625,1.181640625,-0.2734375,-0.46875
18764,1.2109375,1.181640625,-0.185546875,-0.341796875
18765,1.240234375,1.162109375,-0.263671875,-0.361328125
18766,1.23046875,1.1328125,-0.25390625,-0.44921875
18767,1.23046875,1.181640625,-0.0390625,-0.4296875
18768,1.240234375,1.19140625,-0.283203125,-0.400390625
18769,1.171875,1.240234375,-0.263671875,-0.3515625
18770,1.201171875,1.220703125,-0.341796875,-0.3515625
18771,1.181640625,1.2109375,-0.361328125,-0.52734375
18772,1.162109375,1.15234375,-0.3125,-0.224609375
18773,1.181640625,0.99609375,-0.224609375,-0.37109375
18774,1.19140625,1.259765625,-0.3125,-0.4296875
18775,1.181640625,1.25,-0.25390625,-0.400390625
18776,1.11328125,1.0546875,-0.29296875,-0.439453125
18777,1.19140625,1.181640625,-0.224609375,-0.283203125
18778,1.240234375,1.201171875,-0.380859375,-0.546875
18779,1.23046875,1.15234375,-0.29296875,-0.419921875
18780,1.201171875,1.328125,-0.13671875,-0.33203125
18781,1.09375,1.19140625,-0.224609375,-0.33203125
18782,1.162109375,1.201171875,-0.234375,-0.341796875
18783,1.1328125,1.1328125,-0.302734375,-0.25390625
18784,1.2890625,1.259765625,-0.224609375,-0.37109375
18785,1.142578125,1.201171875,-0.15625,-0.3515625
18786,1.30859375,1.11328125,-0.1953125,-0.341796875
18787,1.3671875,1.19140625,-0.205078125,-0.46875
18788,1.3671875,1.2109375,-0.224609375,-0.3515625
18789,1.357421875,1.19140625,-0.205078125,-0.3125
18790,1.25,1.171875,-0.25390625,-0.44921875
18791,1.337890625,1.09375,-0.2734375,-0.400390625
18792,1.25,1.07421875,-0.29296875,-0.341796875
18793,1.279296875,1.171875,-0.302734375,-0.41015625
18794,1.3671875,1.064453125,-0.2734375,-0.4296875
18795,1.337890625,1.240234375,-0.33203125,-0.37109375
18796,1.318359375,1.19140625,-0.29296875,-0.458984375
18797,1.38671875,1.162109375,-0.25390625,-0.341796875
18798,1.298828125,1.15234375,-0.283203125,-0.419921875
18799,1.2109375,1.2109375,-0.263671875,-0.390625
18800,1.220703125,1.162109375,-0.283203125,-0.478515625
18801,1.26953125,1.171875,-0.3515625,-0.439453125
18802,1.23046875,1.15234375,-0.2734375,-0.390625
18803,1.240234375,1.181640625,-0.283203125,-0.419921875
18804,1.23046875,1.181640625,-0.322265625,-0.400390625
18805,1.171875,1.1328125,-0.263671875,-0.400390625
18806,1.15234375,1.103515625,-0.234375,-0.44921875
18807,1.2109375,1.240234375,-0.263671875,-0.439453125
18808,1.26953125,1.19140625,-0.244140625,-0.56640625
18809,1.103515625,1.162109375,-0.29296875,-0.380859375
18810,1.162109375,1.23046875,-0.341796875,-0.37109375
18811,1.19140625,1.162109375,-0.322265625,-0.576171875
18812,1.083984375,1.103515625,-0.25390625,-0.478515625
18813,1.220703125,1.025390625,-0.126953125,-0.41015625
18814,1.240234375,1.1328125,-0.244140625,-0.52734375
18815,1.240234375,1.123046875,-0.21484375,-0.4296875
18816,1.279296875,1.064453125,-0.13671875,-0.498046875
18817,1.259765625,1.103515625,-0.25390625,-0.458984375
18818,1.279296875,1.1328125,-0.283203125,-0.41015625
18819,1.259765625,1.07421875,-0.2734375,-0.41015625
18820,1.240234375,1.25,-0.263671875,-0.48828125
18821,1.25,1.201171875,-0.21484375,-0.37109375
18822,1.240234375,1.142578125,-0.244140625,-0.458984375
18823,1.201171875,1.123046875,-0.3125,-0.33203125
18824,1.103515625,1.123046875,-0.25390625,-0.400390625
18825,1.2109375,1.181640625,-0.205078125,-0.44921875
18826,1.26953125,1.23046875,-0.25390625,-0.517578125
18827,1.19140625,1.162109375,-0.283203125,-0.4296875
18828,1.220703125,1.005859375,-0.322265625,-0.439453125
18829,1.25,1.083984375,-0.25390625,-0.458984375
18830,1.279296875,1.123046875,-0.263671875,-0.498046875
18831,1.2109375,1.162109375,-0.341796875,-0.458984375
18832,1.26953125,1.142578125,-0.263671875,-0.517578125
18833,1.240234375,1.142578125,-0.244140625,-0.419921875
18834,1.26953125,1.181640625,-0.341796875,-0.390625
18835,1.25,1.142578125,-0.341796875,-0.498046875
18836,1.337890625,1.142578125,-0.283203125,-0.2734375
18837,1.171875,1.0546875,-0.21484375,-0.322265625
18838,1.279296875,1.142578125,-0.322265625,-0.380859375
18839,1.181640625,1.19140625,-0.25390625,-0.322265625
18840,1.30859375,1.123046875,-0.09765625,-0.400390625
18841,1.2109375,1.123046875,-0.322265625,-0.41015625
18842,1.279296875,1.15234375,-0.234375,-0.37109375
18843,1.2109375,1.15234375,-0.283203125,-0.390625
18844,1.220703125,1.005859375,-0.09765625,-0.341796875
18845,1.298828125,1.15234375,-0.2734375,-0.1953125
18846,1.25,1.1328125,-0.263671875,-0.361328125
18847,1.23046875,1.201171875,-0.322265625,-0.419921875
18848,1.064453125,1.103515625,-0.37109375,-0.322265625
18849,1.2890625,1.162109375,-0.263671875,-0.458984375
18850,1.181640625,1.181640625,-0.15625,-0.400390625
18851,1.171875,1.103515625,-0.234375,-0.341796875
18852,1.083984375,1.07421875,-0.322265625,-0.380859375
18853,1.2890625,1.162109375,-0.263671875,-0.263671875
18854,1.298828125,1.064453125,-0.21484375,-0.380859375
18855,1.15234375,1.083984375,-0.224609375,-0.498046875
18856,1.259765625,1.19140625,-0.205078125,-0.390625
18857,1.2109375,1.123046875,-0.263671875,-0.400390625
18858,1.142578125,1.07421875,-0.29296875,-0.380859375
18859,1.259765625,1.103515625,-0.25390625,-0.361328125
18860,1.240234375,1.09375,-0.224609375,-0.400390625
18861,1.279296875,1.1328125,-0.009765625,-0.380859375
18862,1.23046875,1.171875,-0.205078125,-0.400390625
18863,1.240234375,1.064453125,-0.126953125,-0.46875
18864,1.025390625,1.123046875,-0.15625,-0.400390625
18865,1.23046875,1.25,-0.205078125,-0.302734375
18866,1.328125,1.123046875,-0.25390625,-0.41015625
18867,1.09375,1.11328125,-0.224609375,-0.361328125
18868,1.2890625,1.103515625,-0.166015625,-0.44921875
18869,1.25,1.11328125,-0.283203125,-0.458984375
18870,1.298828125,1.07421875,-0.205078125,-0.4296875
18871,1.318359375,1.083984375,-0.09765625,-0.419921875
18872,1.26953125,1.083984375,-0.21484375,-0.458984375
18873,1.26953125,1.03515625,-0.205078125,-0.419921875
18874,1.2890625,1.23046875,-0.21484375,-0.37109375
18875,1.220703125,1.11328125,-0.263671875,-0.400390625
18876,1.38671875,1.064453125,-0.25390625,-0.400390625
18877,1.279296875,1.064453125,-0.185546875,-0.390625
18878,1.337890625,1.09375,-0.224609375,-0.302734375
18879,1.19140625,1.07421875,-0.263671875,-0.400390625
18880,1.2890625,1.1328125,-0.25390625,-0.44921875
18881,1.220703125,1.064453125,-0.29296875,-0.361328125
18882,1.1328125,1.11328125,-0.380859375,-0.48828125
18883,1.357421875,1.171875,-0.263671875,-0.33203125
18884,1.220703125,1.142578125,-0.1953125,-0.556640625
18885,1.23046875,1.1328125,-0.3125,-0.341796875
18886,1.201171875,0.966796875,-0.224609375,-0.322265625
18887,1.23046875,1.11328125,-0.234375,-0.341796875
18888,1.15234375,1.09375,-0.29296875,-0.29296875
18889,1.240234375,1.064453125,-0.478515625,-0.33203125
18890,1.2109375,1.083984375,-0.1953125,-0.576171875
18891,1.259765625,1.142578125,-0.25390625,-0.302734375
18892,1.23046875,1.07421875,-0.41015625,-0.37109375
18893,1.240234375,1.171875,-0.234375,-0.6640625
18894,1.30859375,1.15234375,-0.29296875,-0.3125
18895,1.279296875,1.103515625,-0.185546875,-0.33203125
18896,1.30859375,1.1328125,-0.37109375,-0.41015625
18897,1.298828125,1.025390625,-0.224609375,-0.46875
18898,1.337890625,1.142578125,-0.25390625,-0.400390625
18899,1.279296875,1.298828125,-0.3515625,-0.302734375
18900,1.19140625,1.09375,-0.244140625,-0.361328125
18901,1.328125,1.2109375,-0.3515625,-0.400390625
18902,1.298828125,1.201171875,-0.263671875,-0.439453125
18903,1.279296875,1.09375,-0.244140625,-0.21484375
18904,1.2890625,1.1328125,0,-0.341796875
18905,1.2890625,1.23046875,-0.146484375,-0.263671875
18906,1.240234375,1.09375,-0.21484375,-0.37109375
18907,1.3671875,1.15234375,-0.21484375,-0.400390625
18908,1.23046875,0.791015625,-0.3125,-0.33203125
18909,1.181640625,1.0546875,-0.263671875,-0.439453125
18910,1.318359375,1.162109375,-0.244140625,-0.380859375
18911,1.298828125,1.07421875,-0.146484375,-0.302734375
18912,1.4453125,1.123046875,-0.185546875,-0.44921875
18913,1.3671875,1.0546875,-0.224609375,-0.390625
18914,1.396484375,1.240234375,-0.107421875,-0.439453125
18915,1.23046875,1.1328125,-0.2734375,-0.400390625
18916,1.2109375,1.064453125,-0.25390625,-0.380859375
18917,1.396484375,1.259765625,-0.283203125,-0.3515625
18918,1.2890625,1.171875,-0.15625,-0.400390625
18919,1.3671875,1.142578125,-0.25390625,-0.41015625
18920,1.34765625,1.259765625,-0.17578125,-0.3125
18921,1.318359375,1.1328125,-0.21484375,-0.33203125
18922,1.279296875,1.201171875,-0.224609375,-0.37109375
18923,1.298828125,1.201171875,-0.068359375,-0.380859375
18924,1.30859375,1.1328125,-0.234375,-0.263671875
18925,1.240234375,1.142578125,-0.21484375,-0.37109375
18926,1.240234375,0.947265625,-0.322265625,-0.361328125
18927,1.2109375,1.181640625,-0.234375,-0.390625
18928,1.279296875,1.15234375,-0.205078125,-0.3515625
18929,1.30859375,1.201171875,-0.21484375,-0.419921875
18930,1.240234375,1.123046875,-0.13671875,-0.537109375
18931,1.259765625,1.162109375,-0.244140625,-0.361328125
18932,1.259765625,1.142578125,-0.25390625,-0.390625
18933,1.26953125,1.1328125,-0.224609375,-0.400390625
18934,1.23046875,1.171875,-0.17578125,-0.322265625
18935,1.240234375,1.09375,-0.234375,-0.419921875
18936,1.2890625,1.23046875,-0.2734375,-0.341796875
18937,1.337890625,1.171875,-0.29296875,-0.390625
18938,1.318359375,1.1328125,-0.244140625,-0.37109375
18939,1.240234375,1.09375,-0.17578125,-0.341796875
18940,1.2890625,1.15234375,-0.244140625,-0.3515625
18941,1.279296875,1.23046875,-0.185546875,-0.341796875
18942,1.328125,1.103515625,-0.244140625,-0.25390625
18943,1.40625,1.083984375,-0.263671875,-0.361328125
18944,1.240234375,1.1328125,-0.146484375,-0.380859375
18945,1.298828125,1.103515625,-0.15625,-0.380859375
18946,1.3671875,1.103515625,-0.1953125,-0.341796875
18947,1.376953125,1.142578125,-0.21484375,-0.361328125
18948,1.26953125,1.123046875,-0.21484375,-0.400390625
18949,1.3671875,1.123046875,-0.21484375,-0.41015625
18950,1.328125,1.123046875,-0.3515625,-0.3515625
18951,1.201171875,1.07421875,-0.244140625,-0.361328125
18952,1.220703125,1.11328125,-0.21484375,-0.322265625
18953,1.298828125,1.09375,-0.05859375,-0.3515625
18954,1.25,1.220703125,-0.263671875,-0.44921875
18955,1.2890625,1.103515625,-0.244140625,-0.29296875
18956,1.337890625,0.986328125,-0.15625,-0.400390625
18957,1.240234375,1.11328125,-0.185546875,-0.322265625
18958,1.220703125,1.103515625,-0.283203125,-0.439453125
18959,1.171875,0.9375,-0.185546875,-0.400390625
18960,1.220703125,1.005859375,-0.33203125,-0.439453125
18961,1.279296875,1.09375,-0.302734375,-0.48828125
18962,1.23046875,1.11328125,-0.126953125,-0.44921875
18963,1.240234375,1.064453125,-0.29296875,-0.33203125
18964,1.25,1.0546875,-0.17578125,-0.380859375
18965,1.23046875,1.0546875,-0.25390625,-0.380859375
18966,1.220703125,1.044921875,-0.146484375,-0.234375
18967,1.220703125,1.015625,-0.224609375,-0.3515625
18968,1.142578125,1.09375,-0.078125,-0.361328125
18969,1.19140625,1.025390625,-0.17578125,-0.29296875
18970,1.25,0.986328125,-0.15625,-0.361328125
18971,1.1328125,0.8984375,-0.205078125,-0.3515625
18972,1.2109375,1.19140625,-0.146484375,-0.3515625
18973,1.220703125,1.064453125,-0.1953125,-0.302734375
18974,1.142578125,1.03515625,-0.166015625,-0.37109375
18975,1.19140625,0.99609375,-0.13671875,-0.361328125
18976,1.15234375,1.044921875,-0.21484375,-0.3125
18977,1.201171875,1.07421875,-0.087890625,-0.3515625
18978,1.19140625,1.044921875,-0.15625,-0.29296875
18979,1.220703125,1.064453125,-0.302734375,-0.37109375
18980,1.38671875,1.123046875,-0.17578125,-0.3125
18981,1.2109375,1.0546875,-0.283203125,-0.361328125
18982,1.25,1.064453125,-0.205078125,-0.13671875
18983,1.240234375,1.09375,-0.1953125,-0.341796875
18984,1.220703125,0.95703125,-0.205078125,-0.3515625
18985,1.142578125,1.0546875,-0.21484375,-0.361328125
18986,1.23046875,0.91796875,-0.224609375,-0.341796875
18987,1.34765625,1.142578125,-0.380859375,-0.29296875
18988,1.23046875,1.07421875,-0.244140625,-0.4296875
18989,1.240234375,1.09375,-0.21484375,-0.37109375
18990,1.337890625,1.07421875,-0.380859375,-0.400390625
18991,1.201171875,1.064453125,-0.3125,-0.390625
18992,1.123046875,1.064453125,-0.29296875,-0.3125
18993,1.25,1.03515625,-0.166015625,-0.361328125
18994,1.2109375,1.083984375,-0.224609375,-0.302734375
18995,1.181640625,1.044921875,-0.25390625,-0.361328125
18996,1.2109375,1.064453125,-0.13671875,-0.244140625
18997,1.181640625,1.07421875,-0.234375,-0.458984375
18998,1.279296875,1.09375,-0.234375,-0.302734375
18999,1.279296875,1.0546875,-0.419921875,-0.3515625
19000,1.201171875,1.015625,-0.15625,-0.263671875
19001,1.15234375,1.123046875,-0.166015625,-0.322265625
19002,1.181640625,1.15234375,-0.21484375,-0.361328125
19003,1.201171875,0.9765625,-0.205078125,-0.41015625
19004,1.171875,1.03515625,-0.21484375,-0.283203125
19005,1.123046875,1.09375,-0.1953125,-0.244140625
19006,1.201171875,1.025390625,-0.234375,-0.302734375
19007,1.259765625,1.11328125,-0.17578125,-0.25390625
19008,1.328125,1.142578125,-0.244140625,-0.234375
19009,1.259765625,1.064453125,-0.263671875,-0.380859375
19010,1.279296875,1.171875,-0.1953125,-0.341796875
19011,1.279296875,1.025390625,-0.126953125,-0.3515625
19012,1.240234375,1.162109375,-0.13671875,-0.185546875
19013,1.30859375,1.083984375,-0.185546875,-0.44921875
19014,1.328125,0.9375,-0.341796875,-0.302734375
19015,1.259765625,1.1328125,-0.3125,-0.224609375
19016,1.23046875,1.1328125,-0.322265625,-0.322265625
19017,1.279296875,1.07421875,-0.25390625,-0.263671875
19018,1.25,1.15234375,-0.283203125,-0.234375
19019,1.279296875,1.083984375,-0.224609375,-0.361328125
19020,1.181640625,1.259765625,-0.341796875,-0.2734375
19021,1.171875,1.103515625,-0.3515625,-0.283203125
19022,1.26953125,1.1328125,-0.3125,-0.185546875
19023,1.03515625,1.162109375,-0.13671875,-0.244140625
19024,1.171875,1.11328125,-0.185546875,-0.126953125
19025,1.2890625,1.09375,-0.25390625,-0.29296875
19026,1.240234375,1.015625,-0.302734375,-0.302734375
19027,1.23046875,1.025390625,-0.3515625,-0.33203125
19028,1.220703125,1.083984375,-0.25390625,-0.283203125
19029,1.171875,1.181640625,-0.224609375,-0.283203125
19030,1.2109375,1.0546875,-0.17578125,-0.25390625
19031,1.259765625,1.123046875,-0.33203125,-0.33203125
19032,1.220703125,1.044921875,-0.322265625,-0.3515625
19033,1.220703125,1.123046875,-0.263671875,-0.2734375
19034,1.220703125,1.064453125,-0.21484375,-0.283203125
19035,1.34765625,1.09375,-0.224609375,-0.244140625
19036,1.279296875,1.142578125,-0.263671875,-0.29296875
19037,1.240234375,1.03515625,-0.283203125,-0.3515625
19038,1.0546875,0.9765625,-0.25390625,-0.224609375
19039,1.19140625,0.908203125,-0.234375,-0.25390625
19040,1.201171875,1.083984375,-0.25390625,-0.400390625
19041,1.103515625,1.07421875,-0.498046875,-0.283203125
19042,1.220703125,1.005859375,-0.5078125,-0.263671875
19043,1.181640625,0.99609375,-0.380859375,-0.29296875
19044,1.123046875,1.015625,-0.380859375,-0.283203125
19045,1.279296875,1.201171875,-0.4296875,-0.244140625
19046,1.142578125,1.044921875,-0.3515625,-0.3125
19047,1.15234375,1.07421875,-0.400390625,-0.2734375
19048,1.25,1.142578125,-0.361328125,-0.185546875
19049,1.259765625,1.09375,-0.41015625,-0.224609375
19050,1.240234375,1.064453125,-0.41015625,-0.1953125
19051,1.220703125,1.025390625,-0.29296875,-0.244140625
19052,1.1328125,1.09375,-0.400390625,-0.263671875
19053,1.142578125,1.123046875,-0.4296875,-0.224609375
19054,1.142578125,1.103515625,-0.33203125,-0.15625
19055,1.162109375,1.083984375,-0.13671875,-0.1953125
19056,1.19140625,1.15234375,-0.29296875,-0.244140625
19057,1.15234375,1.083984375,-0.498046875,-0.25390625
19058,1.201171875,1.07421875,-0.2734375,0.029296875
19059,1.103515625,1.083984375,-0.322265625,-0.17578125
19060,1.171875,1.025390625,-0.244140625,-0.224609375
19061,1.23046875,1.15234375,-0.2734375,-0.126953125
19062,1.2109375,1.171875,-0.25390625,-0.25390625
19063,1.171875,1.083984375,-0.3515625,-0.3125
19064,1.19140625,0.78125,-0.341796875,-0.283203125
19065,1.11328125,1.044921875,-0.3515625,-0.15625
19066,1.19140625,1.083984375,-0.341796875,-0.25390625
19067,1.201171875,1.064453125,-0.41015625,-0.400390625
19068,1.1328125,1.064453125,-0.380859375,-0.29296875
19069,1.201171875,1.025390625,-0.302734375,-0.25390625
19070,1.220703125,0.869140625,-0.361328125,-0.1953125
19071,1.34765625,1.083984375,-0.283203125,-0.263671875
19072,1.171875,1.03515625,-0.283203125,-0.224609375
19073,1.2109375,1.181640625,-0.283203125,-0.33203125
19074,1.259765625,1.103515625,-0.29296875,-0.25390625
19075,1.171875,1.0546875,-0.341796875,-0.302734375
19076,1.19140625,1.11328125,-0.244140625,-0.400390625
19077,1.25,1.09375,-0.2734375,-0.29296875
19078,1.15234375,1.201171875,-0.439453125,-0.234375
19079,1.30859375,0.849609375,-0.283203125,-0.29296875
19080,1.298828125,1.044921875,-0.2734375,-0.25390625
19081,1.025390625,1.201171875,-0.419921875,-0.390625
19082,1.2109375,1.11328125,-0.25390625,-0.37109375
19083,1.26953125,1.09375,-0.25390625,-0.029296875
19084,1.123046875,0.966796875,-0.224609375,-0.263671875
19085,1.23046875,1.03515625,-0.33203125,-0.29296875
19086,1.2109375,1.0546875,-0.3125,-0.380859375
19087,1.162109375,0.888671875,-0.283203125,-0.263671875
19088,1.240234375,1.044921875,-0.2734375,-0.302734375
19089,1.19140625,1.03515625,-0.25390625,-0.2734375
19090,1.298828125,1.142578125,-0.37109375,-0.244140625
19091,1.220703125,1.083984375,-0.263671875,-0.205078125
19092,1.259765625,1.142578125,-0.29296875,-0.2734375
19093,1.19140625,1.09375,-0.234375,-0.3125
19094,1.220703125,1.1328125,-0.283203125,-0.302734375
19095,1.259765625,1.1328125,-0.283203125,-0.478515625
19096,1.201171875,1.07421875,-0.3125,-0.2734375
19097,1.23046875,1.03515625,-0.41015625,-0.234375
19098,1.259765625,1.15234375,-0.3125,-0.37109375
19099,1.357421875,1.0546875,-0.29296875,-0.263671875
19100,1.240234375,1.15234375,-0.126953125,-0.263671875
19101,1.259765625,1.044921875,-0.33203125,-0.244140625
19102,1.2109375,1.201171875,-0.263671875,-0.29296875
19103,1.259765625,1.171875,-0.29296875,-0.2734375
19104,1.259765625,1.171875,-0.29296875,-0.419921875
19105,1.298828125,1.07421875,-0.302734375,-0.244140625
19106,1.2890625,1.2109375,-0.361328125,-0.224609375
19107,1.23046875,1.064453125,-0.2734375,-0.3125
19108,1.240234375,1.03515625,-0.341796875,-0.263671875
19109,1.220703125,1.123046875,-0.33203125,-0.234375
19110,1.337890625,1.07421875,-0.322265625,-0.3125
19111,1.30859375,1.123046875,-0.2734375,-0.2734375
19112,1.259765625,1.103515625,-0.3515625,-0.185546875
19113,1.259765625,1.123046875,-0.322265625,-0.1953125
19114,1.376953125,1.162109375,-0.25390625,-0.244140625
19115,1.3671875,1.240234375,-0.322265625,-0.205078125
19116,1.2109375,1.005859375,-0.322265625,-0.29296875
19117,1.09375,1.064453125,-0.302734375,-0.1171875
19118,1.2109375,0.91796875,-0.17578125,-0.283203125
19119,1.23046875,1.11328125,-0.3515625,-0.33203125
19120,1.240234375,1.11328125,-0.244140625,-0.33203125
19121,1.09375,1.23046875,-0.078125,-0.2734375
19122,1.1328125,1.171875,-0.283203125,-0.283203125
19123,1.2109375,1.11328125,-0.263671875,-0.3125
19124,1.19140625,1.09375,-0.17578125,-0.29296875
19125,1.240234375,1.142578125,-0.29296875,-0.390625
19126,1.044921875,1.1328125,-0.244140625,-0.400390625
19127,1.15234375,1.259765625,-0.224609375,-0.361328125
19128,1.240234375,1.11328125,-0.2734375,-0.166015625
19129,1.25,1.1328125,-0.283203125,-0.29296875
19130,1.26953125,1.103515625,-0.21484375,-0.283203125
19131,1.318359375,0.986328125,-0.322265625,-0.5078125
19132,1.26953125,1.15234375,-0.2734375,-0.322265625
19133,1.279296875,1.171875,-0.166015625,-0.244140625
19134,1.26953125,1.1328125,-0.234375,-0.234375
19135,1.19140625,1.07421875,-0.2734375,-0.44921875
19136,1.30859375,0.947265625,-0.302734375,-0.37109375
19137,1.2890625,1.0546875,-0.322265625,-0.419921875
19138,1.337890625,1.03515625,-0.322265625,-0.2734375
19139,1.26953125,1.005859375,-0.361328125,-0.283203125
19140,1.2109375,1.064453125,-0.25390625,-0.224609375
19141,1.259765625,1.181640625,-0.283203125,-0.380859375
19142,1.38671875,1.015625,-0.302734375,-0.322265625
19143,1.26953125,1.064453125,-0.322265625,-0.322265625
19144,1.220703125,1.07421875,-0.2734375,-0.302734375
19145,1.23046875,1.083984375,-0.185546875,-0.2734375
19146,1.23046875,0.9765625,-0.41015625,-0.21484375
19147,1.19140625,1.07421875,-0.29296875,-0.3125
19148,1.0546875,1.083984375,-0.263671875,-0.244140625
19149,1.220703125,1.23046875,-0.17578125,-0.2734375
19150,1.2890625,1.171875,-0.390625,-0.205078125
19151,1.279296875,1.171875,-0.322265625,-0.25390625
19152,1.318359375,1.181640625,-0.3125,-0.302734375
19153,1.181640625,1.123046875,-0.29296875,-0.439453125
19154,1.279296875,1.2109375,-0.25390625,-0.29296875
19155,1.201171875,1.240234375,-0.21484375,-0.37109375
19156,1.23046875,1.15234375,-0.33203125,-0.48828125
19157,1.181640625,1.19140625,-0.263671875,-0.2734375
19158,1.259765625,1.30859375,-0.380859375,-0.29296875
19159,1.298828125,1.2109375,-0.283203125,-0.37109375
19160,1.318359375,1.171875,-0.17578125,-0.341796875
19161,1.298828125,1.15234375,-0.244140625,-0.244140625
19162,1.142578125,1.09375,-0.263671875,-0.400390625
19163,1.318359375,1.1328125,-0.302734375,-0.29296875
19164,1.220703125,1.15234375,-0.21484375,-0.29296875
19165,1.26953125,1.123046875,-0.224609375,-0.3125
19166,1.142578125,1.142578125,-0.3125,-0.234375
19167,1.2109375,1.103515625,-0.37109375,-0.341796875
19168,1.26953125,1.11328125,-0.3125,-0.0390625
19169,1.181640625,1.171875,-0.302734375,-0.302734375
19170,1.201171875,1.259765625,-0.322265625,-0.25390625
19171,1.25,1.103515625,-0.302734375,-0.322265625
19172,1.181640625,1.083984375,-0.2734375,-0.283203125
19173,1.23046875,1.07421875,-0.234375,-0.3125
19174,1.171875,1.1328125,-0.302734375,-0.17578125
19175,1.1328125,1.19140625,-0.380859375,-0.400390625
19176,1.259765625,1.2109375,-0.263671875,-0.380859375
19177,1.171875,1.2109375,-0.341796875,-0.5078125
19178,1.181640625,1.171875,-0.283203125,-0.400390625
19179,1.162109375,1.26953125,-0.2734375,-0.380859375
19180,1.15234375,1.435546875,-0.244140625,-0.60546875
19181,1.2890625,1.2109375,-0.263671875,-0.419921875
19182,1.201171875,1.07421875,-0.234375,-0.44921875
19183,1.240234375,1.318359375,-0.25390625,-0.29296875
19184,1.220703125,1.162109375,-0.283203125,-0.341796875
19185,1.181640625,1.26953125,-0.361328125,-0.439453125
19186,1.23046875,1.1328125,-0.29296875,-0.41015625
19187,1.240234375,1.15234375,-0.302734375,-0.3125
19188,1.25,1.103515625,-0.205078125,-0.400390625
19189,1.23046875,1.25,-0.3125,-0.205078125
19190,1.279296875,1.201171875,-0.302734375,-0.205078125
19191,1.2109375,1.083984375,-0.263671875,-0.37109375
19192,1.19140625,1.298828125,-0.283203125,-0.205078125
19193,1.25,1.142578125,-0.25390625,-0.341796875
19194,1.2890625,1.318359375,-0.37109375,-0.37109375
19195,1.23046875,1.19140625,-0.33203125,-0.4296875
19196,1.2109375,1.201171875,-0.244140625,-0.234375
19197,1.123046875,1.2890625,-0.17578125,-0.361328125
19198,1.171875,1.171875,-0.3125,-0.302734375
19199,1.318359375,1.162109375,-0.234375,-0.302734375
19200,1.259765625,1.11328125,-0.25390625,-0.419921875
19201,1.26953125,1.181640625,-0.322265625,-0.41015625
19202,1.201171875,1.220703125,-0.2734375,-0.33203125
19203,1.279296875,1.03515625,-0.1953125,-0.390625
19204,1.240234375,1.337890625,-0.25390625,-0.46875
19205,1.15234375,1.259765625,-0.234375,-0.361328125
19206,1.201171875,1.2109375,-0.37109375,-0.390625
19207,1.201171875,1.357421875,-0.2734375,-0.380859375
19208,1.181640625,1.162109375,-0.224609375,-0.400390625
19209,1.26953125,1.23046875,-0.29296875,-0.3125
19210,1.240234375,1.4453125,-0.126953125,-0.3515625
19211,1.23046875,1.171875,-0.234375,-0.400390625
19212,1.26953125,1.220703125,-0.205078125,-0.37109375
19213,1.171875,1.240234375,-0.302734375,-0.439453125
19214,1.171875,1.23046875,-0.302734375,-0.107421875
19215,1.318359375,1.181640625,-0.322265625,-0.390625
19216,1.25,1.15234375,-0.283203125,-0.390625
19217,1.181640625,1.25,-0.302734375,-0.263671875
19218,1.181640625,1.162109375,-0.224609375,-0.361328125
19219,1.328125,1.181640625,-0.33203125,-0.390625
19220,1.30859375,1.15234375,-0.205078125,-0.3515625
19221,1.240234375,1.123046875,-0.17578125,-0.341796875
19222,1.26953125,1.15234375,-0.244140625,-0.361328125
19223,1.25,1.181640625,-0.283203125,-0.390625
19224,1.38671875,1.15234375,-0.302734375,-0.380859375
19225,1.26953125,1.07421875,-0.341796875,-0.33203125
19226,1.23046875,1.15234375,-0.263671875,-0.3515625
19227,1.25,1.2109375,-0.25390625,-0.361328125
19228,1.318359375,1.181640625,-0.302734375,-0.341796875
19229,1.15234375,1.103515625,-0.3125,-0.380859375
19230,1.15234375,1.162109375,-0.224609375,-0.419921875
19231,1.103515625,1.19140625,-0.3125,-0.498046875
19232,1.171875,1.2109375,-0.302734375,-0.4296875
19233,1.19140625,1.162109375,-0.2734375,-0.4296875
19234,1.30859375,1.15234375,-0.224609375,-0.44921875
19235,1.181640625,1.162109375,-0.21484375,-0.41015625
19236,1.2890625,1.171875,-0.224609375,-0.439453125
19237,1.2109375,1.142578125,-0.244140625,-0.341796875
19238,1.220703125,1.025390625,-0.29296875,-0.322265625
19239,1.240234375,1.1328125,-0.263671875,-0.419921875
19240,1.26953125,1.162109375,-0.33203125,-0.361328125
19241,1.220703125,1.162109375,-0.25390625,-0.439453125
19242,1.25,1.1328125,-0.2734375,-0.4296875
19243,1.201171875,1.2109375,-0.341796875,-0.400390625
19244,1.279296875,1.15234375,-0.3515625,-0.498046875
19245,1.298828125,1.083984375,-0.234375,-0.44921875
19246,1.220703125,1.25,-0.283203125,-0.3515625
19247,1.220703125,1.19140625,-0.1953125,-0.37109375
19248,1.3671875,1.11328125,-0.244140625,-0.458984375
19249,1.318359375,1.220703125,-0.3125,-0.37109375
19250,1.23046875,1.240234375,-0.185546875,-0.44921875
19251,1.123046875,1.15234375,-0.234375,-0.390625
19252,1.181640625,1.025390625,-0.13671875,-0.361328125
19253,1.2109375,1.123046875,-0.21484375,-0.615234375
19254,1.15234375,1.142578125,-0.244140625,-0.634765625
19255,1.220703125,1.103515625,-0.185546875,-0.390625
19256,1.240234375,1.1328125,-0.25390625,-0.537109375
19257,1.0546875,1.142578125,-0.29296875,-0.52734375
19258,1.23046875,1.1328125,-0.224609375,-0.419921875
19259,1.26953125,1.103515625,-0.2734375,-0.48828125
19260,1.259765625,1.142578125,-0.21484375,-0.44921875
19261,1.298828125,1.005859375,-0.205078125,-0.4296875
19262,1.2109375,1.181640625,-0.234375,-0.322265625
19263,1.23046875,1.083984375,-0.263671875,-0.556640625
19264,1.201171875,1.123046875,-0.263671875,-0.400390625
19265,1.201171875,1.142578125,-0.263671875,-0.41015625
19266,1.328125,1.142578125,-0.283203125,-0.380859375
19267,1.2890625,1.103515625,-0.1953125,-0.439453125
19268,1.2109375,1.318359375,-0.224609375,-0.361328125
19269,1.328125,1.103515625,-0.205078125,-0.322265625
19270,1.103515625,1.03515625,-0.21484375,-0.41015625
19271,1.181640625,1.240234375,-0.087890625,-0.3125
19272,1.26953125,1.11328125,-0.1953125,-0.341796875
19273,1.25,1.09375,-0.361328125,-0.37109375
19274,1.26953125,1.083984375,-0.2734375,-0.29296875
19275,1.171875,1.142578125,-0.2734375,-0.390625
19276,1.142578125,1.123046875,-0.341796875,-0.41015625
19277,1.220703125,1.0546875,-0.21484375,-0.419921875
19278,1.220703125,1.142578125,-0.2734375,-0.302734375
19279,1.123046875,1.07421875,-0.263671875,-0.390625
19280,1.162109375,1.11328125,-0.205078125,-0.390625
19281,1.162109375,1.064453125,-0.263671875,-0.33203125
19282,0.966796875,1.19140625,-0.322265625,-0.390625
19283,1.19140625,1.09375,-0.2734375,-0.41015625
19284,1.15234375,1.064453125,-0.283203125,-0.390625
19285,1.07421875,1.083984375,-0.302734375,-0.458984375
19286,1.1328125,1.15234375,-0.234375,-0.390625
19287,1.142578125,1.11328125,-0.205078125,-0.3125
19288,1.1328125,1.083984375,-0.244140625,-0.37109375
19289,1.142578125,1.083984375,-0.322265625,-0.3515625
19290,1.181640625,1.123046875,-0.283203125,-0.400390625
19291,1.09375,1.162109375,-0.25390625,-0.37109375
19292,1.220703125,0.947265625,-0.29296875,-0.2734375
19293,1.1328125,1.09375,-0.205078125,-0.400390625
19294,1.064453125,1.083984375,-0.1953125,-0.419921875
19295,1.11328125,1.201171875,-0.048828125,-0.4296875
19296,1.083984375,1.123046875,-0.302734375,-0.400390625
19297,1.103515625,1.123046875,-0.21484375,-0.390625
19298,1.240234375,1.181640625,-0.185546875,-0.390625
19299,1.220703125,1.19140625,-0.33203125,-0.439453125
19300,1.1328125,1.162109375,-0.224609375,-0.419921875
19301,1.162109375,1.337890625,-0.29296875,-0.33203125
19302,1.220703125,1.025390625,-0.126953125,-0.52734375
19303,1.259765625,1.083984375,-0.15625,-0.380859375
19304,1.19140625,1.15234375,-0.263671875,-0.439453125
19305,1.240234375,1.19140625,-0.224609375,-0.44921875
19306,1.25,1.142578125,-0.263671875,-0.37109375
19307,1.259765625,1.23046875,-0.29296875,-0.44921875
19308,1.25,1.30859375,-0.3125,-0.4296875
19309,1.240234375,1.15234375,-0.263671875,-0.4296875
19310,1.19140625,1.181640625,-0.3125,-0.390625
19311,1.23046875,1.162109375,-0.224609375,-0.3515625
19312,1.25,1.1328125,-0.33203125,-0.380859375
19313,1.171875,1.220703125,-0.380859375,-0.400390625
19314,1.181640625,1.1328125,-0.25390625,-0.302734375
19315,1.396484375,1.162109375,-0.25390625,-0.380859375
19316,1.07421875,1.15234375,-0.322265625,-0.361328125
19317,1.2109375,1.162109375,-0.3515625,-0.3125
19318,1.123046875,1.09375,-0.234375,-0.17578125
19319,1.259765625,1.171875,-0.3515625,-0.341796875
19320,1.259765625,1.162109375,-0.146484375,-0.4296875
19321,1.337890625,1.1328125,-0.21484375,-0.498046875
19322,1.26953125,1.240234375,-0.205078125,-0.341796875
19323,1.23046875,1.103515625,-0.29296875,-0.17578125
19324,1.30859375,1.103515625,-0.17578125,-0.341796875
19325,1.181640625,1.103515625,-0.205078125,-0.33203125
19326,1.23046875,0.771484375,-0.33203125,-0.3125
19327,1.357421875,1.1328125,-0.341796875,-0.37109375
19328,1.1328125,0.859375,-0.302734375,-0.380859375
19329,1.279296875,1.240234375,-0.166015625,-0.361328125
19330,1.328125,1.142578125,-0.2734375,-0.29296875
19331,1.09375,1.240234375,-0.263671875,-0.380859375
19332,1.240234375,0.927734375,-0.1171875,-0.3125
19333,1.328125,1.07421875,-0.224609375,-0.3125
19334,1.23046875,1.123046875,-0.2734375,-0.33203125
19335,1.298828125,1.142578125,-0.185546875,-0.3125
19336,1.2109375,1.123046875,-0.224609375,-0.17578125
19337,1.26953125,1.171875,-0.302734375,-0.361328125
19338,1.2890625,1.142578125,-0.263671875,-0.341796875
19339,1.23046875,1.1328125,-0.224609375,-0.3515625
19340,1.2109375,1.171875,-0.205078125,-0.4296875
19341,1.259765625,1.07421875,-0.2734375,-0.419921875
19342,1.220703125,1.083984375,-0.234375,-0.361328125
19343,1.279296875,1.0546875,-0.166015625,-0.3515625
19344,1.201171875,1.083984375,-0.17578125,-0.3515625
19345,1.23046875,1.142578125,-0.205078125,-0.361328125
19346,1.15234375,1.240234375,-0.166015625,-0.458984375
19347,1.23046875,1.015625,-0.302734375,-0.3515625
19348,1.19140625,1.162109375,-0.244140625,-0.33203125
19349,1.1328125,1.162109375,-0.224609375,-0.380859375
19350,1.279296875,1.162109375,-0.244140625,-0.390625
19351,1.2109375,1.103515625,-0.185546875,-0.33203125
19352,1.181640625,1.09375,-0.21484375,-0.361328125
19353,1.337890625,1.30859375,-0.25390625,-0.361328125
19354,1.279296875,1.11328125,-0.25390625,-0.3125
19355,1.2890625,1.142578125,-0.224609375,-0.3515625
19356,1.30859375,1.26953125,-0.185546875,-0.4296875
19357,1.298828125,1.19140625,-0.21484375,-0.302734375
19358,1.15234375,1.171875,-0.283203125,-0.3125
19359,1.337890625,1.162109375,-0.3515625,-0.380859375
19360,1.2890625,1.171875,-0.185546875,-0.4296875
19361,1.376953125,1.11328125,-0.1953125,-0.41015625
19362,1.328125,1.15234375,-0.224609375,-0.4296875
19363,1.2890625,1.142578125,-0.17578125,-0.41015625
19364,1.435546875,1.162109375,-0.302734375,-0.595703125
19365,1.2109375,1.0546875,-0.17578125,-0.361328125
19366,1.30859375,1.083984375,-0.21484375,-0.21484375
19367,1.201171875,1.123046875,-0.15625,-0.3125
19368,1.26953125,1.044921875,-0.33203125,-0.322265625
19369,1.23046875,1.38671875,-0.185546875,-0.41015625
19370,1.298828125,1.11328125,-0.21484375,-0.37109375
19371,1.220703125,1.40625,-0.185546875,-0.3515625
19372,1.220703125,1.064453125,-0.29296875,-0.44921875
19373,1.142578125,1.11328125,-0.15625,-0.283203125
19374,1.103515625,1.23046875,-0.263671875,-0.517578125
19375,1.25,1.044921875,-0.224609375,-0.33203125
19376,1.376953125,1.09375,-0.224609375,-0.419921875
19377,1.328125,1.2109375,-0.185546875,-0.37109375
19378,1.259765625,1.201171875,-0.205078125,-0.263671875
19379,1.240234375,1.11328125,-0.205078125,-0.1953125
19380,1.201171875,1.025390625,-0.13671875,-0.390625
19381,1.2109375,1.171875,-0.17578125,-0.263671875
19382,1.240234375,1.083984375,-0.205078125,-0.41015625
19383,1.181640625,1.11328125,-0.244140625,-0.390625
19384,1.240234375,1.318359375,-0.322265625,-0.48828125
19385,1.30859375,1.03515625,-0.15625,-0.21484375
19386,1.26953125,1.03515625,-0.3125,-0.478515625
19387,1.19140625,1.025390625,-0.21484375,-0.439453125
19388,1.2109375,1.103515625,-0.166015625,-0.390625
19389,1.26953125,1.103515625,-0.234375,-0.4296875
19390,1.26953125,1.09375,-0.166015625,-0.498046875
19391,1.259765625,1.1328125,-0.263671875,-0.341796875
19392,1.2109375,1.09375,-0.263671875,-0.390625
19393,1.240234375,0.99609375,-0.185546875,-0.322265625
19394,1.103515625,1.09375,-0.25390625,-0.5859375
19395,1.162109375,1.1328125,-0.1953125,-0.3515625
19396,1.171875,1.11328125,-0.126953125,-0.341796875
19397,1.181640625,1.142578125,-0.1953125,-0.21484375
19398,1.240234375,1.03515625,-0.17578125,-0.341796875
19399,1.220703125,1.064453125,-0.234375,-0.29296875
19400,1.2890625,1.103515625,-0.25390625,-0.322265625
19401,1.220703125,1.083984375,-0.185546875,-0.234375
19402,1.2109375,1.03515625,-0.234375,-0.33203125
19403,1.123046875,1.044921875,-0.302734375,-0.400390625
19404,1.162109375,1.11328125,-0.234375,-0.37109375
19405,1.162109375,1.2890625,-0.283203125,-0.37109375
19406,1.26953125,1.142578125,-0.1953125,-0.3125
19407,1.259765625,1.103515625,-0.25390625,-0.33203125
19408,1.23046875,1.005859375,-0.283203125,-0.322265625
19409,1.15234375,1.09375,-0.224609375,-0.185546875
19410,1.15234375,1.0546875,-0.302734375,-0.244140625
19411,1.11328125,1.103515625,-0.283203125,-0.37109375
19412,1.23046875,1.09375,-0.234375,-0.341796875
19413,1.2109375,1.083984375,-0.263671875,-0.33203125
19414,1.181640625,1.03515625,-0.09765625,-0.3125
19415,1.103515625,1.11328125,-0.263671875,-0.4296875
19416,1.103515625,1.07421875,-0.234375,-0.302734375
19417,1.162109375,1.142578125,-0.244140625,-0.3515625
19418,1.162109375,1.07421875,-0.234375,-0.283203125
19419,1.201171875,1.064453125,-0.283203125,-0.390625
19420,1.162109375,0.927734375,-0.17578125,-0.390625
19421,1.15234375,1.03515625,-0.25390625,-0.29296875
19422,1.064453125,1.015625,-0.166015625,-0.3125
19423,1.181640625,0.9765625,-0.400390625,-0.322265625
19424,1.2109375,1.181640625,-0.224609375,-0.37109375
19425,1.240234375,1.0546875,-0.341796875,-0.3125
19426,1.162109375,1.044921875,-0.283203125,-0.25390625
19427,1.181640625,1.083984375,-0.205078125,-0.3125
19428,1.11328125,1.064453125,-0.244140625,-0.322265625
19429,1.15234375,1.181640625,-0.0390625,-0.302734375
19430,1.171875,1.142578125,-0.25390625,-0.302734375
19431,1.07421875,1.064453125,-0.205078125,-0.41015625
19432,1.26953125,0.99609375,-0.1171875,-0.3125
19433,1.123046875,0.986328125,-0.166015625,-0.283203125
19434,1.19140625,1.083984375,-0.205078125,-0.263671875
19435,1.2109375,1.1328125,-0.166015625,-0.380859375
19436,1.26953125,1.044921875,-0.166015625,-0.224609375
19437,1.2109375,1.09375,-0.244140625,-0.4296875
19438,1.2890625,1.1328125,-0.0390625,-0.341796875
19439,1.26953125,0.95703125,-0.3125,-0.2734375
19440,1.240234375,1.064453125,-0.224609375,-0.44921875
19441,1.435546875,0.9765625,-0.15625,-0.263671875
19442,1.25,1.083984375,-0.263671875,-0.48828125
19443,1.181640625,1.083984375,-0.17578125,-0.390625
19444,1.171875,1.11328125,-0.17578125,-0.263671875
19445,1.376953125,1.19140625,-0.29296875,-0.3125
19446,1.2890625,1.015625,-0.33203125,-0.185546875
19447,1.171875,1.142578125,-0.33203125,-0.302734375
19448,1.240234375,0.927734375,-0.2734375,-0.283203125
19449,1.279296875,1.103515625,-0.25390625,-0.263671875
19450,1.25,1.171875,-0.2734375,-0.302734375
19451,1.15234375,1.083984375,-0.322265625,-0.29296875
19452,1.201171875,1.1328125,-0.234375,-0.322265625
19453,1.11328125,1.07421875,-0.283203125,-0.25390625
19454,1.171875,1.11328125,-0.25390625,-0.25390625
19455,1.240234375,1.11328125,-0.17578125,-0.283203125
19456,1.259765625,1.11328125,-0.322265625,-0.37109375
19457,1.123046875,1.162109375,-0.224609375,-0.21484375
19458,1.23046875,1.142578125,-0.21484375,-0.2734375
19459,1.240234375,1.171875,-0.205078125,-0.283203125
19460,1.19140625,1.064453125,-0.224609375,-0.185546875
19461,1.162109375,1.064453125,-0.2734375,-0.380859375
19462,1.23046875,1.2109375,-0.322265625,-0.283203125
19463,1.201171875,1.0546875,-0.263671875,-0.2734375
19464,1.25,1.1328125,-0.234375,-0.21484375
19465,1.171875,1.09375,-0.283203125,-0.29296875
19466,1.26953125,1.34765625,-0.234375,-0.1953125
19467,1.220703125,1.103515625,-0.361328125,-0.2734375
19468,1.142578125,1.09375,-0.25390625,-0.2734375
19469,1.19140625,1.11328125,-0.29296875,-0.244140625
19470,1.201171875,1.083984375,-0.302734375,-0.390625
19471,1.15234375,1.09375,-0.234375,-0.166015625
19472,1.171875,1.181640625,-0.21484375,-0.17578125
19473,1.201171875,1.064453125,-0.439453125,-0.21484375
19474,1.15234375,1.103515625,-0.37109375,-0.205078125
19475,1.19140625,0.91796875,-0.44921875,-0.3125
19476,1.19140625,1.0546875,-0.390625,-0.263671875
19477,1.142578125,1.015625,-0.341796875,-0.283203125
19478,1.25,1.181640625,-0.380859375,-0.185546875
19479,1.2109375,1.005859375,-0.380859375,-0.322265625
19480,1.259765625,1.09375,-0.439453125,-0.2734375
19481,1.23046875,1.123046875,-0.25390625,-0.244140625
19482,1.2109375,1.103515625,-0.380859375,-0.29296875
19483,1.162109375,1.142578125,-0.419921875,-0.244140625
19484,1.240234375,1.171875,-0.400390625,-0.1953125
19485,1.19140625,1.123046875,-0.322265625,-0.166015625
19486,1.220703125,1.103515625,-0.37109375,-0.15625
19487,1.123046875,1.064453125,-0.322265625,-0.185546875
19488,1.15234375,1.09375,-0.419921875,-0.244140625
19489,1.123046875,1.044921875,-0.361328125,-0.185546875
19490,1.142578125,1.201171875,-0.263671875,-0.244140625
19491,1.25,0.986328125,-0.4296875,-0.126953125
19492,1.19140625,1.11328125,-0.380859375,-0.244140625
19493,1.162109375,0.99609375,-0.283203125,-0.21484375
19494,1.171875,1.142578125,-0.3515625,-0.52734375
19495,1.240234375,1.083984375,-0.322265625,-0.3125
19496,1.11328125,1.171875,-0.1953125,-0.25390625
19497,1.171875,1.0546875,-0.390625,-0.15625
19498,1.240234375,1.07421875,-0.302734375,-0.478515625
19499,1.25,1.142578125,-0.205078125,-0.25390625
19500,1.2109375,1.083984375,-0.302734375,-0.33203125
19501,1.171875,1.103515625,-0.2734375,-0.244140625
19502,1.1328125,1.123046875,-0.21484375,-0.3125
19503,1.171875,1.220703125,-0.29296875,-0.302734375
19504,1.240234375,1.103515625,-0.322265625,-0.400390625
19505,0.9765625,1.09375,-0.185546875,-0.2734375
19506,1.23046875,1.09375,-0.234375,-0.1953125
19507,1.201171875,1.09375,-0.33203125,-0.224609375
19508,1.25,1.044921875,-0.25390625,-0.3125
19509,1.2109375,0.95703125,-0.13671875,-0.146484375
19510,1.171875,1.07421875,-0.263671875,-0.224609375
19511,1.2109375,1.09375,-0.234375,-0.224609375
19512,1.162109375,1.240234375,-0.419921875,-0.244140625
19513,1.240234375,1.09375,-0.234375,-0.078125
19514,1.240234375,1.11328125,-0.283203125,-0.1953125
19515,1.220703125,1.103515625,-0.107421875,-0.224609375
19516,1.25,1.064453125,-0.2734375,-0.302734375
19517,1.279296875,1.07421875,-0.263671875,-0.224609375
19518,1.25,0.9765625,-0.2734375,-0.21484375
19519,1.240234375,1.123046875,-0.283203125,-0.283203125
19520,1.298828125,1.07421875,-0.224609375,-0.1953125
19521,1.259765625,1.162109375,-0.205078125,-0.234375
19522,1.220703125,1.03515625,-0.234375,-0.244140625
19523,1.30859375,1.083984375,-0.3125,-0.341796875
19524,1.30859375,1.015625,-0.166015625,-0.2734375
19525,1.337890625,1.123046875,-0.25390625,-0.283203125
19526,1.30859375,1.181640625,-0.361328125,-0.283203125
19527,1.201171875,1.259765625,-0.107421875,-0.224609375
19528,1.328125,1.23046875,-0.302734375,-0.37109375
19529,1.220703125,1.142578125,-0.380859375,-0.2734375
19530,1.279296875,1.015625,-0.244140625,-0.234375
19531,1.337890625,1.201171875,-0.33203125,-0.2734375
19532,1.220703125,1.162109375,-0.400390625,-0.2734375
19533,1.181640625,1.09375,-0.2734375,-0.283203125
19534,1.26953125,1.201171875,-0.46875,-0.29296875
19535,1.376953125,1.15234375,-0.3515625,-0.283203125
19536,1.240234375,1.15234375,-0.498046875,-0.205078125
19537,1.25,1.03515625,-0.361328125,-0.2734375
19538,1.337890625,1.09375,-0.341796875,-0.33203125
19539,1.2890625,1.09375,-0.224609375,-0.1953125
19540,1.23046875,1.142578125,-0.419921875,-0.283203125
19541,1.40625,1.09375,-0.33203125,-0.146484375
19542,1.2890625,1.162109375,-0.380859375,-0.322265625
19543,1.279296875,1.201171875,-0.3515625,-0.341796875
19544,1.103515625,1.07421875,-0.33203125,-0.283203125
19545,1.25,1.0546875,-0.322265625,-0.302734375
19546,1.2109375,1.025390625,-0.37109375,-0.37109375
19547,1.2890625,1.103515625,-0.29296875,-0.3125
19548,1.298828125,1.07421875,-0.341796875,-0.234375
19549,1.19140625,1.318359375,-0.400390625,-0.3125
19550,1.201171875,1.103515625,-0.302734375,-0.3125
19551,1.25,1.162109375,-0.361328125,-0.25390625
19552,1.181640625,1.15234375,-0.283203125,-0.244140625
19553,1.30859375,1.162109375,-0.3125,-0.25390625
19554,1.25,1.181640625,-0.283203125,-0.29296875
19555,1.181640625,1.26953125,-0.087890625,-0.205078125
19556,1.005859375,1.171875,-0.205078125,-0.37109375
19557,1.19140625,1.1328125,-0.25390625,-0.2734375
19558,1.171875,1.23046875,-0.322265625,-0.166015625
19559,1.103515625,1.171875,-0.263671875,-0.341796875
19560,1.2890625,1.15234375,-0.234375,-0.2734375
19561,1.259765625,1.15234375,-0.29296875,-0.263671875
19562,1.328125,1.162109375,-0.2734375,-0.341796875
19563,1.46484375,1.19140625,-0.21484375,-0.322265625
19564,1.26953125,1.30859375,-0.205078125,-0.3515625
19565,1.1328125,1.15234375,-0.244140625,-0.380859375
19566,1.220703125,1.1328125,-0.29296875,-0.3125
19567,1.25,1.19140625,-0.263671875,-0.380859375
19568,1.298828125,1.142578125,-0.263671875,-0.2734375
19569,1.07421875,0.95703125,-0.234375,-0.2734375
19570,1.2109375,1.1328125,-0.37109375,-0.283203125
19571,1.220703125,1.11328125,-0.25390625,-0.3125
19572,1.162109375,1.025390625,-0.283203125,-0.2734375
19573,1.25,1.123046875,-0.2734375,-0.2734375
19574,1.318359375,1.15234375,-0.3515625,-0.29296875
19575,1.337890625,1.044921875,-0.419921875,-0.3515625
19576,1.30859375,1.0546875,-0.224609375,-0.263671875
19577,1.240234375,1.11328125,-0.087890625,-0.33203125
19578,1.259765625,1.1328125,-0.25390625,-0.283203125
19579,1.337890625,1.025390625,-0.234375,-0.341796875
19580,1.279296875,1.123046875,-0.33203125,-0.458984375
19581,1.2890625,1.23046875,-0.283203125,-0.33203125
19582,1.23046875,1.181640625,-0.361328125,-0.322265625
19583,1.298828125,1.2109375,-0.3125,-0.2734375
19584,1.2890625,1.30859375,-0.3515625,-0.33203125
19585,1.40625,1.220703125,-0.29296875,-0.25390625
19586,1.240234375,1.103515625,-0.263671875,-0.322265625
19587,1.38671875,1.279296875,-0.322265625,-0.302734375
19588,1.25,1.25,-0.283203125,-0.341796875
19589,1.201171875,1.142578125,-0.263671875,-0.29296875
19590,1.201171875,1.2109375,-0.322265625,-0.234375
19591,1.25,1.279296875,-0.21484375,-0.263671875
19592,1.220703125,1.2109375,-0.2734375,-0.29296875
19593,1.298828125,1.240234375,-0.322265625,-0.263671875
19594,1.181640625,1.181640625,-0.3125,-0.234375
19595,1.220703125,1.083984375,-0.3515625,-0.322265625
19596,1.09375,1.142578125,-0.234375,-0.244140625
19597,1.240234375,1.103515625,-0.498046875,-0.390625
19598,1.19140625,1.123046875,-0.263671875,-0.126953125
19599,1.09375,1.162109375,-0.263671875,-0.341796875
19600,1.23046875,1.259765625,-0.166015625,-0.3125
19601,1.19140625,1.123046875,-0.322265625,-0.1953125
19602,1.171875,1.123046875,-0.25390625,-0.234375
19603,1.181640625,1.015625,-0.390625,-0.29296875
19604,1.19140625,1.2109375,-0.25390625,-0.3125
19605,1.142578125,1.083984375,-0.2734375,-0.234375
19606,1.171875,1.142578125,-0.3515625,-0.322265625
19607,1.19140625,1.19140625,-0.21484375,-0.400390625
19608,1.083984375,1.201171875,-0.302734375,-0.283203125
19609,1.181640625,1.201171875,-0.205078125,-0.380859375
19610,1.201171875,1.0546875,-0.17578125,-0.5078125
19611,1.1328125,1.181640625,-0.29296875,-0.44921875
19612,1.318359375,1.2109375,-0.13671875,-0.390625
19613,1.15234375,1.279296875,-0.224609375,-0.400390625
19614,1.142578125,1.19140625,-0.25390625,-0.44921875
19615,1.2109375,1.171875,-0.400390625,-0.37109375
19616,1.07421875,1.123046875,-0.244140625,-0.400390625
19617,1.23046875,1.25,-0.263671875,-0.44921875
19618,0.947265625,1.25,-0.3515625,-0.3125
19619,1.220703125,1.171875,-0.234375,-0.458984375
19620,1.11328125,1.2109375,-0.234375,-0.41015625
19621,1.0546875,1.298828125,-0.224609375,-0.390625
19622,1.201171875,1.259765625,-0.263671875,-0.302734375
19623,1.23046875,1.201171875,-0.234375,-0.322265625
19624,1.162109375,1.279296875,-0.2734375,-0.37109375
19625,1.2109375,1.181640625,-0.390625,-0.341796875
19626,1.123046875,1.201171875,-0.263671875,-0.380859375
19627,1.044921875,1.103515625,-0.33203125,-0.3515625
19628,1.171875,1.25,-0.37109375,-0.21484375
19629,1.15234375,1.2109375,-0.283203125,-0.380859375
19630,1.171875,1.25,-0.341796875,-0.380859375
19631,1.26953125,1.103515625,-0.283203125,-0.380859375
19632,1.26953125,1.162109375,-0.283203125,-0.390625
19633,1.396484375,1.26953125,-0.2734375,-0.41015625
19634,1.19140625,1.2109375,-0.078125,-0.458984375
19635,1.240234375,1.2109375,-0.361328125,-0.25390625
19636,1.279296875,1.162109375,-0.283203125,-0.458984375
19637,1.26953125,1.25,-0.322265625,-0.537109375
19638,1.30859375,1.23046875,-0.33203125,-0.380859375
19639,1.34765625,1.240234375,-0.302734375,-0.361328125
19640,1.23046875,1.2109375,-0.29296875,-0.44921875
19641,1.25,1.162109375,-0.302734375,-0.29296875
19642,1.2890625,1.19140625,-0.341796875,-0.380859375
19643,1.240234375,1.240234375,-0.341796875,-0.361328125
19644,1.103515625,1.15234375,-0.322265625,-0.41015625
19645,1.103515625,1.259765625,-0.302734375,-0.380859375
19646,1.15234375,1.1328125,-0.302734375,-0.4296875
19647,1.1328125,1.201171875,-0.361328125,-0.41015625
19648,1.083984375,1.220703125,-0.322265625,-0.3125
19649,1.220703125,1.220703125,-0.41015625,-0.302734375
19650,1.15234375,1.103515625,-0.29296875,-0.3515625
19651,1.2109375,1.171875,-0.3125,-0.41015625
19652,1.201171875,1.15234375,-0.068359375,-0.302734375
19653,1.2109375,1.181640625,-0.33203125,-0.361328125
19654,1.25,1.171875,-0.244140625,-0.341796875
19655,1.201171875,1.11328125,-0.283203125,-0.3125
19656,1.201171875,1.259765625,-0.2734375,-0.439453125
19657,1.201171875,1.181640625,-0.3515625,-0.37109375
19658,1.162109375,1.25,-0.361328125,-0.322265625
19659,1.181640625,1.103515625,-0.263671875,-0.458984375
19660,1.318359375,1.201171875,-0.2734375,-0.52734375
19661,1.2109375,1.2109375,-0.3125,-0.341796875
19662,1.15234375,1.220703125,-0.302734375,-0.21484375
19663,1.240234375,1.162109375,-0.3125,-0.380859375
19664,1.171875,1.123046875,-0.380859375,-0.439453125
19665,1.201171875,1.240234375,-0.263671875,-0.21484375
19666,1.181640625,1.15234375,-0.263671875,-0.46875
19667,1.26953125,1.142578125,-0.33203125,-0.37109375
19668,1.19140625,1.25,-0.21484375,-0.439453125
19669,1.201171875,1.15234375,-0.244140625,-0.283203125
19670,1.142578125,1.181640625,-0.302734375,-0.44921875
19671,1.171875,1.25,-0.244140625,-0.44921875
19672,1.2109375,1.171875,-0.302734375,-0.5078125
19673,1.19140625,1.142578125,-0.205078125,-0.419921875
19674,1.181640625,1.396484375,-0.05859375,-0.458984375
19675,1.181640625,1.201171875,-0.302734375,-0.419921875
19676,1.23046875,1.162109375,-0.146484375,-0.3515625
19677,1.19140625,1.1328125,-0.302734375,-0.3125
19678,1.11328125,1.19140625,-0.263671875,-0.44921875
19679,1.103515625,0.986328125,-0.283203125,-0.400390625
19680,1.171875,1.083984375,-0.234375,-0.3515625
19681,1.298828125,1.103515625,-0.283203125,-0.458984375
19682,1.2109375,1.259765625,-0.322265625,-0.361328125
19683,1.15234375,1.07421875,-0.224609375,-0.341796875
19684,1.181640625,1.11328125,-0.29296875,-0.3515625
19685,1.26953125,1.044921875,-0.29296875,-0.390625
19686,1.2109375,1.083984375,-0.15625,-0.341796875
19687,1.240234375,1.15234375,-0.1953125,-0.361328125
19688,1.142578125,1.298828125,-0.21484375,-0.400390625
19689,1.19140625,1.318359375,-0.3515625,-0.439453125
19690,1.142578125,1.142578125,-0.25390625,-0.361328125
19691,1.171875,1.23046875,-0.244140625,-0.60546875
19692,1.23046875,1.123046875,-0.244140625,-0.390625
19693,1.240234375,1.11328125,-0.302734375,-0.341796875
19694,1.259765625,1.123046875,-0.283203125,-0.498046875
19695,1.23046875,0.947265625,-0.234375,-0.37109375
19696,1.220703125,1.1328125,-0.29296875,-0.400390625
19697,1.162109375,1.123046875,-0.400390625,-0.4296875
19698,1.2109375,1.07421875,-0.3125,-0.41015625
19699,1.103515625,1.1328125,-0.2734375,-0.478515625
19700,1.064453125,1.220703125,-0.224609375,-0.439453125
19701,1.15234375,1.1328125,-0.341796875,-0.419921875
19702,1.25,1.11328125,-0.29296875,-0.458984375
19703,1.240234375,1.0546875,-0.234375,-0.361328125
19704,1.15234375,1.083984375,-0.3125,-0.3515625
19705,1.171875,1.09375,-0.224609375,-0.341796875
19706,1.03515625,1.11328125,-0.146484375,-0.44921875
19707,1.259765625,1.11328125,-0.17578125,-0.390625
19708,1.15234375,1.09375,-0.15625,-0.439453125
19709,1.2109375,1.09375,-0.21484375,-0.3515625
19710,1.201171875,1.240234375,-0.25390625,-0.419921875
19711,1.123046875,1.123046875,-0.1953125,-0.33203125
19712,1.103515625,1.15234375,-0.17578125,-0.37109375
19713,1.181640625,1.1328125,-0.341796875,-0.37109375
19714,1.171875,1.03515625,-0.146484375,-0.390625
19715,1.162109375,1.103515625,-0.21484375,-0.37109375
19716,1.201171875,1.123046875,-0.09765625,-0.419921875
19717,1.123046875,1.083984375,-0.224609375,-0.46875
19718,1.15234375,1.0546875,-0.185546875,-0.48828125
19719,1.181640625,1.142578125,-0.361328125,-0.400390625
19720,1.1328125,1.1328125,-0.234375,-0.341796875
19721,1.1328125,1.220703125,-0.244140625,-0.576171875
19722,1.142578125,1.171875,-0.21484375,-0.419921875
19723,1.220703125,1.15234375,-0.1953125,-0.29296875
19724,1.2109375,1.162109375,-0.25390625,-0.44921875
19725,1.142578125,1.09375,-0.15625,-0.400390625
19726,1.162109375,1.142578125,-0.234375,-0.478515625
19727,1.162109375,1.201171875,-0.244140625,-0.4296875
19728,1.337890625,1.1328125,-0.244140625,-0.390625
19729,1.26953125,1.1328125,-0.263671875,-0.341796875
19730,1.15234375,1.11328125,-0.283203125,-0.400390625
19731,1.2109375,1.123046875,-0.263671875,-0.400390625
19732,1.19140625,1.19140625,-0.205078125,-0.380859375
19733,1.25,1.171875,-0.1953125,-0.44921875
19734,1.11328125,1.1328125,-0.15625,-0.390625
19735,1.240234375,1.171875,-0.224609375,-0.380859375
19736,1.015625,1.044921875,-0.1953125,-0.546875
19737,1.23046875,1.044921875,-0.146484375,-0.37109375
19738,1.25,1.11328125,-0.146484375,-0.390625
19739,1.171875,1.09375,-0.263671875,-0.166015625
19740,1.26953125,1.025390625,-0.2734375,-0.41015625
19741,1.201171875,1.34765625,-0.185546875,-0.390625
19742,1.103515625,1.103515625,-0.263671875,-0.21484375
19743,1.25,1.11328125,-0.25390625,-0.380859375
19744,1.181640625,1.083984375,-0.478515625,-0.48828125
19745,1.162109375,1.15234375,-0.244140625,-0.400390625
19746,1.0546875,1.259765625,-0.2734375,-0.37109375
19747,1.220703125,1.083984375,-0.302734375,-0.341796875
19748,1.30859375,1.103515625,-0.283203125,-0.2734375
19749,1.23046875,1.181640625,-0.224609375,-0.3515625
19750,1.19140625,1.142578125,-0.126953125,-0.3515625
19751,1.240234375,1.09375,-0.2734375,-0.341796875
19752,1.1328125,1.220703125,-0.205078125,-0.380859375
19753,1.240234375,1.2890625,-0.15625,-0.283203125
19754,0.95703125,1.123046875,-0.1953125,-0.341796875
19755,1.318359375,1.103515625,-0.21484375,-0.3515625
19756,1.15234375,1.25,-0.380859375,-0.2734375
19757,1.162109375,1.15234375,-0.302734375,-0.400390625
19758,1.240234375,1.11328125,-0.1953125,-0.302734375
19759,1.201171875,0.986328125,-0.25390625,-0.341796875
19760,1.162109375,1.083984375,-0.185546875,-0.283203125
19761,1.2109375,1.07421875,-0.2734375,-0.380859375
19762,1.259765625,1.09375,-0.17578125,-0.380859375
19763,1.279296875,1.171875,-0.205078125,-0.41015625
19764,1.328125,1.083984375,-0.205078125,-0.3515625
19765,1.220703125,1.083984375,-0.15625,-0.41015625
19766,1.1328125,1.064453125,-0.13671875,-0.390625
19767,1.1328125,1.142578125,-0.224609375,-0.341796875
19768,1.201171875,1.005859375,-0.146484375,-0.41015625
19769,1.15234375,1.103515625,-0.29296875,-0.390625
19770,1.171875,1.123046875,-0.1953125,-0.341796875
19771,1.220703125,1.07421875,-0.126953125,-0.302734375
19772,1.201171875,0.99609375,-0.283203125,-0.2734375
19773,1.26953125,1.1328125,-0.21484375,-0.390625
19774,1.220703125,1.083984375,-0.37109375,-0.41015625
19775,1.181640625,1.015625,-0.205078125,-0.37109375
19776,1.220703125,1.142578125,-0.234375,-0.341796875
19777,1.123046875,1.15234375,-0.13671875,-0.48828125
19778,1.220703125,1.240234375,-0.361328125,-0.517578125
19779,1.259765625,1.1328125,-0.234375,-0.29296875
19780,1.19140625,1.220703125,-0.3125,-0.361328125
19781,1.25,1.103515625,-0.244140625,-0.439453125
19782,1.0546875,1.103515625,-0.21484375,-0.390625
19783,1.298828125,1.181640625,-0.166015625,-0.341796875
19784,1.30859375,1.2109375,-0.146484375,-0.517578125
19785,1.279296875,1.103515625,-0.17578125,-0.390625
19786,1.181640625,1.2109375,-0.205078125,-0.341796875
19787,1.2890625,0.986328125,-0.21484375,-0.439453125
19788,1.298828125,1.103515625,-0.224609375,-0.390625
19789,1.259765625,1.07421875,-0.13671875,-0.380859375
19790,1.279296875,1.1328125,-0.146484375,-0.25390625
19791,1.23046875,1.142578125,-0.21484375,-0.33203125
19792,1.2890625,1.171875,-0.2734375,-0.44921875
19793,1.337890625,1.103515625,-0.302734375,-0.41015625
19794,1.2890625,1.1328125,-0.17578125,-0.3125
19795,1.220703125,1.259765625,-0.205078125,-0.380859375
19796,1.30859375,1.064453125,-0.1953125,-0.361328125
19797,1.2890625,1.123046875,-0.25390625,-0.25390625
19798,1.181640625,1.162109375,-0.2734375,-0.439453125
19799,1.328125,1.083984375,-0.13671875,-0.33203125
19800,1.220703125,1.171875,-0.205078125,-0.654296875
19801,1.201171875,1.0546875,-0.146484375,-0.400390625
19802,1.30859375,0.908203125,-0.205078125,-0.41015625
19803,1.34765625,1.15234375,-0.146484375,-0.33203125
19804,1.26953125,1.19140625,-0.13671875,-0.3515625
19805,1.25,1.07421875,-0.302734375,-0.419921875
19806,1.162109375,1.123046875,-0.1953125,-0.33203125
19807,1.181640625,1.1328125,-0.078125,-0.419921875
19808,1.240234375,1.123046875,-0.1171875,-0.4296875
19809,1.2890625,1.2109375,-0.107421875,-0.458984375
19810,1.259765625,1.11328125,-0.15625,-0.2734375
19811,1.23046875,1.19140625,-0.1171875,-0.361328125
19812,1.279296875,1.123046875,-0.185546875,-0.380859375
19813,1.19140625,1.1328125,-0.1953125,-0.37109375
19814,1.25,0.95703125,-0.234375,-0.361328125
19815,1.2109375,1.142578125,-0.25390625,-0.400390625
19816,1.220703125,1.181640625,-0.224609375,-0.361328125
19817,1.2890625,1.171875,-0.37109375,-0.390625
19818,1.26953125,1.103515625,-0.244140625,-0.41015625
19819,1.298828125,1.11328125,-0.25390625,-0.29296875
19820,1.240234375,1.083984375,-0.126953125,-0.44921875
19821,1.298828125,1.142578125,-0.224609375,-0.234375
19822,1.26953125,1.103515625,-0.205078125,-0.33203125
19823,1.26953125,1.181640625,-0.263671875,-0.341796875
19824,1.181640625,1.083984375,-0.21484375,-0.37109375
19825,1.26953125,1.044921875,-0.21484375,-0.400390625
19826,1.220703125,1.09375,-0.25390625,-0.400390625
19827,1.19140625,1.171875,-0.1953125,-0.2734375
19828,1.259765625,1.064453125,-0.224609375,-0.322265625
19829,1.19140625,1.318359375,-0.1953125,-0.48828125
19830,1.240234375,1.083984375,-0.234375,-0.37109375
19831,1.23046875,1.103515625,-0.283203125,-0.400390625
19832,1.2109375,1.03515625,-0.2734375,-0.341796875
19833,1.2109375,1.142578125,-0.21484375,-0.322265625
19834,1.240234375,1.083984375,-0.1953125,-0.302734375
19835,1.25,0.9765625,-0.3515625,-0.29296875
19836,1.15234375,1.103515625,-0.1953125,-0.283203125
19837,1.220703125,1.0546875,-0.25390625,-0.322265625
19838,1.171875,1.1328125,-0.15625,-0.25390625
19839,1.2109375,1.064453125,-0.21484375,-0.29296875
19840,1.240234375,1.083984375,-0.322265625,-0.361328125
19841,1.220703125,1.123046875,-0.244140625,-0.322265625
19842,1.181640625,1.123046875,-0.21484375,-0.390625
19843,1.201171875,1.025390625,-0.234375,-0.33203125
19844,1.2109375,1.083984375,-0.166015625,-0.2734375
19845,1.2109375,1.005859375,-0.234375,-0.390625
19846,1.201171875,1.123046875,-0.234375,-0.322265625
19847,1.279296875,1.083984375,-0.21484375,-0.29296875
19848,1.15234375,0.87890625,-0.2734375,-0.17578125
19849,1.15234375,1.0546875,-0.33203125,-0.322265625
19850,1.240234375,1.162109375,-0.224609375,-0.37109375
19851,1.23046875,1.162109375,-0.263671875,-0.341796875
19852,1.201171875,1.015625,-0.25390625,-0.4296875
19853,1.298828125,1.083984375,-0.3515625,-0.244140625
19854,1.162109375,1.025390625,-0.33203125,-0.234375
19855,1.201171875,1.0546875,-0.2734375,-0.3515625
19856,1.025390625,0.888671875,-0.15625,-0.302734375
19857,1.07421875,1.07421875,-0.107421875,-0.2734375
19858,1.171875,1.0546875,-0.244140625,-0.263671875
19859,1.1328125,1.025390625,-0.15625,-0.3125
19860,1.23046875,0.91796875,-0.33203125,-0.1953125
19861,1.171875,1.083984375,-0.224609375,-0.361328125
19862,1.201171875,1.103515625,-0.224609375,-0.302734375
19863,1.15234375,1.0546875,-0.17578125,-0.390625
19864,1.09375,1.0546875,-0.17578125,-0.2734375
19865,1.171875,1.044921875,-0.25390625,-0.3125
19866,1.1328125,0.9765625,-0.205078125,-0.25390625
19867,1.220703125,1.0546875,-0.263671875,-0.37109375
19868,1.201171875,1.1328125,-0.224609375,-0.341796875
19869,1.171875,1.23046875,-0.3515625,-0.41015625
19870,1.162109375,1.015625,-0.224609375,-0.29296875
19871,1.259765625,1.044921875,-0.146484375,-0.29296875
19872,1.220703125,1.103515625,-0.087890625,-0.361328125
19873,1.220703125,1.123046875,-0.2734375,-0.48828125
19874,1.1328125,1.162109375,-0.224609375,-0.244140625
19875,1.2109375,1.25,-0.283203125,-0.322265625
19876,1.2890625,1.09375,-0.234375,-0.25390625
19877,1.201171875,1.064453125,-0.2734375,-0.283203125
19878,1.220703125,1.0546875,-0.341796875,-0.341796875
19879,1.25,1.123046875,-0.263671875,-0.087890625
19880,1.240234375,1.11328125,-0.283203125,-0.302734375
19881,1.201171875,1.103515625,-0.33203125,-0.33203125
19882,1.1328125,1.11328125,-0.302734375,-0.263671875
19883,1.25,1.07421875,-0.244140625,-0.302734375
19884,1.2109375,1.162109375,-0.234375,-0.244140625
19885,1.220703125,1.083984375,-0.146484375,-0.224609375
19886,1.26953125,1.181640625,-0.21484375,-0.224609375
19887,1.2109375,1.15234375,-0.09765625,-0.302734375
19888,1.23046875,1.15234375,-0.15625,-0.29296875
19889,1.181640625,1.03515625,-0.25390625,-0.25390625
19890,1.171875,1.337890625,-0.15625,-0.17578125
19891,1.240234375,1.103515625,-0.244140625,-0.3125
19892,1.171875,1.0546875,-0.244140625,-0.1953125
19893,1.201171875,1.171875,-0.361328125,-0.25390625
19894,1.25,1.123046875,-0.33203125,-0.3125
19895,1.181640625,1.1328125,-0.224609375,-0.234375
19896,1.2109375,1.162109375,-0.205078125,-0.25390625
19897,1.2109375,1.1328125,-0.078125,-0.283203125
19898,1.181640625,1.142578125,-0.17578125,-0.29296875
19899,1.2109375,1.318359375,-0.13671875,-0.263671875
19900,1.220703125,1.142578125,-0.25390625,-0.263671875
19901,1.1328125,1.103515625,-0.263671875,-0.126953125
19902,1.142578125,0.859375,-0.341796875,-0.341796875
19903,1.25,1.015625,-0.29296875,-0.166015625
19904,1.181640625,1.064453125,-0.33203125,-0.25390625
19905,1.220703125,1.15234375,-0.3125,-0.25390625
19906,1.23046875,1.142578125,-0.341796875,-0.17578125
19907,1.162109375,1.015625,-0.322265625,-0.263671875
19908,1.23046875,1.09375,-0.263671875,-0.2734375
19909,1.240234375,1.162109375,-0.419921875,-0.302734375
19910,1.171875,1.09375,-0.341796875,-0.224609375
19911,1.298828125,1.103515625,-0.29296875,-0.283203125
19912,1.23046875,1.15234375,-0.439453125,-0.263671875
19913,1.083984375,1.025390625,-0.33203125,-0.185546875
19914,1.15234375,1.005859375,-0.341796875,-0.224609375
19915,1.240234375,1.025390625,-0.419921875,-0.17578125
19916,1.11328125,1.142578125,-0.419921875,-0.1171875
19917,1.103515625,1.103515625,-0.146484375,-0.185546875
19918,1.26953125,1.044921875,-0.361328125,-0.21484375
19919,1.15234375,1.09375,-0.3125,-0.3125
19920,1.337890625,1.1328125,-0.283203125,-0.21484375
19921,1.171875,1.103515625,-0.390625,-0.244140625
19922,1.26953125,1.083984375,-0.322265625,-0.244140625
19923,1.11328125,1.15234375,-0.3125,-0.185546875
19924,1.23046875,1.11328125,-0.44921875,-0.2734375
19925,1.25,1.064453125,-0.3515625,-0.263671875
19926,1.09375,1.07421875,-0.2734375,-0.29296875
19927,1.19140625,1.0546875,-0.107421875,-0.322265625
19928,1.2890625,1.07421875,-0.400390625,-0.244140625
19929,1.25,1.07421875,-0.361328125,-0.244140625
19930,1.181640625,1.181640625,-0.44921875,-0.234375
19931,1.25,1.11328125,-0.302734375,-0.1953125
19932,1.240234375,1.162109375,-0.33203125,-0.185546875
19933,1.142578125,1.044921875,-0.2734375,-0.17578125
19934,1.25,1.083984375,-0.341796875,-0.302734375
19935,1.220703125,1.171875,-0.380859375,-0.224609375
19936,1.201171875,1.11328125,-0.283203125,-0.341796875
19937,1.123046875,1.1328125,-0.4296875,-0.234375
19938,1.23046875,1.162109375,-0.33203125,-0.244140625
19939,1.1328125,1.162109375,-0.390625,-0.25390625
19940,1.162109375,1.09375,-0.341796875,-0.25390625
19941,1.2890625,1.2109375,-0.29296875,-0.21484375
19942,1.201171875,1.103515625,-0.322265625,-0.25390625
19943,1.19140625,1.11328125,-0.25390625,-0.185546875
19944,1.279296875,1.171875,-0.29296875,-0.244140625
19945,1.201171875,0.927734375,-0.1953125,-0.263671875
19946,1.171875,1.09375,-0.302734375,-0.33203125
19947,1.279296875,1.09375,-0.224609375,-0.166015625
19948,1.15234375,1.044921875,-0.263671875,-0.15625
19949,1.23046875,1.1328125,-0.234375,-0.224609375
19950,1.30859375,1.083984375,-0.21484375,-0.21484375
19951,1.25,1.162109375,-0.3515625,-0.3125
19952,1.2890625,1.03515625,-0.263671875,-0.234375
19953,1.259765625,1.09375,-0.283203125,-0.3125
19954,1.240234375,1.11328125,-0.3125,-0.2734375
19955,1.19140625,1.083984375,-0.2734375,-0.33203125
19956,1.25,1.1328125,-0.29296875,-0.302734375
19957,1.26953125,1.19140625,-0.263671875,-0.3125
19958,1.318359375,1.1328125,-0.341796875,-0.283203125
19959,1.23046875,1.1328125,-0.41015625,-0.2734375
19960,1.19140625,1.19140625,-0.185546875,-0.2734375
19961,1.26953125,1.11328125,-0.341796875,-0.3515625
19962,1.30859375,1.11328125,-0.341796875,-0.13671875
19963,1.201171875,1.11328125,-0.29296875,-0.341796875
19964,1.259765625,1.103515625,-0.439453125,-0.3515625
19965,1.259765625,1.1328125,-0.37109375,-0.2734375
19966,1.30859375,1.09375,-0.41015625,-0.322265625
19967,1.25,1.25,-0.41015625,-0.21484375
19968,1.30859375,1.083984375,-0.341796875,-0.25390625
19969,1.142578125,1.083984375,-0.390625,-0.3125
19970,1.259765625,1.123046875,-0.33203125,-0.322265625
19971,1.259765625,1.07421875,-0.341796875,-0.48828125
19972,1.09375,0.986328125,-0.33203125,-0.33203125
19973,1.220703125,1.123046875,-0.15625,-0.205078125
19974,1.2890625,1.103515625,-0.400390625,-0.341796875
19975,1.23046875,0.9765625,-0.185546875,-0.224609375
19976,1.2109375,1.123046875,-0.224609375,-0.302734375
19977,1.298828125,1.07421875,-0.400390625,-0.2734375
19978,1.279296875,1.07421875,-0.234375,-0.2734375
19979,1.26953125,1.142578125,-0.302734375,-0.380859375
19980,1.2109375,1.07421875,-0.2734375,-0.15625
19981,1.2890625,1.03515625,-0.4296875,-0.263671875
19982,1.337890625,1.09375,-0.322265625,-0.234375
19983,1.298828125,1.15234375,-0.33203125,-0.341796875
19984,1.19140625,1.15234375,-0.3515625,-0.341796875
19985,1.26953125,1.1328125,-0.322265625,-0.25390625
19986,1.26953125,1.162109375,-0.29296875,-0.380859375
19987,1.2890625,1.103515625,-0.3125,-0.234375
19988,1.240234375,1.318359375,-0.234375,-0.263671875
19989,1.298828125,1.171875,-0.361328125,-0.322265625
19990,1.25,1.240234375,-0.29296875,-0.234375
19991,1.25,1.064453125,-0.205078125,-0.29296875
19992,1.201171875,1.11328125,-0.322265625,-0.41015625
19993,1.25,1.181640625,-0.2734375,-0.341796875
19994,1.26953125,1.2109375,-0.419921875,-0.283203125
19995,1.181640625,1.2109375,-0.302734375,-0.2734375
19996,1.23046875,1.181640625,-0.224609375,-0.3125
19997,1.30859375,1.123046875,-0.185546875,-0.25390625
19998,1.298828125,1.142578125,-0.33203125,-0.341796875
19999,1.23046875,1.083984375,-0.2734375,-0.3515625
20000,1.259765625,1.11328125,-0.302734375,-0.29296875
20001,1.279296875,1.103515625,-0.341796875,-0.380859375
20002,1.201171875,1.09375,-0.33203125,-0.263671875
20003,1.30859375,1.025390625,-0.283203125,-0.21484375
20004,1.279296875,1.123046875,-0.390625,-0.37109375
20005,1.201171875,1.0546875,-0.3125,-0.263671875
20006,1.1328125,1.220703125,-0.283203125,-0.283203125
20007,1.171875,1.103515625,-0.3515625,-0.13671875
20008,1.201171875,1.23046875,-0.322265625,-0.283203125
20009,1.38671875,1.07421875,-0.283203125,-0.3125
20010,1.23046875,1.07421875,-0.29296875,-0.33203125
20011,1.1328125,1.09375,-0.263671875,-0.3515625
20012,1.279296875,1.181640625,-0.15625,-0.3125
20013,1.240234375,1.201171875,-0.205078125,-0.3515625
20014,1.162109375,1.201171875,-0.302734375,-0.322265625
20015,1.328125,1.298828125,-0.283203125,-0.322265625
20016,1.240234375,1.181640625,-0.263671875,-0.341796875
20017,1.181640625,1.171875,-0.244140625,-0.2734375
20018,1.23046875,1.201171875,-0.302734375,-0.322265625
20019,1.123046875,1.123046875,-0.390625,-0.068359375
20020,1.09375,1.142578125,-0.166015625,-0.302734375
20021,1.25,1.142578125,-0.244140625,-0.341796875
20022,1.19140625,1.220703125,-0.33203125,-0.361328125
20023,1.15234375,1.201171875,-0.29296875,-0.322265625
20024,1.2890625,1.23046875,-0.322265625,-0.302734375
20025,1.23046875,0.91796875,-0.29296875,-0.44921875
20026,1.171875,1.171875,-0.2734375,-0.2734375
20027,1.30859375,1.240234375,-0.400390625,-0.302734375
20028,1.2109375,1.142578125,-0.322265625,-0.29296875
20029,1.2109375,1.15234375,-0.3515625,-0.3515625
20030,1.142578125,1.09375,-0.25390625,-0.283203125
20031,1.240234375,0.9765625,-0.25390625,-0.29296875
20032,1.181640625,1.103515625,-0.283203125,-0.263671875
20033,1.103515625,1.0546875,-0.537109375,-0.263671875
20034,1.19140625,1.0546875,-0.25390625,-0.341796875
20035,1.103515625,1.123046875,-0.302734375,-0.244140625
20036,1.25,1.044921875,-0.166015625,-0.341796875
20037,1.318359375,1.1328125,-0.322265625,-0.33203125
20038,1.279296875,1.1328125,-0.263671875,-0.458984375
20039,1.201171875,1.07421875,-0.2734375,-0.341796875
20040,1.181640625,1.083984375,-0.25390625,-0.41015625
20041,1.318359375,1.171875,-0.25390625,-0.146484375
20042,1.26953125,1.181640625,-0.185546875,-0.380859375
20043,1.171875,1.09375,-0.2734375,-0.400390625
20044,1.19140625,1.15234375,-0.33203125,-0.3125
20045,1.083984375,1.142578125,-0.25390625,-0.322265625
20046,1.15234375,1.26953125,-0.3515625,-0.29296875
20047,1.07421875,1.15234375,-0.234375,-0.37109375
20048,1.171875,1.123046875,-0.400390625,-0.37109375
20049,1.07421875,1.171875,-0.341796875,-0.4296875
20050,1.11328125,1.220703125,-0.29296875,-0.498046875
20051,1.162109375,1.044921875,-0.263671875,-0.41015625
20052,1.162109375,1.2890625,-0.3515625,-0.390625
20053,1.171875,1.162109375,-0.234375,-0.41015625
20054,1.064453125,1.162109375,-0.25390625,-0.400390625
20055,1.142578125,1.298828125,-0.302734375,-0.390625
20056,1.2109375,1.201171875,-0.21484375,-0.3515625
20057,1.064453125,1.15234375,-0.361328125,-0.3125
20058,1.103515625,1.142578125,-0.283203125,-0.3125
20059,1.162109375,1.220703125,-0.29296875,-0.400390625
20060,1.162109375,1.2109375,-0.244140625,-0.341796875
20061,1.26953125,1.07421875,-0.3125,-0.458984375
20062,1.171875,1.220703125,-0.1953125,-0.419921875
20063,1.220703125,1.240234375,-0.244140625,-0.37109375
20064,1.259765625,1.19140625,-0.400390625,-0.400390625
20065,1.220703125,1.25,-0.29296875,-0.390625
20066,1.044921875,1.259765625,-0.234375,-0.41015625
20067,1.220703125,1.2109375,-0.283203125,-0.41015625
20068,1.162109375,1.201171875,-0.29296875,-0.46875
20069,1.2109375,1.181640625,-0.33203125,-0.390625
20070,1.2109375,1.142578125,-0.107421875,-0.390625
20071,1.23046875,1.171875,-0.3515625,-0.46875
20072,1.19140625,1.201171875,-0.3515625,-0.458984375
20073,1.1328125,1.123046875,-0.244140625,-0.37109375
20074,1.171875,1.123046875,-0.33203125,-0.380859375
20075,1.259765625,1.201171875,-0.3125,-0.380859375
20076,1.1328125,1.201171875,-0.37109375,-0.37109375
20077,1.11328125,1.181640625,-0.3515625,-0.380859375
20078,1.1328125,1.2109375,-0.263671875,-0.37109375
20079,1.103515625,1.1328125,-0.33203125,-0.37109375
20080,1.11328125,1.2890625,-0.283203125,-0.29296875
20081,1.376953125,1.181640625,-0.283203125,-0.419921875
20082,1.23046875,1.181640625,-0.107421875,-0.361328125
20083,1.083984375,1.279296875,-0.234375,-0.361328125
20084,1.15234375,1.15234375,-0.341796875,-0.3515625
20085,1.103515625,1.0546875,-0.234375,-0.400390625
20086,1.1328125,1.162109375,-0.37109375,-0.341796875
20087,1.142578125,1.162109375,-0.3515625,-0.302734375
20088,1.26953125,1.34765625,-0.41015625,-0.390625
20089,1.220703125,0.986328125,-0.283203125,-0.439453125
20090,1.064453125,1.19140625,-0.3125,-0.400390625
20091,1.23046875,1.142578125,-0.322265625,-0.439453125
20092,1.23046875,1.11328125,-0.41015625,-0.2734375
20093,1.201171875,1.181640625,-0.2734375,-0.48828125
20094,1.26953125,1.19140625,-0.185546875,-0.4296875
20095,1.26953125,1.123046875,-0.3125,-0.419921875
20096,1.09375,1.1328125,-0.25390625,-0.390625
20097,1.181640625,1.142578125,-0.224609375,-0.380859375
20098,1.279296875,1.2890625,-0.33203125,-0.244140625
20099,1.123046875,1.103515625,-0.283203125,-0.439453125
20100,1.1328125,1.181640625,-0.263671875,-0.380859375
20101,1.201171875,1.23046875,-0.498046875,-0.4296875
20102,1.279296875,1.162109375,-0.263671875,-0.498046875
20103,1.171875,1.142578125,-0.302734375,-0.439453125
20104,1.181640625,1.171875,-0.37109375,-0.390625
20105,1.083984375,1.162109375,-0.283203125,-0.380859375
20106,1.2109375,1.07421875,-0.21484375,-0.41015625
20107,1.26953125,1.220703125,-0.33203125,-0.4296875
20108,1.15234375,1.11328125,-0.224609375,-0.400390625
20109,1.19140625,1.220703125,-0.17578125,-0.3515625
20110,1.201171875,1.19140625,-0.37109375,-0.361328125
20111,1.19140625,1.09375,-0.3515625,-0.380859375
20112,1.201171875,1.181640625,-0.244140625,-0.341796875
20113,1.23046875,1.083984375,-0.2734375,-0.390625
20114,1.25,1.103515625,-0.205078125,-0.25390625
20115,1.220703125,1.11328125,-0.29296875,-0.390625
20116,1.2109375,1.123046875,-0.146484375,-0.322265625
20117,1.201171875,1.103515625,-0.234375,-0.46875
20118,1.171875,1.142578125,-0.29296875,-0.37109375
20119,1.15234375,1.103515625,-0.33203125,-0.380859375
20120,1.15234375,1.181640625,-0.244140625,-0.5078125
20121,1.171875,1.142578125,-0.1953125,-0.361328125
20122,1.083984375,1.23046875,-0.322265625,-0.3125
20123,1.162109375,1.11328125,-0.283203125,-0.341796875
20124,1.171875,1.162109375,-0.302734375,-0.419921875
20125,1.201171875,1.181640625,-0.458984375,-0.439453125
20126,1.103515625,1.171875,-0.25390625,-0.44921875
20127,1.25,1.09375,-0.2734375,-0.41015625
20128,1.1328125,1.044921875,-0.224609375,-0.400390625
20129,1.162109375,1.103515625,-0.3125,-0.46875
20130,1.09375,1.103515625,-0.361328125,-0.5078125
20131,1.181640625,1.064453125,-0.341796875,-0.419921875
20132,1.142578125,1.103515625,-0.33203125,-0.37109375
20133,1.318359375,1.103515625,-0.263671875,-0.4296875
20134,1.181640625,1.123046875,-0.244140625,-0.439453125
20135,1.181640625,1.123046875,-0.341796875,-0.390625
20136,1.23046875,1.083984375,-0.33203125,-0.400390625
20137,1.171875,0.830078125,-0.234375,-0.380859375
20138,1.162109375,1.142578125,-0.29296875,-0.3125
20139,1.11328125,1.0546875,-0.21484375,-0.400390625
20140,1.23046875,1.083984375,-0.185546875,-0.41015625
20141,1.23046875,1.044921875,-0.234375,-0.322265625
20142,1.11328125,1.09375,-0.244140625,-0.380859375
20143,1.07421875,1.11328125,-0.224609375,-0.380859375
20144,1.181640625,1.11328125,-0.05859375,-0.458984375
20145,1.181640625,1.09375,-0.2734375,-0.37109375
20146,1.0546875,1.171875,-0.21484375,-0.419921875
20147,1.171875,1.0546875,-0.244140625,-0.41015625
20148,1.142578125,1.103515625,-0.205078125,-0.341796875
20149,1.15234375,1.142578125,-0.17578125,-0.41015625
20150,1.240234375,0.986328125,-0.302734375,-0.322265625
20151,1.07421875,1.044921875,-0.234375,-0.46875
20152,1.123046875,1.09375,-0.21484375,-0.37109375
20153,1.103515625,1.11328125,-0.37109375,-0.458984375
20154,1.19140625,1.181640625,-0.2734375,-0.37109375
20155,1.2890625,1.142578125,-0.3515625,-0.4296875
20156,1.2109375,1.142578125,-0.1953125,-0.458984375
20157,1.07421875,1.15234375,-0.166015625,-0.25390625
20158,1.11328125,1.2109375,-0.322265625,-0.380859375
20159,1.103515625,1.23046875,-0.29296875,-0.33203125
20160,1.171875,1.162109375,-0.3125,-0.4296875
20161,1.162109375,1.2109375,-0.283203125,-0.419921875
20162,1.15234375,1.279296875,-0.322265625,-0.361328125
20163,1.2109375,1.142578125,-0.205078125,-0.361328125
20164,1.11328125,1.1328125,-0.37109375,-0.458984375
20165,1.2109375,1.220703125,-0.1953125,-0.419921875
20166,1.11328125,1.09375,-0.283203125,-0.458984375
20167,1.19140625,1.025390625,-0.390625,-0.361328125
20168,1.181640625,1.162109375,-0.17578125,-0.361328125
20169,1.23046875,1.11328125,-0.21484375,-0.4296875
20170,1.09375,1.064453125,-0.205078125,-0.3515625
20171,1.15234375,1.181640625,-0.33203125,-0.48828125
20172,1.162109375,1.142578125,-0.17578125,-0.33203125
20173,1.26953125,1.03515625,-0.25390625,-0.283203125
20174,1.240234375,1.015625,-0.380859375,-0.380859375
20175,1.220703125,1.142578125,-0.2734375,-0.41015625
20176,1.201171875,1.064453125,-0.29296875,-0.390625
20177,1.19140625,1.07421875,-0.25390625,-0.322265625
20178,1.181640625,1.0546875,-0.234375,-0.2734375
20179,1.23046875,1.09375,-0.3125,-0.341796875
20180,1.23046875,0.908203125,-0.234375,-0.341796875
20181,1.171875,1.103515625,-0.2734375,-0.3515625
20182,1.07421875,1.0546875,-0.3125,-0.361328125
20183,1.171875,0.9765625,-0.322265625,-0.3125
20184,1.162109375,1.171875,-0.244140625,-0.498046875
20185,1.171875,1.0546875,-0.2734375,-0.390625
20186,1.181640625,1.11328125,-0.185546875,-0.37109375
20187,1.220703125,1.103515625,-0.283203125,-0.380859375
20188,1.2890625,1.0546875,-0.283203125,-0.400390625
20189,1.181640625,1.142578125,-0.21484375,-0.380859375
20190,1.259765625,1.0546875,-0.263671875,-0.322265625
20191,1.259765625,1.171875,-0.3125,-0.341796875
20192,1.171875,1.142578125,-0.2734375,-0.41015625
20193,1.142578125,1.181640625,-0.263671875,-0.498046875
20194,1.2890625,1.142578125,-0.263671875,-0.244140625
20195,1.259765625,1.123046875,-0.25390625,-0.380859375
20196,1.162109375,1.11328125,-0.25390625,-0.361328125
20197,1.15234375,1.1328125,-0.322265625,-0.439453125
20198,1.142578125,1.123046875,-0.3125,-0.419921875
20199,1.220703125,1.123046875,-0.1171875,-0.41015625
20200,1.25,1.15234375,-0.2734375,-0.419921875
20201,1.34765625,1.015625,-0.1953125,-0.380859375
20202,1.171875,1.15234375,-0.244140625,-0.361328125
20203,1.0546875,1.142578125,-0.283203125,-0.37109375
20204,1.2109375,1.171875,-0.21484375,-0.439453125
20205,1.19140625,1.09375,-0.25390625,-0.400390625
20206,1.19140625,1.142578125,-0.2734375,-0.52734375
20207,1.25,1.0546875,-0.09765625,-0.390625
20208,1.240234375,1.083984375,-0.146484375,-0.341796875
20209,1.220703125,1.142578125,-0.263671875,-0.46875
20210,1.240234375,1.201171875,-0.09765625,-0.25390625
20211,1.19140625,1.15234375,-0.185546875,-0.400390625
20212,1.171875,1.11328125,-0.244140625,-0.361328125
20213,1.25,1.1328125,-0.361328125,-0.322265625
20214,1.298828125,1.171875,-0.25390625,-0.244140625
20215,1.298828125,1.1328125,-0.21484375,-0.302734375
20216,1.30859375,1.123046875,-0.224609375,-0.400390625
20217,1.34765625,1.07421875,-0.09765625,-0.37109375
20218,1.3671875,1.142578125,-0.21484375,-0.322265625
20219,1.396484375,1.0546875,-0.17578125,-0.380859375
20220,1.30859375,1.09375,-0.25390625,-0.419921875
20221,1.201171875,1.142578125,-0.283203125,-0.44921875
20222,1.337890625,1.26953125,-0.3125,-0.3515625
20223,1.337890625,1.259765625,-0.1953125,-0.3125
20224,1.34765625,1.1328125,-0.25390625,-0.361328125
20225,1.328125,1.09375,-0.302734375,-0.3125
20226,1.34765625,1.123046875,-0.09765625,-0.341796875
20227,1.240234375,1.142578125,-0.25390625,-0.380859375
20228,1.2109375,1.142578125,-0.21484375,-0.322265625
20229,1.19140625,1.142578125,-0.33203125,-0.322265625
20230,1.26953125,1.123046875,-0.263671875,-0.37109375
20231,1.09375,1.103515625,-0.302734375,-0.29296875
20232,1.220703125,1.15234375,-0.146484375,-0.400390625
20233,1.25,1.123046875,-0.234375,-0.2734375
20234,1.240234375,1.064453125,-0.244140625,-0.361328125
20235,1.220703125,1.083984375,-0.3515625,-0.458984375
20236,1.2109375,1.064453125,-0.1953125,-0.361328125
20237,1.279296875,1.103515625,-0.21484375,-0.5859375
20238,1.23046875,1.103515625,-0.25390625,-0.400390625
20239,1.2109375,1.181640625,-0.21484375,-0.29296875
20240,1.2890625,1.1328125,-0.185546875,-0.361328125
20241,1.298828125,1.240234375,-0.25390625,-0.4296875
20242,1.2890625,1.2109375,-0.185546875,-0.283203125
20243,1.30859375,1.15234375,-0.09765625,-0.400390625
20244,1.279296875,1.15234375,-0.166015625,-0.380859375
20245,1.201171875,1.19140625,-0.15625,-0.244140625
20246,1.298828125,1.15234375,-0.166015625,-0.458984375
20247,1.34765625,1.259765625,-0.09765625,-0.439453125
20248,1.259765625,1.181640625,-0.146484375,-0.41015625
20249,1.201171875,1.2109375,-0.224609375,-0.380859375
20250,1.34765625,1.005859375,-0.302734375,-0.361328125
20251,1.298828125,1.064453125,-0.234375,-0.341796875
20252,1.103515625,1.103515625,-0.234375,-0.390625
20253,1.25,1.171875,-0.25390625,-0.33203125
20254,1.26953125,1.044921875,-0.29296875,-0.41015625
20255,1.484375,1.09375,-0.21484375,-0.322265625
20256,1.23046875,1.181640625,-0.3125,-0.341796875
20257,1.19140625,1.083984375,-0.263671875,-0.322265625
20258,1.142578125,1.123046875,-0.17578125,-0.380859375
20259,1.142578125,1.1328125,-0.322265625,-0.41015625
20260,1.23046875,1.09375,-0.224609375,-0.4296875
20261,1.142578125,1.15234375,-0.234375,-0.302734375
20262,1.171875,1.09375,-0.29296875,-0.3515625
20263,1.162109375,1.171875,-0.234375,-0.283203125
20264,1.2109375,1.03515625,-0.1953125,-0.341796875
20265,1.181640625,1.11328125,-0.302734375,-0.322265625
20266,1.171875,1.1328125,-0.1953125,-0.33203125
20267,1.181640625,1.103515625,-0.185546875,-0.341796875
20268,1.240234375,1.15234375,-0.224609375,-0.3125
20269,1.259765625,0.947265625,-0.283203125,-0.498046875
20270,1.298828125,1.142578125,-0.185546875,-0.29296875
20271,1.25,1.201171875,-0.33203125,-0.33203125
20272,1.240234375,0.927734375,-0.302734375,-0.25390625
20273,1.2890625,1.1328125,-0.166015625,-0.13671875
20274,1.181640625,1.09375,-0.263671875,-0.322265625
20275,1.220703125,1.044921875,-0.15625,-0.33203125
20276,1.19140625,1.09375,-0.29296875,-0.283203125
20277,1.259765625,1.07421875,-0.224609375,-0.322265625
20278,1.23046875,1.025390625,-0.146484375,-0.302734375
20279,1.142578125,1.07421875,-0.29296875,-0.37109375
20280,1.259765625,1.083984375,-0.13671875,-0.341796875
20281,1.19140625,0.9375,-0.087890625,-0.3125
20282,1.1328125,1.0546875,-0.234375,-0.2734375
20283,1.025390625,0.91796875,-0.263671875,-0.341796875
20284,1.19140625,1.1328125,-0.126953125,-0.400390625
20285,1.201171875,0.986328125,-0.302734375,-0.283203125
20286,1.201171875,1.03515625,-0.2734375,-0.380859375
20287,1.181640625,1.07421875,-0.29296875,-0.33203125
20288,1.201171875,1.03515625,-0.302734375,-0.302734375
20289,1.3671875,1.015625,-0.2734375,-0.3125
20290,1.123046875,1.044921875,-0.283203125,-0.390625
20291,1.15234375,1.0546875,-0.263671875,-0.3515625
20292,1.07421875,1.005859375,-0.185546875,-0.302734375
20293,1.181640625,1.1328125,-0.15625,-0.283203125
20294,1.1328125,1.0546875,-0.2734375,-0.380859375
20295,1.162109375,1.015625,-0.146484375,-0.33203125
20296,1.19140625,1.015625,-0.283203125,-0.302734375
20297,1.201171875,1.083984375,-0.234375,-0.341796875
20298,1.171875,1.03515625,-0.25390625,-0.29296875
20299,1.23046875,1.11328125,-0.185546875,-0.25390625
20300,1.162109375,1.083984375,-0.25390625,-0.37109375
20301,1.240234375,1.09375,-0.1953125,-0.263671875
20302,1.34765625,1.015625,-0.185546875,-0.37109375
20303,1.181640625,1.044921875,-0.283203125,-0.341796875
20304,1.19140625,1.005859375,-0.2734375,-0.302734375
20305,1.279296875,1.064453125,-0.283203125,-0.283203125
20306,1.103515625,1.11328125,-0.234375,-0.4296875
20307,1.171875,1.083984375,-0.224609375,-0.341796875
20308,1.19140625,1.181640625,-0.419921875,-0.3125
20309,1.171875,1.142578125,-0.263671875,-0.3125
20310,1.171875,1.083984375,-0.185546875,-0.322265625
20311,1.23046875,1.328125,-0.400390625,-0.25390625
20312,1.2109375,1.142578125,-0.29296875,-0.400390625
20313,1.142578125,1.09375,-0.263671875,-0.29296875
20314,1.30859375,1.162109375,-0.341796875,-0.302734375
20315,1.26953125,1.09375,-0.25390625,-0.29296875
20316,1.26953125,1.103515625,-0.224609375,-0.3515625
20317,1.38671875,1.2890625,-0.361328125,-0.25390625
20318,1.26953125,1.0546875,-0.166015625,-0.25390625
20319,1.337890625,1.083984375,-0.234375,-0.458984375
20320,1.23046875,1.142578125,-0.3515625,-0.283203125
20321,1.30859375,1.142578125,-0.322265625,-0.5078125
20322,1.220703125,1.11328125,-0.37109375,-0.1953125
20323,1.142578125,1.1328125,-0.146484375,-0.3125
20324,1.171875,1.2109375,-0.46875,-0.390625
20325,1.240234375,1.0546875,-0.361328125,-0.21484375
20326,1.15234375,1.259765625,-0.263671875,-0.302734375
20327,1.259765625,1.09375,-0.322265625,-0.205078125
20328,1.171875,1.123046875,-0.2734375,-0.21484375
20329,1.2109375,1.03515625,-0.4296875,-0.21484375
20330,1.337890625,1.09375,-0.3515625,-0.244140625
20331,1.09375,1.09375,-0.25390625,-0.21484375
20332,1.30859375,1.064453125,-0.390625,-0.25390625
20333,1.240234375,0.99609375,-0.419921875,-0.234375
20334,1.220703125,1.07421875,-0.283203125,-0.3515625
20335,1.1328125,1.162109375,-0.33203125,-0.2734375
20336,1.298828125,1.103515625,-0.283203125,-0.322265625
20337,1.07421875,1.064453125,-0.21484375,-0.25390625
20338,1.259765625,1.07421875,-0.361328125,-0.25390625
20339,1.26953125,0.986328125,-0.302734375,-0.2734375
20340,1.2890625,1.025390625,-0.361328125,-0.3125
20341,1.298828125,1.044921875,-0.33203125,-0.29296875
20342,1.220703125,1.064453125,-0.205078125,-0.29296875
20343,1.201171875,1.083984375,-0.29296875,-0.224609375
20344,1.26953125,1.162109375,-0.3515625,-0.2734375
20345,1.240234375,0.927734375,-0.46875,-0.263671875
20346,1.15234375,1.044921875,-0.37109375,-0.4296875
20347,1.23046875,0.95703125,-0.341796875,-0.1953125
20348,1.240234375,1.26953125,-0.361328125,-0.15625
20349,1.240234375,1.083984375,-0.322265625,-0.1953125
20350,1.142578125,1.103515625,-0.361328125,-0.244140625
20351,1.201171875,0.986328125,-0.302734375,-0.17578125
20352,1.181640625,1.03515625,-0.25390625,-0.185546875
20353,1.240234375,1.044921875,-0.3515625,-0.21484375
20354,1.2109375,1.015625,-0.341796875,-0.166015625
20355,1.201171875,1.03515625,-0.2734375,-0.205078125
20356,1.201171875,1.025390625,-0.419921875,-0.224609375
20357,1.220703125,1.07421875,-0.13671875,-0.185546875
20358,1.34765625,1.064453125,-0.361328125,-0.048828125
20359,1.259765625,1.025390625,-0.322265625,-0.1953125
20360,1.240234375,1.11328125,-0.341796875,-0.3125
20361,1.26953125,1.083984375,-0.2734375,-0.3515625
20362,1.15234375,1.15234375,-0.25390625,-0.302734375
20363,1.26953125,1.044921875,-0.400390625,-0.205078125
20364,1.26953125,1.083984375,-0.263671875,-0.390625
20365,1.044921875,1.083984375,-0.224609375,-0.29296875
20366,1.259765625,1.044921875,-0.244140625,-0.1953125
20367,1.23046875,1.03515625,-0.283203125,-0.107421875
20368,1.240234375,1.123046875,-0.3515625,-0.361328125
20369,1.337890625,1.015625,-0.390625,-0.302734375
20370,1.2109375,1.25,-0.33203125,-0.263671875
20371,1.25,1.1328125,-0.33203125,-0.234375
20372,1.15234375,1.064453125,-0.33203125,-0.205078125
20373,1.201171875,1.103515625,-0.2734375,-0.322265625
20374,1.25,1.103515625,-0.2734375,-0.13671875
20375,1.220703125,1.318359375,-0.2734375,-0.21484375
20376,1.19140625,1.0546875,-0.17578125,-0.322265625
20377,1.23046875,1.1328125,-0.322265625,-0.3125
20378,1.181640625,1.123046875,-0.4296875,-0.283203125
20379,1.240234375,1.162109375,-0.29296875,-0.224609375
20380,1.162109375,1.103515625,-0.3125,-0.205078125
20381,1.259765625,1.044921875,-0.361328125,-0.1953125
20382,1.171875,0.986328125,-0.380859375,-0.234375
20383,1.23046875,1.103515625,-0.361328125,-0.25390625
20384,1.259765625,1.11328125,-0.3125,-0.283203125
20385,1.201171875,1.15234375,-0.185546875,-0.263671875
20386,1.328125,1.103515625,-0.2734375,-0.1953125
20387,1.142578125,1.15234375,-0.21484375,-0.33203125
20388,1.25,1.171875,-0.1171875,-0.37109375
20389,1.26953125,1.123046875,-0.322265625,-0.1953125
20390,1.15234375,1.162109375,-0.2734375,-0.322265625
20391,1.201171875,1.07421875,-0.234375,-0.37109375
20392,1.328125,1.103515625,-0.283203125,-0.263671875
20393,1.279296875,0.927734375,-0.33203125,-0.224609375
20394,1.26953125,0.95703125,-0.15625,-0.146484375
20395,1.19140625,1.044921875,-0.283203125,-0.234375
20396,1.25,1.103515625,-0.185546875,-0.21484375
20397,1.201171875,1.328125,-0.380859375,-0.439453125
20398,1.240234375,1.123046875,-0.283203125,-0.283203125
20399,1.220703125,1.044921875,-0.380859375,-0.322265625
20400,1.240234375,1.1328125,-0.244140625,-0.25390625
20401,1.23046875,1.11328125,-0.2734375,-0.3515625
20402,1.240234375,1.279296875,-0.302734375,-0.2734375
20403,1.19140625,1.1328125,-0.361328125,-0.205078125
20404,1.201171875,1.083984375,-0.2734375,-0.15625
20405,1.25,1.044921875,-0.419921875,-0.3125
20406,1.298828125,1.064453125,-0.1953125,-0.341796875
20407,1.1328125,1.07421875,-0.322265625,-0.234375
20408,1.220703125,1.171875,-0.400390625,-0.29296875
20409,1.26953125,1.015625,-0.33203125,-0.244140625
20410,1.259765625,1.07421875,-0.1953125,-0.244140625
20411,1.38671875,1.064453125,-0.41015625,-0.1953125
20412,1.201171875,1.11328125,-0.400390625,-0.283203125
20413,1.220703125,1.103515625,-0.2734375,-0.33203125
20414,1.337890625,1.083984375,-0.380859375,-0.25390625
20415,1.2109375,1.064453125,-0.37109375,-0.302734375
20416,1.142578125,1.083984375,-0.2734375,-0.263671875
20417,1.19140625,1.123046875,-0.2734375,-0.302734375
20418,1.240234375,1.11328125,-0.283203125,-0.283203125
20419,1.181640625,1.1328125,-0.3125,-0.283203125
20420,1.171875,1.2109375,-0.29296875,-0.3515625
20421,1.25,1.123046875,-0.3125,-0.29296875
20422,1.30859375,1.15234375,-0.2734375,-0.302734375
20423,1.3671875,1.2109375,-0.3125,-0.33203125
20424,1.240234375,1.15234375,-0.458984375,-0.3515625
20425,1.25,1.1328125,-0.263671875,-0.263671875
20426,1.171875,1.123046875,-0.2734375,-0.244140625
20427,1.2890625,0.99609375,-0.263671875,-0.361328125
20428,1.220703125,1.1328125,-0.263671875,-0.234375
20429,1.26953125,1.19140625,-0.322265625,-0.263671875
20430,1.220703125,1.09375,-0.234375,-0.3515625
20431,1.2109375,1.064453125,-0.37109375,-0.41015625
20432,1.26953125,1.11328125,-0.380859375,-0.3125
20433,1.2890625,1.19140625,-0.3125,-0.322265625
20434,1.142578125,1.142578125,-0.3515625,-0.3125
20435,1.2109375,1.103515625,-0.283203125,-0.341796875
20436,1.23046875,1.171875,-0.33203125,-0.322265625
20437,1.25,1.044921875,-0.322265625,-0.1953125
20438,1.2109375,1.1328125,-0.224609375,-0.419921875
20439,1.2890625,1.0546875,-0.087890625,-0.380859375
20440,1.259765625,1.201171875,-0.2734375,-0.498046875
20441,1.26953125,1.09375,-0.322265625,-0.263671875
20442,1.357421875,1.03515625,-0.3515625,-0.341796875
20443,1.23046875,1.123046875,-0.341796875,-0.3125
20444,1.298828125,1.181640625,-0.37109375,-0.29296875
20445,1.25,1.07421875,-0.25390625,-0.341796875
20446,1.259765625,1.123046875,-0.234375,-0.322265625
20447,1.357421875,1.19140625,-0.25390625,-0.390625
20448,1.19140625,1.259765625,-0.439453125,-0.322265625
20449,1.259765625,1.1328125,-0.263671875,-0.5078125
20450,1.123046875,1.142578125,-0.17578125,-0.25390625
20451,1.201171875,1.181640625,-0.37109375,-0.341796875
20452,1.2109375,1.11328125,-0.302734375,-0.458984375
20453,1.044921875,1.171875,-0.224609375,-0.302734375
20454,1.162109375,1.103515625,-0.2734375,-0.322265625
20455,1.201171875,1.064453125,-0.205078125,-0.341796875
20456,1.19140625,1.083984375,-0.263671875,-0.17578125
20457,1.220703125,1.15234375,-0.322265625,-0.322265625
20458,1.201171875,1.171875,-0.29296875,-0.419921875
20459,1.2890625,1.103515625,-0.302734375,-0.33203125
20460,1.171875,1.09375,-0.1953125,-0.322265625
20461,1.142578125,1.19140625,-0.263671875,-0.1171875
20462,1.2109375,1.09375,-0.17578125,-0.3515625
20463,1.123046875,1.2109375,-0.244140625,-0.322265625
20464,1.171875,1.044921875,-0.29296875,-0.341796875
20465,1.07421875,1.0546875,-0.302734375,-0.244140625
20466,1.1328125,1.07421875,-0.166015625,-0.361328125
20467,1.220703125,1.142578125,-0.13671875,-0.3515625
20468,1.19140625,1.07421875,-0.205078125,-0.244140625
20469,1.279296875,1.0546875,-0.21484375,-0.322265625
20470,1.2109375,1.142578125,-0.224609375,-0.2734375
20471,1.162109375,1.09375,-0.3125,-0.283203125
20472,1.123046875,1.123046875,-0.380859375,-0.419921875
20473,1.171875,1.201171875,-0.3515625,-0.37109375
20474,1.083984375,1.259765625,-0.3515625,-0.419921875
20475,1.083984375,1.142578125,-0.263671875,-0.33203125
20476,1.2109375,1.23046875,-0.322265625,-0.302734375
20477,1.162109375,1.201171875,-0.419921875,-0.3515625
20478,1.15234375,1.201171875,-0.33203125,-0.3515625
20479,1.15234375,1.19140625,-0.37109375,-0.29296875
20480,1.103515625,1.201171875,-0.3125,-0.390625
20481,1.171875,1.259765625,-0.263671875,-0.283203125
20482,1.123046875,1.162109375,-0.29296875,-0.185546875
20483,1.2109375,1.2109375,-0.25390625,-0.400390625
20484,1.11328125,1.1328125,-0.263671875,-0.3515625
20485,1.181640625,1.240234375,-0.37109375,-0.41015625
20486,1.09375,1.240234375,-0.283203125,-0.3125
20487,1.07421875,1.2109375,-0.263671875,-0.380859375
20488,1.25,1.19140625,-0.302734375,-0.41015625
20489,1.15234375,1.19140625,-0.224609375,-0.3515625
20490,1.318359375,1.201171875,-0.29296875,-0.390625
20491,1.25,1.11328125,-0.25390625,-0.380859375
20492,1.23046875,1.201171875,-0.25390625,-0.56640625
20493,1.171875,1.181640625,-0.3515625,-0.419921875
20494,1.083984375,1.3671875,-0.185546875,-0.41015625
20495,1.162109375,1.171875,-0.15625,-0.380859375
20496,1.162109375,1.19140625,-0.244140625,-0.361328125
20497,1.26953125,1.259765625,-0.21484375,-0.380859375
20498,1.240234375,1.220703125,-0.205078125,-0.390625
20499,1.201171875,1.181640625,-0.29296875,-0.41015625
20500,1.181640625,1.162109375,-0.3515625,-0.419921875
20501,1.1328125,1.259765625,-0.2734375,-0.361328125
20502,0.95703125,1.171875,-0.29296875,-0.33203125
20503,1.298828125,1.03515625,-0.21484375,-0.400390625
20504,1.142578125,1.220703125,-0.3125,-0.419921875
20505,1.142578125,1.162109375,-0.263671875,-0.380859375
20506,1.171875,1.2890625,-0.185546875,-0.4296875
20507,1.1328125,1.3671875,-0.3125,-0.341796875
20508,1.1328125,1.15234375,-0.3125,-0.498046875
20509,1.07421875,1.0546875,-0.3515625,-0.4296875
20510,1.142578125,1.25,-0.380859375,-0.400390625
20511,1.15234375,1.171875,-0.244140625,-0.37109375
20512,1.064453125,1.07421875,-0.3125,-0.37109375
20513,1.103515625,1.337890625,-0.224609375,-0.361328125
20514,1.220703125,1.181640625,-0.244140625,-0.3515625
20515,1.09375,1.2109375,-0.25390625,-0.3515625
20516,1.162109375,1.26953125,-0.205078125,-0.33203125
20517,1.171875,1.181640625,-0.263671875,-0.400390625
20518,1.318359375,1.259765625,-0.302734375,-0.361328125
20519,1.11328125,1.044921875,-0.3515625,-0.33203125
20520,1.220703125,1.171875,-0.234375,-0.439453125
20521,1.171875,0.908203125,-0.41015625,-0.322265625
20522,1.2109375,1.103515625,-0.05859375,-0.615234375
20523,1.162109375,1.005859375,-0.224609375,-0.439453125
20524,1.318359375,1.357421875,-0.283203125,-0.380859375
20525,1.259765625,1.11328125,-0.2734375,-0.302734375
20526,1.11328125,1.181640625,-0.29296875,-0.556640625
20527,1.220703125,1.103515625,-0.37109375,-0.390625
20528,1.171875,1.201171875,-0.380859375,-0.37109375
20529,1.19140625,1.162109375,-0.3125,-0.400390625
20530,1.162109375,1.064453125,-0.3125,-0.44921875
20531,1.23046875,1.19140625,-0.3125,-0.5078125
20532,1.23046875,1.15234375,-0.322265625,-0.41015625
20533,1.23046875,1.15234375,-0.419921875,-0.419921875
20534,1.181640625,1.19140625,-0.205078125,-0.37109375
20535,1.171875,1.181640625,-0.2734375,-0.283203125
20536,1.11328125,1.142578125,-0.244140625,-0.37109375
20537,1.19140625,1.2109375,-0.224609375,-0.3515625
20538,1.220703125,1.15234375,-0.361328125,-0.44921875
20539,1.23046875,1.15234375,-0.234375,-0.322265625
20540,1.2890625,1.1328125,-0.263671875,-0.361328125
20541,1.181640625,1.123046875,-0.263671875,-0.361328125
20542,1.181640625,1.123046875,-0.17578125,-0.380859375
20543,1.2109375,1.15234375,-0.205078125,-0.361328125
20544,1.181640625,1.123046875,-0.224609375,-0.302734375
20545,1.25,1.123046875,-0.322265625,-0.33203125
20546,1.11328125,1.03515625,-0.29296875,-0.400390625
20547,1.1328125,1.083984375,-0.2734375,-0.419921875
20548,1.142578125,1.171875,-0.25390625,-0.400390625
20549,1.09375,1.15234375,-0.205078125,-0.37109375
20550,1.2109375,1.181640625,-0.3125,-0.400390625
20551,1.103515625,1.103515625,-0.21484375,-0.361328125
20552,1.1328125,1.181640625,-0.244140625,-0.341796875
20553,1.142578125,1.11328125,-0.33203125,-0.33203125
20554,0.966796875,1.1328125,-0.25390625,-0.390625
20555,1.15234375,1.171875,-0.283203125,-0.400390625
20556,1.083984375,1.181640625,-0.244140625,-0.439453125
20557,1.07421875,1.11328125,-0.166015625,-0.439453125
20558,1.171875,1.15234375,-0.166015625,-0.498046875
20559,1.064453125,1.11328125,-0.2734375,-0.380859375
20560,1.171875,0.986328125,-0.234375,-0.439453125
20561,1.142578125,1.1328125,-0.458984375,-0.5078125
20562,1.171875,0.927734375,-0.21484375,-0.5859375
20563,1.23046875,1.1328125,-0.302734375,-0.361328125
20564,1.19140625,1.15234375,-0.283203125,-0.46875
20565,1.162109375,1.005859375,-0.322265625,-0.244140625
20566,1.171875,1.171875,-0.3125,-0.546875
20567,1.03515625,1.123046875,-0.33203125,-0.478515625
20568,1.19140625,1.083984375,-0.283203125,-0.439453125
20569,1.162109375,1.103515625,-0.234375,-0.302734375
20570,1.064453125,1.1328125,-0.3125,-0.361328125
20571,1.201171875,1.09375,-0.263671875,-0.400390625
20572,1.259765625,1.123046875,-0.283203125,-0.400390625
20573,1.38671875,1.083984375,-0.1953125,-0.361328125
20574,1.19140625,1.09375,-0.13671875,-0.439453125
20575,1.07421875,1.103515625,-0.263671875,-0.517578125
20576,1.0546875,1.11328125,-0.13671875,-0.400390625
20577,1.1328125,1.328125,-0.146484375,-0.341796875
20578,1.142578125,1.11328125,-0.244140625,-0.458984375
20579,1.09375,0.95703125,-0.283203125,-0.4296875
20580,1.15234375,1.162109375,-0.234375,-0.41015625
20581,1.025390625,1.09375,-0.263671875,-0.4296875
20582,1.1328125,1.19140625,-0.224609375,-0.3515625
20583,1.1328125,1.09375,-0.361328125,-0.478515625
20584,1.07421875,1.103515625,-0.234375,-0.244140625
20585,1.09375,1.11328125,-0.390625,-0.41015625
20586,1.181640625,0.99609375,-0.244140625,-0.3125
20587,1.181640625,1.123046875,-0.29296875,-0.439453125
20588,1.11328125,1.09375,-0.25390625,-0.400390625
20589,1.220703125,1.07421875,-0.17578125,-0.302734375
20590,1.11328125,1.181640625,-0.224609375,-0.185546875
20591,1.19140625,1.123046875,-0.234375,-0.478515625
20592,1.142578125,1.142578125,-0.1953125,-0.3515625
20593,1.2109375,1.1328125,-0.205078125,-0.4296875
20594,1.1328125,1.11328125,-0.15625,-0.4296875
20595,1.181640625,1.09375,-0.1953125,-0.361328125
20596,1.181640625,1.162109375,-0.224609375,-0.3125
20597,1.1328125,1.162109375,-0.283203125,-0.29296875
20598,1.181640625,1.171875,-0.380859375,-0.3125
20599,1.083984375,1.181640625,-0.185546875,-0.361328125
20600,1.171875,1.11328125,-0.205078125,-0.419921875
20601,1.15234375,1.171875,-0.205078125,-0.400390625
20602,1.162109375,1.103515625,-0.224609375,-0.439453125
20603,1.376953125,1.11328125,-0.126953125,-0.400390625
20604,1.171875,1.162109375,-0.2734375,-0.439453125
20605,1.142578125,1.181640625,-0.224609375,-0.517578125
20606,1.162109375,1.123046875,-0.205078125,-0.37109375
20607,1.162109375,1.1328125,-0.166015625,-0.41015625
20608,1.171875,1.11328125,-0.166015625,-0.33203125
20609,1.15234375,1.1328125,-0.205078125,-0.4296875
20610,1.181640625,1.142578125,-0.33203125,-0.341796875
20611,1.201171875,1.103515625,-0.302734375,-0.37109375
20612,1.171875,1.142578125,-0.322265625,-0.3515625
20613,1.2109375,1.03515625,-0.17578125,-0.400390625
20614,1.171875,1.025390625,-0.283203125,-0.400390625
20615,1.240234375,1.123046875,-0.302734375,-0.341796875
20616,1.220703125,1.15234375,-0.2734375,-0.29296875
20617,1.19140625,1.142578125,-0.4296875,-0.3125
20618,1.142578125,1.083984375,-0.29296875,-0.33203125
20619,1.26953125,1.083984375,-0.341796875,-0.25390625
20620,1.19140625,1.0546875,-0.25390625,-0.263671875
20621,1.201171875,1.1328125,-0.29296875,-0.419921875
20622,1.25,1.220703125,-0.234375,-0.37109375
20623,1.201171875,1.103515625,-0.087890625,-0.576171875
20624,1.298828125,1.11328125,-0.302734375,-0.390625
20625,1.2109375,1.0546875,-0.37109375,-0.3515625
20626,1.19140625,1.123046875,-0.21484375,-0.537109375
20627,1.34765625,1.09375,-0.283203125,-0.419921875
20628,1.259765625,1.09375,-0.33203125,-0.29296875
20629,1.220703125,1.23046875,-0.322265625,-0.234375
20630,1.23046875,1.181640625,-0.244140625,-0.37109375
20631,1.220703125,1.15234375,-0.302734375,-0.37109375
20632,1.15234375,1.103515625,-0.33203125,-0.1953125
20633,1.201171875,1.142578125,-0.29296875,-0.400390625
20634,1.2109375,1.0546875,-0.29296875,-0.3125
20635,1.2109375,1.1328125,-0.224609375,-0.4296875
20636,1.07421875,1.09375,-0.263671875,-0.46875
20637,1.201171875,1.103515625,-0.205078125,-0.3125
20638,1.201171875,1.181640625,-0.29296875,-0.234375
20639,1.2890625,1.083984375,-0.25390625,-0.322265625
20640,1.25,1.103515625,-0.1953125,-0.380859375
20641,1.201171875,1.083984375,-0.126953125,-0.4296875
20642,1.279296875,1.0546875,-0.244140625,-0.302734375
20643,1.171875,0.9375,-0.244140625,-0.37109375
20644,1.23046875,1.1328125,-0.29296875,-0.322265625
20645,1.240234375,1.064453125,-0.224609375,-0.576171875
20646,1.19140625,1.142578125,-0.302734375,-0.29296875
20647,1.298828125,1.279296875,-0.21484375,-0.439453125
20648,1.220703125,1.123046875,-0.29296875,-0.4296875
20649,1.318359375,1.171875,-0.17578125,-0.283203125
20650,1.259765625,1.142578125,-0.3125,-0.390625
20651,1.3671875,1.123046875,-0.234375,-0.361328125
20652,1.25,1.15234375,-0.185546875,-0.33203125
20653,1.298828125,1.171875,-0.37109375,-0.4296875
20654,1.34765625,1.103515625,-0.244140625,-0.33203125
20655,1.4453125,1.123046875,-0.09765625,-0.380859375
20656,1.279296875,1.123046875,-0.37109375,-0.341796875
20657,1.279296875,1.0546875,-0.205078125,-0.439453125
20658,1.220703125,1.083984375,-0.41015625,-0.341796875
20659,1.19140625,1.220703125,-0.2734375,-0.3515625
20660,1.240234375,1.142578125,-0.25390625,-0.4296875
20661,1.337890625,1.23046875,-0.234375,-0.37109375
20662,1.337890625,1.083984375,-0.205078125,-0.390625
20663,1.2109375,1.123046875,-0.25390625,-0.283203125
20664,1.171875,1.103515625,-0.17578125,-0.400390625
20665,1.19140625,1.09375,-0.234375,-0.3125
20666,1.328125,1.142578125,-0.21484375,-0.419921875
20667,1.15234375,1.171875,-0.15625,-0.400390625
20668,1.23046875,0.9765625,-0.341796875,-0.41015625
20669,1.240234375,1.083984375,-0.2734375,-0.458984375
20670,1.103515625,1.064453125,-0.17578125,-0.41015625
20671,1.26953125,1.15234375,-0.244140625,-0.390625
20672,1.2890625,1.09375,-0.224609375,-0.595703125
20673,1.259765625,1.142578125,-0.322265625,-0.419921875
20674,1.26953125,1.083984375,-0.2734375,-0.400390625
20675,1.2890625,1.123046875,-0.146484375,-0.576171875
20676,1.298828125,1.09375,-0.1953125,-0.439453125
20677,1.23046875,1.103515625,-0.185546875,-0.322265625
20678,1.298828125,1.11328125,-0.21484375,-0.46875
20679,1.279296875,1.1328125,-0.25390625,-0.361328125
20680,1.15234375,1.2109375,-0.224609375,-0.33203125
20681,1.240234375,1.11328125,-0.224609375,-0.361328125
20682,1.328125,1.1328125,-0.263671875,-0.3125
20683,1.23046875,1.11328125,-0.322265625,-0.341796875
20684,1.25,1.123046875,-0.283203125,-0.419921875
20685,1.083984375,1.083984375,-0.205078125,-0.13671875
20686,1.2109375,1.103515625,-0.41015625,-0.33203125
20687,1.11328125,1.07421875,-0.3515625,-0.37109375
20688,1.123046875,1.123046875,-0.283203125,-0.283203125
20689,1.1328125,1.40625,-0.419921875,-0.361328125
20690,1.2109375,1.11328125,-0.263671875,-0.37109375
20691,1.19140625,1.15234375,-0.302734375,-0.1171875
20692,1.11328125,0.9765625,-0.3125,-0.37109375
20693,1.162109375,1.318359375,-0.380859375,-0.107421875
20694,1.181640625,1.11328125,-0.205078125,-0.44921875
20695,1.220703125,0.859375,-0.263671875,-0.29296875
20696,1.171875,1.181640625,-0.3125,-0.361328125
20697,0.986328125,1.123046875,-0.244140625,-0.2734375
20698,1.15234375,0.908203125,-0.21484375,-0.302734375
20699,1.123046875,1.11328125,-0.283203125,-0.390625
20700,1.171875,1.123046875,-0.21484375,-0.341796875
20701,1.279296875,1.259765625,-0.17578125,-0.3125
20702,1.220703125,1.07421875,-0.244140625,-0.37109375
20703,1.11328125,1.11328125,-0.263671875,-0.126953125
20704,1.318359375,0.869140625,-0.17578125,-0.3125
20705,1.142578125,1.19140625,-0.234375,-0.302734375
20706,1.11328125,1.044921875,-0.166015625,-0.439453125
20707,1.220703125,1.123046875,-0.21484375,-0.302734375
20708,1.201171875,1.07421875,-0.234375,-0.29296875
20709,1.171875,1.103515625,-0.21484375,-0.33203125
20710,1.23046875,1.11328125,-0.17578125,-0.390625
20711,1.142578125,1.044921875,-0.15625,-0.37109375
20712,1.2109375,1.044921875,-0.146484375,-0.244140625
20713,1.171875,1.11328125,-0.15625,-0.3125
20714,1.240234375,0.9765625,-0.25390625,-0.41015625
20715,1.318359375,1.015625,-0.29296875,-0.322265625
20716,1.162109375,1.103515625,-0.17578125,-0.400390625
20717,1.2109375,1.064453125,-0.09765625,-0.2734375
20718,1.220703125,1.015625,-0.078125,-0.263671875
20719,1.19140625,1.005859375,-0.185546875,-0.322265625
20720,1.240234375,1.083984375,-0.205078125,-0.341796875
20721,1.259765625,1.025390625,-0.283203125,-0.439453125
20722,1.26953125,1.0546875,-0.361328125,-0.33203125
20723,1.23046875,0.859375,-0.341796875,-0.3515625
20724,1.25,1.064453125,-0.166015625,-0.029296875
20725,1.279296875,1.123046875,-0.234375,-0.3125
20726,1.123046875,0.95703125,-0.3125,-0.302734375
20727,1.1328125,1.11328125,-0.302734375,-0.234375
20728,1.1328125,0.986328125,-0.302734375,-0.322265625
20729,1.171875,1.123046875,-0.224609375,-0.322265625
20730,1.162109375,1.044921875,-0.283203125,-0.2734375
20731,1.123046875,1.03515625,-0.380859375,-0.390625
20732,1.26953125,1.025390625,-0.2734375,-0.302734375
20733,1.142578125,1.07421875,-0.283203125,-0.361328125
20734,1.181640625,1.03515625,-0.3125,-0.2734375
20735,1.259765625,1.07421875,-0.09765625,-0.33203125
20736,1.15234375,1.09375,-0.205078125,-0.37109375
20737,1.2109375,1.123046875,-0.21484375,-0.37109375
20738,1.181640625,1.025390625,-0.17578125,-0.322265625
20739,1.19140625,1.0546875,-0.3125,-0.361328125
20740,1.142578125,1.103515625,-0.234375,-0.263671875
20741,1.171875,1.171875,-0.234375,-0.33203125
20742,1.123046875,1.044921875,-0.234375,-0.21484375
20743,1.19140625,1.103515625,-0.234375,-0.33203125
20744,1.23046875,1.005859375,-0.33203125,-0.322265625
20745,1.19140625,0.99609375,-0.41015625,-0.21484375
20746,1.259765625,1.083984375,-0.234375,-0.341796875
20747,1.142578125,1.09375,-0.1953125,-0.29296875
20748,1.201171875,1.162109375,-0.166015625,-0.244140625
20749,1.201171875,1.09375,-0.33203125,-0.29296875
20750,1.23046875,1.064453125,-0.322265625,-0.3125
20751,1.2109375,1.26953125,-0.263671875,-0.263671875
20752,1.220703125,1.15234375,-0.341796875,-0.2734375
20753,1.298828125,1.298828125,-0.341796875,-0.21484375
20754,1.142578125,1.171875,-0.3125,-0.390625
20755,1.15234375,1.11328125,-0.2734375,-0.283203125
20756,1.201171875,1.15234375,-0.3515625,-0.322265625
20757,1.171875,1.162109375,-0.2734375,-0.244140625
20758,1.298828125,1.123046875,-0.29296875,-0.33203125
20759,1.220703125,1.103515625,-0.33203125,-0.2734375
20760,1.171875,1.025390625,-0.380859375,-0.263671875
20761,1.19140625,1.103515625,-0.302734375,-0.25390625
20762,1.025390625,1.103515625,-0.390625,-0.244140625
20763,1.220703125,1.083984375,-0.21484375,-0.302734375
20764,1.259765625,1.123046875,-0.322265625,-0.17578125
20765,1.26953125,1.298828125,-0.2734375,-0.25390625
20766,1.19140625,1.083984375,-0.3125,-0.33203125
20767,1.220703125,1.09375,-0.3125,-0.068359375
20768,1.240234375,0.91796875,-0.17578125,-0.263671875
20769,1.2890625,1.142578125,-0.380859375,-0.1953125
20770,1.142578125,1.09375,-0.302734375,-0.25390625
20771,1.259765625,1.044921875,-0.37109375,-0.263671875
20772,1.2109375,0.83984375,-0.224609375,-0.322265625
20773,1.25,1.07421875,-0.322265625,-0.2734375
20774,1.2890625,1.064453125,-0.21484375,-0.283203125
20775,1.240234375,1.1328125,-0.4296875,-0.283203125
20776,1.2109375,1.07421875,-0.380859375,-0.400390625
20777,1.142578125,1.005859375,-0.46875,-0.25390625
20778,1.23046875,1.123046875,-0.2734375,-0.25390625
20779,1.220703125,1.083984375,-0.390625,-0.41015625
20780,1.2109375,1.1328125,-0.341796875,-0.283203125
20781,1.181640625,1.07421875,-0.458984375,-0.224609375
20782,1.19140625,1.044921875,-0.400390625,-0.29296875
20783,1.19140625,1.162109375,-0.41015625,-0.224609375
20784,1.181640625,1.1328125,-0.390625,-0.15625
20785,1.15234375,1.083984375,-0.361328125,-0.107421875
20786,1.23046875,1.064453125,-0.390625,-0.244140625
20787,1.171875,1.064453125,-0.400390625,-0.224609375
20788,1.19140625,1.11328125,-0.37109375,-0.15625
20789,1.11328125,1.09375,-0.3125,-0.185546875
20790,1.064453125,1.123046875,-0.3125,-0.2734375
20791,1.171875,1.103515625,-0.283203125,-0.15625
20792,1.1328125,1.015625,-0.244140625,-0.25390625
20793,1.09375,0.830078125,-0.21484375,-0.29296875
20794,1.171875,1.162109375,-0.205078125,-0.498046875
20795,1.201171875,1.11328125,-0.234375,-0.29296875
20796,1.044921875,1.083984375,-0.205078125,-0.263671875
20797,1.181640625,1.064453125,-0.224609375,-0.302734375
20798,1.19140625,1.15234375,-0.341796875,-0.263671875
20799,1.23046875,1.201171875,-0.1953125,-0.234375
20800,1.181640625,0.99609375,-0.2734375,-0.2734375
20801,1.162109375,1.083984375,-0.263671875,-0.205078125
20802,1.11328125,1.201171875,-0.283203125,-0.2734375
20803,1.142578125,1.0546875,-0.302734375,-0.302734375
20804,1.26953125,1.0546875,-0.25390625,-0.283203125
20805,1.123046875,1.181640625,-0.3515625,-0.244140625
20806,1.142578125,1.103515625,-0.29296875,-0.1953125
20807,1.09375,1.0546875,-0.3125,-0.1953125
20808,1.171875,1.103515625,-0.322265625,-0.234375
20809,1.259765625,1.064453125,-0.341796875,-0.2734375
20810,1.23046875,1.11328125,-0.3125,-0.185546875
20811,1.357421875,1.07421875,-0.390625,-0.21484375
20812,1.220703125,1.19140625,-0.3515625,-0.244140625
20813,1.220703125,1.03515625,-0.29296875,-0.283203125
20814,1.201171875,1.123046875,-0.361328125,-0.25390625
20815,1.23046875,1.23046875,-0.3125,-0.3125
20816,1.044921875,1.15234375,-0.33203125,-0.400390625
20817,1.3671875,1.201171875,-0.361328125,-0.283203125
20818,1.240234375,1.07421875,-0.17578125,-0.322265625
20819,1.25,1.09375,-0.29296875,-0.380859375
20820,1.09375,1.142578125,-0.21484375,-0.263671875
20821,1.201171875,1.0546875,-0.33203125,-0.185546875
20822,1.15234375,1.07421875,-0.2734375,-0.302734375
20823,1.279296875,0.927734375,-0.29296875,-0.263671875
20824,1.2109375,1.23046875,-0.166015625,-0.126953125
20825,1.30859375,1.123046875,-0.283203125,-0.3515625
20826,1.2109375,1.162109375,-0.302734375,-0.29296875
20827,1.162109375,1.259765625,-0.33203125,-0.3515625
20828,1.201171875,1.025390625,-0.283203125,-0.390625
20829,1.220703125,1.083984375,-0.3125,-0.3515625
20830,1.181640625,0.8984375,-0.263671875,-0.33203125
20831,1.220703125,1.11328125,-0.2734375,-0.302734375
20832,1.201171875,1.064453125,-0.1953125,-0.3125
20833,1.26953125,0.966796875,-0.3125,-0.33203125
20834,1.162109375,1.07421875,-0.33203125,-0.25390625
20835,1.337890625,1.103515625,-0.25390625,-0.244140625
20836,1.181640625,1.064453125,-0.224609375,-0.361328125
20837,1.181640625,1.064453125,-0.341796875,-0.09765625
20838,1.09375,1.083984375,-0.17578125,-0.205078125
20839,1.2109375,1.15234375,-0.302734375,-0.361328125
20840,1.181640625,1.0546875,-0.17578125,-0.302734375
20841,1.2890625,1.09375,-0.3125,-0.2734375
20842,1.23046875,1.07421875,-0.224609375,-0.21484375
20843,1.259765625,1.181640625,-0.3125,-0.029296875
20844,1.328125,1.123046875,-0.3125,-0.185546875
20845,1.220703125,0.9375,-0.234375,-0.263671875
20846,1.171875,1.07421875,-0.3125,-0.2734375
20847,1.23046875,1.103515625,-0.283203125,-0.302734375
20848,1.259765625,1.1328125,-0.302734375,-0.244140625
20849,1.23046875,1.07421875,-0.244140625,-0.283203125
20850,1.318359375,1.103515625,-0.2734375,-0.322265625
20851,1.240234375,1.142578125,-0.302734375,-0.283203125
20852,1.19140625,1.162109375,-0.283203125,-0.1953125
20853,1.240234375,1.162109375,-0.302734375,-0.283203125
20854,1.240234375,1.103515625,-0.234375,-0.21484375
20855,1.220703125,1.15234375,-0.25390625,-0.29296875
20856,1.19140625,1.142578125,-0.224609375,-0.263671875
20857,1.19140625,1.259765625,-0.2734375,-0.322265625
20858,1.220703125,1.103515625,-0.2734375,-0.3125
20859,1.318359375,1.07421875,-0.244140625,-0.3125
20860,1.23046875,1.123046875,-0.390625,-0.234375
20861,1.19140625,1.03515625,-0.322265625,-0.13671875
20862,1.337890625,1.11328125,-0.322265625,-0.361328125
20863,1.19140625,1.181640625,-0.283203125,-0.29296875
20864,1.240234375,1.19140625,-0.419921875,-0.126953125
20865,1.318359375,1.142578125,-0.3125,-0.302734375
20866,1.337890625,1.23046875,-0.3515625,-0.283203125
20867,1.318359375,1.1328125,-0.21484375,-0.419921875
20868,1.181640625,1.103515625,-0.29296875,-0.283203125
20869,1.240234375,1.123046875,-0.556640625,-0.263671875
20870,1.337890625,1.09375,-0.322265625,-0.283203125
20871,1.15234375,1.15234375,-0.322265625,-0.3515625
20872,1.298828125,1.044921875,-0.3515625,-0.361328125
20873,1.2890625,1.07421875,-0.244140625,-0.556640625
20874,1.279296875,1.142578125,-0.283203125,-0.2734375
20875,1.30859375,1.103515625,-0.419921875,-0.302734375
20876,1.240234375,1.123046875,-0.33203125,-0.302734375
20877,1.19140625,1.2109375,-0.185546875,-0.2734375
20878,1.279296875,1.15234375,-0.478515625,-0.3125
20879,1.2890625,1.259765625,-0.1953125,-0.2734375
20880,1.142578125,1.162109375,-0.283203125,-0.33203125
20881,1.23046875,1.103515625,-0.263671875,-0.3125
20882,1.220703125,1.220703125,-0.244140625,-0.234375
20883,1.240234375,1.19140625,-0.3125,-0.546875
20884,1.201171875,1.083984375,-0.41015625,-0.3125
20885,1.201171875,1.162109375,-0.302734375,-0.361328125
20886,1.25,1.103515625,-0.244140625,-0.263671875
20887,1.298828125,1.259765625,-0.33203125,-0.2734375
20888,1.171875,1.142578125,-0.302734375,-0.37109375
20889,1.2890625,1.15234375,-0.263671875,-0.234375
20890,1.220703125,1.25,-0.1953125,-0.361328125
20891,1.1328125,1.064453125,-0.390625,-0.341796875
20892,1.2109375,1.162109375,-0.21484375,-0.3515625
20893,1.259765625,1.11328125,-0.263671875,-0.3125
20894,1.181640625,1.15234375,-0.234375,-0.2734375
20895,1.15234375,1.1328125,-0.244140625,-0.3125
20896,1.23046875,1.03515625,-0.244140625,-0.29296875
20897,1.083984375,1.07421875,-0.2734375,-0.283203125
20898,1.162109375,1.09375,-0.17578125,-0.126953125
20899,1.171875,1.025390625,-0.21484375,-0.283203125
20900,1.171875,1.064453125,-0.341796875,-0.25390625
20901,1.142578125,1.103515625,-0.380859375,-0.205078125
20902,0.859375,1.103515625,-0.341796875,-0.4296875
20903,1.162109375,1.2109375,-0.380859375,-0.361328125
20904,1.201171875,1.142578125,-0.29296875,-0.44921875
20905,1.1328125,1.103515625,-0.302734375,-0.390625
20906,1.181640625,1.1328125,-0.44921875,-0.380859375
20907,1.123046875,1.23046875,-0.322265625,-0.41015625
20908,1.23046875,1.240234375,-0.33203125,-0.380859375
20909,1.0546875,1.19140625,-0.1953125,-0.361328125
20910,1.123046875,1.240234375,-0.3515625,-0.46875
20911,1.171875,1.23046875,-0.37109375,-0.439453125
20912,1.171875,1.25,-0.390625,-0.341796875
20913,1.181640625,1.240234375,-0.322265625,-0.380859375
20914,1.123046875,1.19140625,-0.3125,-0.302734375
20915,1.220703125,1.25,-0.234375,-0.400390625
20916,1.142578125,1.25,-0.29296875,-0.3125
20917,1.2109375,1.2109375,-0.3125,-0.361328125
20918,1.142578125,1.279296875,-0.3125,-0.341796875
20919,1.162109375,1.25,-0.33203125,-0.419921875
20920,1.11328125,1.23046875,-0.244140625,-0.44921875
20921,1.09375,1.220703125,-0.2734375,-0.390625
20922,1.162109375,1.171875,-0.25390625,-0.41015625
20923,1.181640625,1.201171875,-0.263671875,-0.37109375
20924,1.162109375,1.259765625,-0.33203125,-0.390625
20925,1.23046875,1.26953125,-0.224609375,-0.48828125
20926,1.240234375,1.23046875,-0.2734375,-0.2734375
20927,1.11328125,1.15234375,-0.21484375,-0.37109375
20928,1.220703125,1.25,-0.400390625,-0.498046875
20929,1.162109375,1.23046875,-0.322265625,-0.4296875
20930,1.1328125,1.025390625,-0.322265625,-0.419921875
20931,1.09375,1.279296875,-0.29296875,-0.4296875
20932,1.09375,1.201171875,-0.33203125,-0.2734375
20933,1.142578125,1.259765625,-0.283203125,-0.400390625
20934,1.123046875,1.09375,-0.3515625,-0.5078125
20935,1.07421875,1.19140625,-0.283203125,-0.517578125
20936,1.142578125,1.083984375,-0.380859375,-0.37109375
20937,1.11328125,1.162109375,-0.1953125,-0.400390625
20938,1.123046875,1.23046875,-0.1953125,-0.283203125
20939,1.162109375,1.15234375,-0.302734375,-0.400390625
20940,1.123046875,1.171875,-0.263671875,-0.44921875
20941,1.0546875,1.1328125,-0.3125,-0.400390625
20942,1.123046875,1.171875,-0.29296875,-0.380859375
20943,1.07421875,1.142578125,-0.17578125,-0.25390625
20944,0.927734375,1.181640625,-0.29296875,-0.263671875
20945,1.25,1.220703125,-0.33203125,-0.390625
20946,1.09375,1.220703125,-0.29296875,-0.3515625
20947,1.259765625,1.162109375,-0.302734375,-0.361328125
20948,1.1328125,1.171875,-0.322265625,-0.361328125
20949,1.23046875,1.162109375,-0.390625,-0.283203125
20950,1.2109375,1.1328125,-0.244140625,-0.52734375
20951,1.2109375,1.25,-0.244140625,-0.3125
20952,1.2109375,1.25,-0.25390625,-0.4296875
20953,1.26953125,1.240234375,-0.224609375,-0.400390625
20954,1.162109375,1.181640625,-0.3515625,-0.361328125
20955,1.240234375,1.171875,-0.224609375,-0.400390625
20956,1.162109375,1.220703125,-0.3125,-0.37109375
20957,1.26953125,1.201171875,-0.21484375,-0.380859375
20958,1.1328125,1.220703125,-0.33203125,-0.400390625
20959,1.15234375,1.162109375,-0.29296875,-0.33203125
20960,1.30859375,1.162109375,-0.3125,-0.390625
20961,1.240234375,1.162109375,-0.25390625,-0.380859375
20962,1.318359375,1.23046875,-0.3515625,-0.263671875
20963,1.298828125,1.0546875,-0.322265625,-0.380859375
20964,1.1328125,1.19140625,-0.33203125,-0.419921875
20965,1.162109375,1.103515625,-0.283203125,-0.3125
20966,1.162109375,1.259765625,-0.33203125,-0.380859375
20967,1.15234375,1.09375,-0.380859375,-0.380859375
20968,1.220703125,1.11328125,-0.29296875,-0.263671875
20969,1.26953125,1.142578125,-0.244140625,-0.419921875
20970,1.19140625,1.162109375,-0.419921875,-0.419921875
20971,1.240234375,1.142578125,-0.283203125,-0.458984375
20972,1.2109375,1.171875,-0.234375,-0.3515625
20973,1.19140625,1.083984375,-0.234375,-0.37109375
20974,1.181640625,1.103515625,-0.244140625,-0.400390625
20975,1.09375,1.103515625,-0.244140625,-0.41015625
20976,1.005859375,1.07421875,-0.146484375,-0.234375
20977,1.064453125,1.064453125,-0.361328125,-0.478515625
20978,1.181640625,1.201171875,-0.283203125,-0.390625
20979,1.201171875,1.09375,-0.17578125,-0.361328125
20980,1.15234375,1.0546875,-0.2734375,-0.419921875
20981,1.19140625,1.171875,-0.244140625,-0.361328125
20982,1.171875,1.201171875,-0.21484375,-0.380859375
20983,1.123046875,1.142578125,-0.25390625,-0.244140625
20984,1.103515625,1.15234375,-0.244140625,-0.341796875
20985,1.044921875,1.123046875,-0.234375,-0.419921875
20986,1.162109375,1.259765625,-0.3515625,-0.5078125
20987,1.123046875,1.1328125,-0.322265625,-0.439453125
20988,1.025390625,1.064453125,-0.244140625,-0.46875
20989,1.142578125,1.181640625,-0.1953125,-0.33203125
20990,1.142578125,1.142578125,-0.224609375,-0.4296875
20991,1.044921875,1.09375,-0.25390625,-0.419921875
20992,1.181640625,1.0546875,-0.263671875,-0.41015625
20993,1.123046875,1.171875,-0.234375,-0.419921875
20994,1.123046875,1.03515625,-0.29296875,-0.400390625
20995,1.171875,1.19140625,-0.341796875,-0.33203125
20996,1.181640625,1.142578125,-0.21484375,-0.322265625
20997,1.11328125,1.064453125,-0.2734375,-0.46875
20998,1.15234375,1.09375,-0.400390625,-0.380859375
20999,1.09375,1.15234375,-0.244140625,-0.4296875
21000,1.19140625,1.240234375,-0.224609375,-0.44921875
21001,1.162109375,1.162109375,-0.44921875,-0.361328125
21002,1.083984375,1.064453125,-0.283203125,-0.13671875
21003,1.07421875,1.2109375,-0.1953125,-0.41015625
21004,1.142578125,1.103515625,-0.2734375,-0.380859375
21005,1.0546875,1.2109375,-0.244140625,-0.3515625
21006,1.240234375,1.171875,-0.1953125,-0.439453125
21007,1.123046875,1.19140625,-0.234375,-0.439453125
21008,1.09375,1.1328125,-0.263671875,-0.380859375
21009,1.220703125,1.025390625,-0.25390625,-0.361328125
21010,1.123046875,1.11328125,-0.17578125,-0.48828125
21011,1.162109375,1.162109375,-0.263671875,-0.4296875
21012,1.11328125,1.1328125,-0.185546875,-0.361328125
21013,1.15234375,0.9765625,-0.302734375,-0.37109375
21014,1.201171875,1.142578125,-0.3125,-0.439453125
21015,1.11328125,1.30859375,-0.322265625,-0.4296875
21016,1.123046875,1.181640625,-0.21484375,-0.419921875
21017,1.123046875,1.142578125,-0.322265625,-0.33203125
21018,1.103515625,1.083984375,-0.302734375,-0.390625
21019,1.181640625,0.986328125,-0.25390625,-0.37109375
21020,1.1328125,1.1328125,-0.283203125,-0.419921875
21021,1.279296875,1.142578125,-0.302734375,-0.419921875
21022,1.15234375,1.2109375,-0.400390625,-0.33203125
21023,1.15234375,1.181640625,-0.29296875,-0.400390625
21024,1.220703125,1.220703125,-0.2734375,-0.400390625
21025,1.171875,1.083984375,-0.3515625,-0.478515625
21026,1.171875,1.064453125,-0.29296875,-0.44921875
21027,1.11328125,1.19140625,-0.224609375,-0.4296875
21028,1.1328125,1.181640625,-0.0390625,-0.400390625
21029,1.181640625,1.1328125,-0.1953125,-0.48828125
21030,1.259765625,1.15234375,-0.1953125,-0.48828125
21031,1.19140625,1.11328125,-0.1953125,-0.322265625
21032,1.162109375,1.123046875,-0.205078125,-0.419921875
21033,1.26953125,1.1328125,-0.15625,-0.37109375
21034,1.23046875,1.181640625,-0.302734375,-0.419921875
21035,1.171875,1.15234375,-0.17578125,-0.37109375
21036,1.26953125,1.09375,-0.17578125,-0.33203125
21037,1.1328125,1.15234375,-0.29296875,-0.419921875
21038,1.09375,1.0546875,-0.224609375,-0.2734375
21039,1.162109375,1.162109375,-0.3125,-0.439453125
21040,1.083984375,1.181640625,-0.166015625,-0.4296875
21041,1.240234375,1.103515625,-0.400390625,-0.439453125
21042,1.220703125,1.123046875,-0.29296875,-0.361328125
21043,1.19140625,1.11328125,-0.29296875,-0.29296875
21044,1.15234375,1.083984375,-0.33203125,-0.361328125
21045,1.1328125,1.083984375,-0.3125,-0.244140625
21046,1.083984375,1.0546875,-0.2734375,-0.361328125
21047,1.123046875,1.025390625,-0.2734375,-0.5078125
21048,1.03515625,1.07421875,-0.3125,-0.498046875
21049,1.2890625,1.171875,-0.244140625,-0.341796875
21050,1.142578125,1.083984375,-0.3125,-0.205078125
21051,1.162109375,1.103515625,-0.361328125,-0.37109375
21052,1.171875,0.927734375,-0.341796875,-0.3125
21053,1.142578125,0.966796875,-0.322265625,-0.33203125
21054,1.19140625,1.09375,-0.322265625,-0.37109375
21055,1.123046875,1.220703125,-0.341796875,-0.41015625
21056,1.201171875,1.142578125,-0.419921875,-0.37109375
21057,1.201171875,1.11328125,-0.341796875,-0.517578125
21058,1.0546875,1.083984375,-0.185546875,-0.37109375
21059,1.19140625,1.07421875,-0.21484375,-0.419921875
21060,1.201171875,1.09375,-0.33203125,-0.419921875
21061,1.142578125,1.0546875,-0.3125,-0.390625
21062,1.19140625,1.142578125,-0.390625,-0.33203125
21063,1.0546875,1.142578125,-0.2734375,-0.3515625
21064,1.2109375,1.015625,-0.2734375,-0.390625
21065,1.2109375,1.103515625,-0.400390625,-0.283203125
21066,1.171875,1.09375,-0.33203125,-0.322265625
21067,1.171875,1.083984375,-0.302734375,-0.33203125
21068,1.19140625,1.103515625,-0.224609375,-0.3515625
21069,1.181640625,1.142578125,-0.3125,-0.263671875
21070,1.23046875,1.09375,-0.21484375,-0.41015625
21071,1.201171875,1.015625,-0.3125,-0.341796875
21072,1.2109375,1.09375,-0.29296875,-0.33203125
21073,1.162109375,1.15234375,-0.2734375,-0.33203125
21074,1.19140625,0.986328125,-0.244140625,-0.33203125
21075,1.171875,1.083984375,-0.302734375,-0.341796875
21076,1.40625,1.11328125,-0.3515625,-0.361328125
21077,1.240234375,1.19140625,-0.400390625,-0.380859375
21078,1.25,1.07421875,-0.37109375,-0.46875
21079,1.09375,1.09375,-0.2734375,-0.3515625
21080,1.2109375,1.11328125,-0.234375,-0.1953125
21081,1.19140625,1.123046875,-0.2734375,-0.234375
21082,1.23046875,1.123046875,-0.29296875,-0.3515625
21083,1.240234375,1.142578125,-0.3125,-0.361328125
21084,1.240234375,1.07421875,-0.21484375,-0.537109375
21085,1.162109375,1.09375,-0.341796875,-0.3125
21086,1.19140625,1.103515625,-0.341796875,-0.302734375
21087,1.23046875,1.015625,-0.21484375,-0.283203125
21088,1.220703125,1.064453125,-0.341796875,-0.3125
21089,1.240234375,1.09375,-0.17578125,-0.3515625
21090,1.23046875,1.11328125,-0.205078125,-0.48828125
21091,1.3671875,1.103515625,-0.302734375,-0.3515625
21092,1.25,1.25,-0.33203125,-0.41015625
21093,1.30859375,1.1328125,-0.341796875,-0.576171875
21094,1.2890625,1.083984375,-0.283203125,-0.37109375
21095,1.2109375,1.142578125,-0.33203125,-0.390625
21096,1.2109375,1.142578125,-0.166015625,-0.595703125
21097,1.26953125,1.1328125,-0.322265625,-0.322265625
21098,1.171875,1.0546875,-0.283203125,-0.37109375
21099,1.201171875,1.103515625,-0.13671875,-0.439453125
21100,1.259765625,1.123046875,-0.205078125,-0.458984375
21101,1.30859375,0.9375,-0.234375,-0.37109375
21102,1.26953125,1.103515625,-0.3125,-0.2734375
21103,1.2890625,1.142578125,-0.234375,-0.361328125
21104,1.328125,1.0546875,-0.29296875,-0.361328125
21105,1.26953125,1.11328125,-0.244140625,-0.185546875
21106,1.279296875,1.181640625,-0.2734375,-0.46875
21107,1.19140625,1.064453125,-0.244140625,-0.400390625
21108,1.298828125,1.240234375,-0.185546875,-0.439453125
21109,1.3671875,1.103515625,-0.234375,-0.44921875
21110,1.220703125,1.25,-0.224609375,-0.361328125
21111,1.2890625,1.15234375,-0.244140625,-0.234375
21112,1.2890625,1.123046875,-0.302734375,-0.37109375
21113,1.240234375,1.142578125,-0.341796875,-0.3515625
21114,1.2890625,0.99609375,-0.09765625,-0.478515625
21115,1.279296875,1.123046875,-0.234375,-0.29296875
21116,1.259765625,1.083984375,-0.205078125,-0.341796875
21117,1.201171875,1.015625,-0.3125,-0.3515625
21118,1.15234375,1.03515625,-0.283203125,-0.390625
21119,1.162109375,1.005859375,-0.166015625,-0.33203125
21120,1.201171875,1.123046875,-0.09765625,-0.25390625
21121,1.181640625,1.11328125,-0.234375,-0.341796875
21122,1.26953125,1.044921875,-0.341796875,-0.322265625
21123,1.142578125,1.044921875,-0.361328125,-0.458984375
21124,1.220703125,1.162109375,-0.263671875,-0.2734375
21125,1.298828125,1.025390625,-0.21484375,-0.322265625
21126,1.19140625,1.09375,-0.224609375,-0.29296875
21127,1.240234375,1.0546875,-0.244140625,-0.263671875
21128,1.279296875,1.044921875,-0.224609375,-0.41015625
21129,1.171875,1.123046875,-0.205078125,-0.37109375
21130,1.23046875,1.15234375,-0.244140625,-0.3515625
21131,1.201171875,1.09375,-0.2734375,-0.283203125
21132,1.23046875,1.25,-0.2734375,-0.25390625
21133,1.26953125,1.171875,-0.244140625,-0.37109375
21134,1.279296875,1.181640625,-0.341796875,-0.29296875
21135,1.1328125,0.927734375,-0.29296875,-0.380859375
21136,1.25,1.11328125,-0.263671875,-0.37109375
21137,1.328125,1.09375,-0.1171875,-0.322265625
21138,1.181640625,1.025390625,-0.185546875,-0.3515625
21139,1.103515625,1.103515625,-0.263671875,-0.3125
21140,1.123046875,1.171875,-0.2734375,-0.341796875
21141,1.15234375,1.162109375,-0.078125,-0.2734375
21142,1.171875,1.044921875,-0.234375,-0.25390625
21143,1.171875,1.005859375,-0.283203125,-0.33203125
21144,1.240234375,1.09375,-0.2734375,-0.3515625
21145,1.298828125,1.005859375,-0.234375,-0.283203125
21146,1.220703125,1.015625,-0.205078125,-0.3125
21147,1.318359375,1.09375,-0.3515625,-0.302734375
21148,1.23046875,1.015625,-0.244140625,-0.361328125
21149,1.220703125,1.03515625,-0.205078125,-0.390625
21150,1.083984375,0.99609375,-0.2734375,-0.33203125
21151,1.19140625,1.07421875,-0.283203125,-0.322265625
21152,1.19140625,1.025390625,-0.234375,-0.234375
21153,1.259765625,1.083984375,-0.15625,-0.3125
21154,1.201171875,1.015625,-0.361328125,-0.341796875
21155,1.142578125,1.0546875,-0.283203125,-0.302734375
21156,1.220703125,1.03515625,-0.25390625,-0.33203125
21157,1.23046875,1.083984375,-0.263671875,-0.2734375
21158,1.142578125,1.025390625,-0.263671875,-0.3125
21159,1.142578125,1.103515625,-0.087890625,-0.302734375
21160,1.23046875,1.142578125,-0.25390625,-0.56640625
21161,1.201171875,1.083984375,-0.283203125,-0.185546875
21162,1.162109375,1.171875,-0.3515625,-0.2734375
21163,1.142578125,1.07421875,-0.37109375,-0.546875
21164,1.2109375,1.083984375,-0.2734375,-0.361328125
21165,1.083984375,1.005859375,-0.25390625,-0.283203125
21166,1.15234375,1.103515625,-0.185546875,-0.234375
21167,1.181640625,1.0546875,-0.234375,-0.283203125
21168,1.07421875,1.0546875,-0.341796875,-0.224609375
21169,1.162109375,1.083984375,-0.283203125,-0.263671875
21170,1.30859375,1.123046875,-0.244140625,-0.302734375
21171,1.1328125,1.15234375,-0.17578125,-0.234375
21172,1.279296875,1.220703125,-0.234375,-0.41015625
21173,1.220703125,1.07421875,-0.25390625,-0.46875
21174,1.23046875,0.947265625,-0.419921875,-0.283203125
21175,1.26953125,1.09375,-0.283203125,-0.224609375
21176,1.23046875,1.044921875,-0.25390625,-0.15625
21177,1.162109375,0.927734375,-0.087890625,-0.361328125
21178,1.26953125,1.11328125,-0.234375,-0.44921875
21179,1.259765625,1.09375,-0.244140625,-0.498046875
21180,1.34765625,1.103515625,-0.33203125,-0.29296875
21181,1.2890625,1.09375,-0.380859375,-0.166015625
21182,1.181640625,1.15234375,-0.3125,-0.390625
21183,1.259765625,1.171875,-0.341796875,-0.244140625
21184,1.25,1.044921875,-0.146484375,-0.29296875
21185,1.279296875,1.064453125,-0.3125,-0.400390625
21186,1.220703125,1.07421875,-0.341796875,-0.3125
21187,1.201171875,0.966796875,-0.322265625,-0.166015625
21188,1.15234375,1.103515625,-0.283203125,-0.25390625
21189,1.083984375,1.123046875,-0.2734375,-0.302734375
21190,1.19140625,1.044921875,-0.263671875,-0.33203125
21191,1.15234375,1.11328125,-0.33203125,-0.13671875
21192,1.181640625,1.044921875,-0.283203125,-0.1953125
21193,1.220703125,1.1328125,-0.380859375,-0.234375
21194,1.201171875,1.142578125,-0.3125,-0.185546875
21195,1.220703125,1.1328125,-0.244140625,-0.2734375
21196,1.201171875,1.15234375,-0.302734375,-0.25390625
21197,1.15234375,1.0546875,-0.244140625,-0.3515625
21198,1.142578125,1.083984375,-0.2734375,-0.25390625
21199,1.220703125,1.025390625,-0.263671875,-0.3125
21200,1.181640625,1.103515625,-0.3125,-0.29296875
21201,1.162109375,1.064453125,-0.2734375,-0.25390625
21202,1.240234375,0.869140625,-0.33203125,-0.283203125
21203,1.162109375,1.0546875,-0.25390625,-0.37109375
21204,1.279296875,1.142578125,-0.3125,-0.3125
21205,1.240234375,1.015625,-0.458984375,-0.3125
21206,1.23046875,1.064453125,-0.3125,-0.263671875
21207,1.2890625,1.064453125,-0.4296875,-0.283203125
21208,1.19140625,1.083984375,-0.37109375,-0.29296875
21209,1.240234375,1.07421875,-0.44921875,-0.244140625
21210,1.171875,1.09375,-0.37109375,-0.205078125
21211,1.09375,0.986328125,-0.33203125,-0.224609375
21212,1.181640625,1.005859375,-0.439453125,-0.2734375
21213,1.201171875,1.123046875,-0.37109375,-0.234375
21214,1.220703125,1.2109375,-0.380859375,-0.234375
21215,1.181640625,1.171875,-0.4296875,-0.25390625
21216,1.171875,1.09375,-0.44921875,-0.166015625
21217,1.25,1.083984375,-0.439453125,-0.283203125
21218,1.19140625,1.064453125,-0.322265625,-0.17578125
21219,1.142578125,1.09375,-0.439453125,-0.234375
21220,1.259765625,1.09375,-0.341796875,-0.283203125
21221,1.171875,1.123046875,-0.41015625,-0.224609375
21222,1.1328125,1.044921875,-0.29296875,-0.2734375
21223,1.240234375,1.064453125,-0.322265625,-0.302734375
21224,1.2109375,1.09375,-0.302734375,-0.263671875
21225,1.171875,1.171875,-0.322265625,-0.263671875
21226,1.171875,1.064453125,-0.244140625,-0.283203125
21227,1.26953125,1.123046875,-0.25390625,-0.224609375
21228,1.142578125,1.09375,-0.29296875,-0.25390625
21229,1.240234375,1.09375,-0.21484375,-0.2734375
21230,1.123046875,1.181640625,-0.41015625,-0.302734375
21231,1.328125,1.083984375,-0.302734375,-0.322265625
21232,1.181640625,1.240234375,-0.390625,-0.33203125
21233,1.171875,1.083984375,-0.25390625,-0.390625
21234,1.181640625,1.083984375,-0.244140625,-0.21484375
21235,1.171875,0.9765625,-0.302734375,-0.244140625
21236,1.25,1.162109375,-0.44921875,-0.25390625
21237,1.1328125,1.0546875,-0.224609375,-0.380859375
21238,1.142578125,1.103515625,-0.25390625,-0.302734375
21239,1.19140625,1.142578125,-0.29296875,-0.2734375
21240,1.171875,1.11328125,-0.3125,-0.2734375
21241,1.171875,1.142578125,-0.322265625,-0.283203125
21242,1.23046875,1.064453125,-0.2734375,-0.37109375
21243,1.201171875,1.103515625,-0.2734375,-0.263671875
21244,1.201171875,1.1328125,-0.33203125,-0.21484375
21245,1.220703125,1.171875,-0.244140625,-0.341796875
21246,1.162109375,1.11328125,-0.302734375,-0.234375
21247,1.25,1.142578125,-0.244140625,-0.361328125
21248,1.240234375,1.19140625,-0.341796875,-0.263671875
21249,1.328125,1.07421875,-0.3125,-0.21484375
21250,1.2890625,1.03515625,-0.21484375,-0.25390625
21251,1.23046875,1.25,-0.224609375,-0.21484375
21252,1.064453125,1.11328125,-0.234375,-0.2734375
21253,1.142578125,1.103515625,-0.25390625,-0.283203125
21254,1.201171875,1.1328125,-0.33203125,-0.3125
21255,1.220703125,1.09375,-0.283203125,-0.29296875
21256,1.23046875,1.23046875,-0.244140625,-0.244140625
21257,1.103515625,1.162109375,-0.1953125,-0.29296875
21258,1.162109375,1.0546875,-0.224609375,-0.361328125
21259,1.19140625,1.103515625,-0.224609375,-0.29296875
21260,1.162109375,1.171875,-0.263671875,-0.283203125
21261,1.19140625,1.123046875,-0.234375,-0.1171875
21262,1.142578125,1.123046875,-0.37109375,-0.283203125
21263,1.2109375,1.201171875,-0.390625,-0.244140625
21264,1.123046875,1.1328125,-0.361328125,-0.3515625
21265,1.220703125,1.0546875,-0.283203125,-0.322265625
21266,1.2109375,1.083984375,-0.380859375,-0.283203125
21267,1.23046875,1.11328125,-0.322265625,-0.166015625
21268,1.2890625,1.123046875,-0.341796875,-0.21484375
21269,1.259765625,1.015625,-0.341796875,-0.3125
21270,1.298828125,1.162109375,-0.361328125,-0.244140625
21271,1.2890625,1.025390625,-0.263671875,-0.283203125
21272,1.240234375,1.123046875,-0.283203125,-0.29296875
21273,1.201171875,1.19140625,-0.224609375,-0.341796875
21274,1.318359375,1.044921875,-0.283203125,-0.185546875
21275,1.181640625,1.1328125,-0.380859375,-0.25390625
21276,1.318359375,1.181640625,-0.33203125,-0.302734375
21277,1.328125,1.0546875,-0.25390625,-0.263671875
21278,1.328125,1.123046875,-0.234375,-0.29296875
21279,1.279296875,1.142578125,-0.361328125,-0.302734375
21280,1.162109375,1.11328125,-0.3125,-0.263671875
21281,1.2109375,1.162109375,-0.3125,-0.185546875
21282,1.259765625,1.19140625,-0.17578125,-0.205078125
21283,1.259765625,1.162109375,-0.29296875,-0.33203125
21284,1.23046875,1.03515625,-0.380859375,-0.341796875
21285,1.2109375,1.162109375,-0.29296875,-0.380859375
21286,1.162109375,1.181640625,-0.3125,-0.361328125
21287,1.25,1.064453125,-0.33203125,-0.283203125
21288,1.220703125,1.30859375,-0.302734375,-0.37109375
21289,1.11328125,1.15234375,-0.25390625,-0.2734375
21290,1.201171875,1.2109375,-0.205078125,-0.341796875
21291,1.171875,1.19140625,-0.1953125,-0.29296875
21292,1.220703125,1.1328125,-0.33203125,-0.224609375
21293,1.142578125,1.11328125,-0.25390625,-0.322265625
21294,1.181640625,1.15234375,-0.283203125,-0.322265625
21295,1.240234375,1.142578125,-0.322265625,-0.1953125
21296,1.19140625,1.1328125,-0.126953125,-0.283203125
21297,1.279296875,1.123046875,-0.37109375,-0.380859375
21298,1.23046875,1.142578125,-0.234375,-0.361328125
21299,1.30859375,1.15234375,-0.400390625,-0.283203125
21300,1.26953125,1.1328125,-0.25390625,-0.341796875
21301,1.318359375,1.11328125,-0.3125,-0.068359375
21302,1.23046875,1.09375,-0.234375,-0.33203125
21303,1.279296875,1.15234375,-0.283203125,-0.283203125
21304,1.23046875,1.15234375,-0.33203125,-0.263671875
21305,1.2109375,1.201171875,-0.322265625,-0.29296875
21306,1.259765625,0.9765625,-0.283203125,-0.244140625
21307,1.298828125,1.171875,-0.322265625,-0.341796875
21308,1.23046875,1.083984375,-0.1953125,-0.33203125
21309,1.25,1.064453125,-0.263671875,-0.3515625
21310,1.162109375,1.123046875,-0.283203125,-0.263671875
21311,1.220703125,1.142578125,-0.33203125,-0.33203125
21312,1.201171875,1.0546875,-0.15625,-0.283203125
21313,1.19140625,1.15234375,-0.3125,-0.361328125
21314,1.25,1.064453125,-0.224609375,-0.302734375
21315,1.19140625,1.123046875,-0.419921875,-0.3125
21316,1.240234375,1.19140625,-0.3125,-0.3515625
21317,1.318359375,1.181640625,-0.341796875,-0.390625
21318,1.2890625,1.103515625,-0.322265625,-0.37109375
21319,1.26953125,1.171875,-0.29296875,-0.33203125
21320,1.201171875,1.142578125,-0.21484375,-0.29296875
21321,1.142578125,1.07421875,-0.17578125,-0.302734375
21322,1.181640625,1.201171875,-0.21484375,-0.21484375
21323,1.25,1.1328125,-0.205078125,-0.29296875
21324,1.19140625,1.162109375,-0.29296875,-0.380859375
21325,1.15234375,1.220703125,-0.244140625,-0.29296875
21326,1.07421875,1.2109375,-0.322265625,-0.380859375
21327,1.2109375,1.1328125,-0.185546875,-0.2734375
21328,1.201171875,1.240234375,-0.25390625,-0.3125
21329,1.26953125,1.201171875,-0.185546875,-0.341796875
21330,1.298828125,1.123046875,-0.3125,-0.361328125
21331,1.25,1.181640625,-0.283203125,-0.3125
21332,1.19140625,1.162109375,-0.302734375,-0.400390625
21333,1.220703125,1.07421875,-0.390625,-0.29296875
21334,1.15234375,1.171875,-0.263671875,-0.37109375
21335,1.09375,1.171875,-0.3515625,-0.390625
21336,1.19140625,1.19140625,-0.2734375,-0.56640625
21337,1.19140625,1.34765625,-0.302734375,-0.419921875
21338,1.1328125,1.2890625,-0.322265625,-0.41015625
21339,1.201171875,1.181640625,-0.390625,-0.380859375
21340,1.171875,1.259765625,-0.3125,-0.33203125
21341,1.142578125,1.23046875,-0.380859375,-0.361328125
21342,1.318359375,1.298828125,-0.361328125,-0.37109375
21343,1.142578125,1.259765625,-0.302734375,-0.44921875
21344,1.298828125,1.240234375,-0.302734375,-0.361328125
21345,1.171875,1.240234375,-0.2734375,-0.33203125
21346,1.15234375,1.171875,-0.224609375,-0.400390625
21347,1.259765625,1.259765625,-0.3125,-0.37109375
21348,1.15234375,1.2109375,-0.3515625,-0.37109375
21349,1.09375,1.259765625,-0.224609375,-0.498046875
21350,1.15234375,1.25,-0.21484375,-0.419921875
21351,1.025390625,1.259765625,-0.234375,-0.419921875
21352,1.201171875,1.240234375,-0.2734375,-0.380859375
21353,1.162109375,1.25,-0.244140625,-0.4296875
21354,1.2109375,1.201171875,-0.283203125,-0.400390625
21355,1.2109375,1.03515625,-0.37109375,-0.419921875
21356,1.162109375,1.25,-0.185546875,-0.322265625
21357,1.1328125,1.318359375,-0.263671875,-0.4296875
21358,1.15234375,1.2890625,-0.25390625,-0.3515625
21359,1.19140625,1.171875,-0.302734375,-0.234375
21360,1.142578125,1.064453125,-0.29296875,-0.390625
21361,1.171875,1.396484375,-0.302734375,-0.322265625
21362,1.23046875,1.201171875,-0.341796875,-0.44921875
21363,1.19140625,1.220703125,-0.3125,-0.361328125
21364,1.181640625,1.1328125,-0.33203125,-0.29296875
21365,1.220703125,1.19140625,-0.263671875,-0.458984375
21366,1.162109375,1.298828125,-0.1171875,-0.400390625
21367,1.15234375,1.220703125,-0.29296875,-0.33203125
21368,1.162109375,1.201171875,-0.361328125,-0.5859375
21369,1.103515625,1.220703125,-0.244140625,-0.390625
21370,1.162109375,1.19140625,-0.380859375,-0.37109375
21371,1.2109375,1.201171875,-0.25390625,-0.322265625
21372,1.15234375,1.19140625,-0.3515625,-0.46875
21373,1.201171875,1.181640625,-0.33203125,-0.380859375
21374,1.09375,1.201171875,-0.283203125,-0.458984375
21375,1.240234375,1.15234375,-0.322265625,-0.400390625
21376,1.07421875,1.357421875,-0.29296875,-0.439453125
21377,1.15234375,1.171875,-0.302734375,-0.3515625
21378,1.26953125,1.15234375,-0.341796875,-0.37109375
21379,1.201171875,1.298828125,-0.2734375,-0.419921875
21380,1.162109375,1.26953125,-0.283203125,-0.341796875
21381,1.1328125,1.015625,-0.419921875,-0.44921875
21382,1.259765625,1.03515625,-0.21484375,-0.4296875
21383,1.279296875,1.26953125,-0.33203125,-0.458984375
21384,1.171875,1.2109375,-0.283203125,-0.341796875
21385,1.240234375,1.30859375,-0.37109375,-0.478515625
21386,1.23046875,1.201171875,-0.283203125,-0.361328125
21387,1.123046875,1.181640625,-0.283203125,-0.419921875
21388,1.259765625,1.220703125,-0.244140625,-0.439453125
21389,1.123046875,1.2890625,-0.29296875,-0.263671875
21390,1.19140625,1.19140625,-0.224609375,-0.37109375
21391,1.162109375,1.19140625,-0.302734375,-0.33203125
21392,1.220703125,1.23046875,-0.29296875,-0.37109375
21393,1.15234375,1.162109375,-0.29296875,-0.390625
21394,1.2109375,1.15234375,-0.185546875,-0.4296875
21395,1.171875,1.171875,-0.302734375,-0.302734375
21396,1.142578125,1.19140625,-0.25390625,-0.390625
21397,1.103515625,1.181640625,-0.3125,-0.361328125
21398,1.123046875,1.1328125,-0.302734375,-0.341796875
21399,0.95703125,1.162109375,-0.283203125,-0.33203125
21400,1.162109375,1.11328125,-0.13671875,-0.390625
21401,1.162109375,1.15234375,-0.224609375,-0.400390625
21402,1.23046875,1.1328125,-0.322265625,-0.478515625
21403,1.220703125,1.328125,-0.1953125,-0.361328125
21404,1.083984375,1.259765625,-0.244140625,-0.33203125
21405,1.1328125,1.2109375,-0.263671875,-0.390625
21406,1.220703125,1.0546875,-0.390625,-0.4296875
21407,1.171875,1.171875,-0.224609375,-0.244140625
21408,1.1328125,1.1328125,-0.3125,-0.13671875
21409,1.2890625,1.064453125,-0.3125,-0.322265625
21410,1.181640625,0.966796875,-0.25390625,-0.244140625
21411,1.19140625,1.162109375,-0.234375,-0.283203125
21412,1.220703125,1.19140625,-0.263671875,-0.3125
21413,1.162109375,1.240234375,-0.244140625,-0.37109375
21414,1.279296875,1.142578125,-0.3125,-0.361328125
21415,1.123046875,1.2109375,-0.263671875,-0.41015625
21416,1.123046875,1.0546875,-0.048828125,-0.2734375
21417,1.240234375,1.083984375,-0.244140625,-0.380859375
21418,1.083984375,1.044921875,-0.302734375,-0.41015625
21419,1.15234375,1.25,-0.205078125,-0.458984375
21420,1.0546875,1.162109375,-0.25390625,-0.390625
21421,1.103515625,1.142578125,-0.166015625,-0.439453125
21422,1.15234375,1.201171875,-0.1953125,-0.390625
21423,1.25,1.171875,-0.234375,-0.556640625
21424,1.1328125,1.1328125,-0.283203125,-0.5078125
21425,1.162109375,1.181640625,-0.283203125,-0.390625
21426,1.171875,1.162109375,-0.302734375,-0.41015625
21427,1.142578125,1.19140625,-0.21484375,-0.390625
21428,1.181640625,0.986328125,-0.322265625,-0.37109375
21429,1.162109375,1.15234375,-0.3515625,-0.390625
21430,1.142578125,1.220703125,-0.17578125,-0.41015625
21431,1.162109375,1.357421875,-0.283203125,-0.41015625
21432,1.1328125,1.15234375,-0.21484375,-0.419921875
21433,1.2109375,1.09375,-0.2734375,-0.439453125
21434,1.15234375,1.25,-0.25390625,-0.361328125
21435,1.025390625,1.181640625,-0.1953125,-0.13671875
21436,1.162109375,1.220703125,-0.3125,-0.37109375
21437,1.26953125,1.220703125,-0.1953125,-0.4296875
21438,1.142578125,1.2109375,-0.224609375,-0.46875
21439,1.044921875,1.19140625,-0.2734375,-0.322265625
21440,1.1328125,1.162109375,-0.126953125,-0.400390625
21441,1.142578125,1.23046875,-0.25390625,-0.44921875
21442,1.19140625,1.220703125,-0.302734375,-0.33203125
21443,1.181640625,1.162109375,-0.21484375,-0.458984375
21444,1.083984375,1.19140625,-0.29296875,-0.29296875
21445,1.1328125,1.142578125,-0.33203125,-0.400390625
21446,1.15234375,1.11328125,-0.1953125,-0.46875
21447,1.0546875,1.162109375,-0.25390625,-0.556640625
21448,1.19140625,1.171875,-0.33203125,-0.400390625
21449,1.15234375,1.162109375,-0.2734375,-0.44921875
21450,1.1328125,1.142578125,-0.322265625,-0.48828125
21451,1.15234375,1.19140625,-0.244140625,-0.4296875
21452,1.19140625,1.19140625,-0.3125,-0.48828125
21453,1.15234375,1.25,-0.3125,-0.52734375
21454,1.2109375,1.181640625,-0.234375,-0.458984375
21455,1.044921875,1.23046875,-0.341796875,-0.4296875
21456,1.142578125,1.220703125,-0.25390625,-0.380859375
21457,1.162109375,1.162109375,-0.25390625,-0.4296875
21458,1.181640625,0.9765625,-0.244140625,-0.478515625
21459,1.11328125,1.259765625,-0.2734375,-0.3515625
21460,1.123046875,1.181640625,-0.29296875,-0.439453125
21461,1.142578125,1.26953125,-0.302734375,-0.380859375
21462,1.1328125,1.07421875,-0.146484375,-0.17578125
21463,1.142578125,1.15234375,-0.205078125,-0.390625
21464,1.162109375,1.044921875,-0.087890625,-0.3515625
21465,1.103515625,1.171875,-0.234375,-0.390625
21466,1.2890625,1.171875,-0.25390625,-0.390625
21467,1.240234375,0.986328125,-0.29296875,-0.41015625
21468,1.220703125,1.19140625,-0.234375,-0.46875
21469,1.30859375,1.19140625,-0.25390625,-0.5078125
21470,1.259765625,1.220703125,-0.205078125,-0.400390625
21471,1.201171875,1.181640625,-0.3515625,-0.244140625
21472,1.103515625,1.15234375,-0.263671875,-0.361328125
21473,1.240234375,1.09375,-0.185546875,-0.361328125
21474,1.19140625,1.07421875,-0.400390625,-0.33203125
21475,1.2890625,1.142578125,-0.29296875,-0.361328125
21476,1.162109375,1.09375,-0.3125,-0.3515625
21477,1.220703125,1.30859375,-0.1171875,-0.400390625
21478,1.3671875,1.1328125,-0.322265625,-0.37109375
21479,1.201171875,0.8984375,-0.3515625,-0.3515625
21480,1.201171875,1.240234375,-0.390625,-0.44921875
21481,1.162109375,1.1328125,-0.322265625,-0.302734375
21482,1.30859375,1.328125,-0.33203125,-0.380859375
21483,1.19140625,1.1328125,-0.322265625,-0.400390625
21484,1.23046875,1.142578125,-0.224609375,-0.322265625
21485,1.240234375,1.083984375,-0.09765625,-0.37109375
21486,1.201171875,1.064453125,-0.33203125,-0.458984375
21487,1.2109375,1.11328125,-0.29296875,-0.419921875
21488,1.2890625,1.09375,-0.283203125,-0.37109375
21489,1.23046875,1.083984375,-0.263671875,-0.419921875
21490,1.1328125,1.142578125,-0.234375,-0.44921875
21491,1.2109375,0.966796875,-0.234375,-0.400390625
21492,1.201171875,1.064453125,-0.21484375,-0.44921875
21493,1.123046875,1.0546875,-0.234375,-0.48828125
21494,1.2109375,1.123046875,-0.341796875,-0.4296875
21495,1.220703125,1.328125,-0.185546875,-0.37109375
21496,1.220703125,1.123046875,-0.29296875,-0.37109375
21497,1.279296875,1.220703125,-0.33203125,-0.390625
21498,1.2109375,1.162109375,-0.3515625,-0.341796875
21499,1.1328125,1.142578125,-0.283203125,-0.380859375
21500,1.123046875,1.0546875,-0.3125,-0.400390625
21501,1.201171875,1.142578125,-0.341796875,-0.439453125
21502,1.25,1.09375,-0.3125,-0.302734375
21503,1.11328125,1.09375,-0.3515625,-0.3125
21504,1.279296875,1.0546875,-0.1953125,-0.419921875
21505,1.171875,1.142578125,-0.283203125,-0.4296875
21506,1.2890625,1.23046875,-0.166015625,-0.400390625
21507,1.201171875,1.11328125,-0.185546875,-0.361328125
21508,1.19140625,1.162109375,-0.29296875,-0.5078125
21509,1.337890625,1.142578125,-0.263671875,-0.380859375
21510,1.2109375,1.298828125,-0.302734375,-0.361328125
21511,1.220703125,1.142578125,-0.25390625,-0.380859375
21512,1.171875,1.103515625,-0.29296875,-0.361328125
21513,1.279296875,1.220703125,-0.41015625,-0.322265625
21514,1.259765625,1.15234375,-0.341796875,-0.3125
21515,1.025390625,1.103515625,-0.25390625,-0.3515625
21516,1.162109375,1.15234375,-0.33203125,-0.41015625
21517,1.240234375,1.1328125,-0.37109375,-0.29296875
21518,1.42578125,1.123046875,-0.3515625,-0.322265625
21519,1.328125,1.15234375,-0.205078125,-0.29296875
21520,1.30859375,1.083984375,-0.234375,-0.52734375
21521,1.279296875,1.15234375,-0.1953125,-0.1171875
21522,1.337890625,1.15234375,-0.263671875,-0.3515625
21523,1.318359375,1.103515625,-0.29296875,-0.419921875
21524,1.26953125,1.11328125,-0.25390625,-0.37109375
21525,1.328125,1.083984375,-0.44921875,-0.400390625
21526,1.30859375,1.201171875,-0.29296875,-0.29296875
21527,1.220703125,1.103515625,-0.2734375,-0.302734375
21528,1.220703125,1.083984375,-0.361328125,-0.3515625
21529,1.298828125,1.11328125,-0.25390625,-0.390625
21530,1.34765625,1.1328125,-0.205078125,-0.302734375
21531,1.337890625,1.23046875,-0.224609375,-0.390625
21532,1.279296875,1.07421875,-0.361328125,-0.322265625
21533,1.376953125,1.171875,-0.1953125,-0.4296875
21534,1.240234375,0.9765625,-0.244140625,-0.41015625
21535,1.298828125,1.11328125,-0.244140625,-0.3515625
21536,1.298828125,1.2109375,-0.33203125,-0.322265625
21537,1.38671875,1.171875,-0.146484375,-0.380859375
21538,1.328125,1.015625,-0.439453125,-0.341796875
21539,1.298828125,1.162109375,-0.263671875,-0.517578125
21540,1.181640625,1.26953125,-0.224609375,-0.3515625
21541,1.279296875,1.15234375,-0.3125,-0.41015625
21542,1.328125,1.23046875,-0.17578125,-0.380859375
21543,1.3671875,1.123046875,-0.302734375,-0.380859375
21544,1.318359375,1.09375,-0.25390625,-0.29296875
21545,1.220703125,1.181640625,-0.224609375,-0.41015625
21546,1.279296875,1.259765625,-0.21484375,-0.361328125
21547,1.23046875,1.03515625,-0.21484375,-0.46875
21548,1.240234375,1.162109375,-0.25390625,-0.322265625
21549,1.240234375,1.15234375,-0.185546875,-0.380859375
21550,1.259765625,1.26953125,-0.1953125,-0.25390625
21551,1.259765625,1.0546875,-0.244140625,-0.341796875
21552,1.357421875,1.23046875,-0.263671875,-0.322265625
21553,1.26953125,1.103515625,-0.234375,-0.419921875
21554,1.38671875,1.103515625,-0.3125,-0.341796875
21555,1.2890625,1.171875,-0.283203125,-0.361328125
21556,1.26953125,1.171875,-0.205078125,-0.322265625
21557,1.23046875,1.162109375,-0.1953125,-0.322265625
21558,1.298828125,1.044921875,-0.2734375,-0.33203125
21559,1.220703125,1.181640625,-0.29296875,-0.3515625
21560,1.259765625,1.044921875,-0.224609375,-0.087890625
21561,1.181640625,1.15234375,-0.234375,-0.400390625
21562,1.162109375,1.201171875,-0.341796875,-0.302734375
21563,1.19140625,1.201171875,-0.2734375,-0.2734375
21564,1.15234375,1.03515625,-0.166015625,-0.3125
21565,1.23046875,1.0546875,-0.283203125,-0.380859375
21566,1.240234375,1.064453125,-0.224609375,-0.390625
21567,1.171875,1.015625,-0.244140625,-0.33203125
21568,1.103515625,1.171875,-0.283203125,-0.41015625
21569,1.240234375,1.1328125,-0.25390625,-0.341796875
21570,1.2109375,1.1328125,-0.21484375,-0.341796875
21571,1.2109375,1.162109375,-0.17578125,-0.29296875
21572,1.201171875,1.09375,-0.29296875,-0.3515625
21573,1.005859375,1.025390625,-0.244140625,-0.302734375
21574,1.181640625,1.03515625,-0.234375,-0.341796875
21575,1.15234375,1.07421875,-0.15625,-0.33203125
21576,1.220703125,1.03515625,-0.283203125,-0.3515625
21577,1.1328125,1.025390625,-0.322265625,-0.44921875
21578,1.171875,1.03515625,-0.380859375,-0.380859375
21579,1.171875,1.064453125,-0.224609375,-0.37109375
21580,1.2890625,0.9765625,-0.13671875,-0.25390625
21581,1.083984375,0.9765625,-0.234375,-0.224609375
21582,1.162109375,1.103515625,-0.224609375,-0.29296875
21583,1.26953125,1.064453125,-0.33203125,-0.361328125
21584,1.142578125,0.99609375,-0.29296875,-0.2734375
21585,1.15234375,1.09375,-0.263671875,-0.33203125
21586,1.240234375,1.015625,-0.3125,-0.341796875
21587,1.181640625,1.181640625,-0.25390625,-0.322265625
21588,1.181640625,1.09375,-0.263671875,-0.37109375
21589,1.25,1.103515625,-0.390625,-0.2734375
21590,1.2109375,1.005859375,-0.1953125,-0.263671875
21591,1.171875,1.0546875,-0.205078125,-0.224609375
21592,1.220703125,1.09375,-0.146484375,-0.283203125
21593,1.220703125,1.09375,-0.302734375,-0.3515625
21594,1.2109375,1.03515625,-0.29296875,-0.1953125
21595,1.181640625,1.123046875,-0.29296875,-0.283203125
21596,1.162109375,1.103515625,-0.205078125,-0.29296875
21597,1.162109375,1.064453125,-0.1953125,-0.15625
21598,1.26953125,1.044921875,-0.1171875,-0.2734375
21599,1.171875,1.162109375,-0.380859375,-0.25390625
21600,1.259765625,1.123046875,-0.21484375,-0.107421875
21601,1.142578125,1.03515625,-0.37109375,-0.244140625
21602,1.240234375,1.025390625,-0.234375,-0.283203125
21603,1.25,1.083984375,-0.21484375,-0.244140625
21604,1.26953125,1.26953125,-0.263671875,-0.322265625
21605,1.26953125,1.2890625,-0.263671875,-0.341796875
21606,1.2890625,1.11328125,-0.224609375,-0.380859375
21607,1.220703125,1.201171875,-0.244140625,-0.283203125
21608,1.26953125,1.123046875,-0.21484375,-0.302734375
21609,1.1328125,1.103515625,-0.3125,-0.302734375
21610,1.2890625,0.9375,-0.37109375,-0.33203125
21611,1.259765625,1.044921875,-0.244140625,-0.283203125
21612,1.259765625,1.044921875,-0.29296875,-0.3515625
21613,1.2890625,1.005859375,-0.29296875,-0.3515625
21614,1.357421875,1.103515625,-0.3125,-0.302734375
21615,1.26953125,1.123046875,-0.29296875,-0.29296875
21616,1.2109375,1.11328125,-0.390625,-0.3125
21617,1.240234375,1.123046875,-0.400390625,-0.37109375
21618,1.19140625,1.064453125,-0.29296875,-0.283203125
21619,1.09375,1.15234375,-0.341796875,-0.3125
21620,1.181640625,1.123046875,-0.068359375,-0.2734375
21621,1.201171875,1.123046875,-0.322265625,-0.1171875
21622,1.07421875,1.1328125,-0.37109375,-0.205078125
21623,1.103515625,1.123046875,-0.322265625,-0.283203125
21624,1.19140625,1.15234375,-0.29296875,-0.244140625
21625,1.15234375,1.15234375,-0.2734375,-0.263671875
21626,1.279296875,1.162109375,-0.361328125,-0.2734375
21627,1.162109375,1.142578125,-0.2734375,-0.263671875
21628,1.30859375,1.123046875,-0.234375,-0.185546875
21629,1.259765625,1.279296875,-0.322265625,-0.234375
21630,1.201171875,1.083984375,-0.341796875,-0.146484375
21631,1.171875,1.064453125,-0.2734375,-0.2734375
21632,1.25,1.15234375,-0.380859375,-0.3125
21633,1.2109375,1.07421875,-0.29296875,-0.2734375
21634,1.09375,1.03515625,-0.3125,0
21635,1.2109375,0.869140625,-0.302734375,-0.2734375
21636,1.19140625,1.142578125,-0.17578125,-0.15625
21637,1.337890625,1.025390625,-0.361328125,-0.244140625
21638,1.298828125,1.09375,-0.37109375,-0.2734375
21639,1.259765625,1.1328125,-0.37109375,-0.107421875
21640,1.4453125,1.15234375,-0.390625,-0.322265625
21641,1.23046875,0.9375,-0.25390625,-0.17578125
21642,1.240234375,1.015625,-0.341796875,-0.2734375
21643,1.2890625,1.083984375,-0.3125,-0.25390625
21644,1.19140625,1.19140625,-0.33203125,-0.283203125
21645,1.142578125,1.1328125,-0.380859375,-0.302734375
21646,1.298828125,1.19140625,-0.322265625,-0.37109375
21647,1.34765625,1.15234375,-0.29296875,-0.25390625
21648,1.162109375,1.083984375,-0.3515625,-0.29296875
21649,1.181640625,1.1328125,-0.244140625,-0.244140625
21650,1.103515625,1.23046875,-0.29296875,-0.25390625
21651,1.220703125,1.083984375,-0.322265625,-0.205078125
21652,1.26953125,1.083984375,-0.283203125,-0.361328125
21653,1.09375,1.0546875,-0.341796875,-0.25390625
21654,1.201171875,1.142578125,-0.341796875,-0.361328125
21655,1.15234375,1.083984375,-0.3125,-0.263671875
21656,1.15234375,1.142578125,-0.33203125,-0.234375
21657,1.19140625,1.142578125,-0.322265625,-0.283203125
21658,1.240234375,1.005859375,-0.41015625,-0.234375
21659,1.23046875,1.103515625,-0.380859375,-0.25390625
21660,1.1328125,1.142578125,-0.400390625,-0.224609375
21661,1.083984375,1.07421875,-0.380859375,-0.25390625
21662,1.23046875,1.201171875,-0.283203125,-0.244140625
21663,1.15234375,1.15234375,-0.52734375,-0.13671875
21664,1.11328125,1.025390625,-0.341796875,-0.205078125
21665,1.03515625,1.09375,-0.4296875,-0.21484375
21666,1.171875,1.142578125,-0.234375,-0.361328125
21667,1.2109375,1.044921875,-0.3515625,-0.3125
21668,1.30859375,1.005859375,-0.322265625,-0.263671875
21669,1.181640625,0.95703125,-0.302734375,-0.29296875
21670,1.142578125,1.123046875,-0.380859375,-0.439453125
21671,1.19140625,1.1328125,-0.33203125,-0.25390625
21672,1.171875,1.25,-0.37109375,-0.205078125
21673,1.19140625,1.123046875,-0.25390625,-0.244140625
21674,1.09375,1.103515625,-0.2734375,-0.263671875
21675,1.142578125,1.103515625,-0.302734375,-0.302734375
21676,1.1328125,1.142578125,-0.361328125,-0.263671875
21677,1.07421875,1.1328125,-0.2734375,-0.244140625
21678,1.083984375,1.07421875,-0.1953125,-0.29296875
21679,1.171875,1.11328125,-0.234375,-0.1953125
21680,1.30859375,1.103515625,-0.400390625,-0.322265625
21681,1.181640625,1.259765625,-0.37109375,-0.244140625
21682,1.15234375,1.064453125,-0.2734375,-0.224609375
21683,1.181640625,1.123046875,-0.224609375,-0.21484375
21684,1.259765625,1.19140625,-0.48828125,-0.2734375
21685,1.220703125,1.0546875,-0.3515625,-0.3125
21686,1.259765625,1.083984375,-0.224609375,-0.234375
21687,1.201171875,1.03515625,-0.29296875,-0.3125
21688,1.171875,1.123046875,-0.224609375,-0.29296875
21689,1.19140625,1.09375,-0.283203125,-0.21484375
21690,1.23046875,1.123046875,-0.244140625,-0.244140625
21691,1.23046875,1.171875,-0.29296875,-0.1953125
21692,1.3671875,1.07421875,-0.283203125,-0.302734375
21693,1.201171875,1.19140625,-0.3125,-0.2734375
21694,1.279296875,1.03515625,-0.302734375,-0.205078125
21695,1.259765625,1.044921875,-0.361328125,-0.283203125
21696,1.23046875,1.064453125,-0.29296875,-0.263671875
21697,1.2109375,1.0546875,-0.29296875,-0.33203125
21698,1.2109375,1.1328125,-0.302734375,-0.322265625
21699,1.30859375,1.07421875,-0.2734375,-0.25390625
21700,1.2890625,1.26953125,-0.25390625,-0.41015625
21701,1.2890625,1.11328125,-0.2734375,-0.33203125
21702,1.2890625,1.015625,-0.21484375,-0.3125
21703,1.26953125,1.15234375,-0.361328125,-0.234375
21704,1.240234375,1.11328125,-0.283203125,-0.25390625
21705,1.3671875,1.15234375,-0.302734375,-0.244140625
21706,1.220703125,1.103515625,-0.25390625,-0.2734375
21707,1.259765625,1.123046875,-0.2734375,-0.29296875
21708,1.298828125,1.162109375,-0.2734375,-0.234375
21709,1.26953125,1.15234375,-0.44921875,-0.302734375
21710,1.26953125,1.083984375,-0.263671875,-0.205078125
21711,1.26953125,0.986328125,-0.234375,-0.322265625
21712,1.26953125,0.849609375,-0.1953125,-0.146484375
21713,1.1328125,1.064453125,-0.33203125,-0.1953125
21714,1.1328125,1.025390625,-0.33203125,-0.25390625
21715,1.25,1.064453125,-0.29296875,-0.224609375
21716,1.201171875,1.15234375,-0.263671875,-0.390625
21717,1.2109375,1.044921875,-0.341796875,-0.341796875
21718,1.220703125,1.240234375,-0.458984375,-0.29296875
21719,1.19140625,1.123046875,-0.263671875,-0.302734375
21720,1.171875,1.103515625,-0.439453125,-0.25390625
21721,1.201171875,0.947265625,-0.41015625,-0.341796875
21722,1.337890625,1.083984375,-0.302734375,-0.322265625
21723,1.25,1.240234375,-0.29296875,-0.302734375
21724,1.23046875,1.142578125,-0.48828125,-0.302734375
21725,1.142578125,1.103515625,-0.3515625,-0.263671875
21726,1.357421875,1.07421875,-0.263671875,-0.322265625
21727,1.318359375,0.966796875,-0.44921875,-0.21484375
21728,1.240234375,1.083984375,-0.3515625,-0.341796875
21729,1.3671875,1.23046875,-0.234375,-0.283203125
21730,1.26953125,1.07421875,-0.322265625,-0.322265625
21731,1.298828125,1.064453125,-0.33203125,-0.361328125
21732,1.337890625,1.11328125,-0.322265625,-0.3125
21733,1.259765625,1.1328125,-0.29296875,-0.341796875
21734,1.30859375,1.09375,-0.341796875,-0.2734375
21735,1.38671875,1.318359375,-0.224609375,-0.322265625
21736,1.220703125,1.025390625,-0.126953125,-0.322265625
21737,1.220703125,1.123046875,-0.302734375,-0.3125
21738,1.357421875,1.083984375,-0.302734375,-0.263671875
21739,1.220703125,1.09375,-0.458984375,-0.3125
21740,1.298828125,1.07421875,-0.33203125,-0.361328125
21741,1.2890625,1.11328125,-0.41015625,-0.419921875
21742,1.2109375,1.103515625,-0.25390625,-0.283203125
21743,1.259765625,1.2109375,-0.3125,-0.37109375
21744,1.181640625,1.123046875,-0.283203125,-0.33203125
21745,1.23046875,1.19140625,-0.1953125,-0.283203125
21746,1.240234375,1.123046875,-0.302734375,-0.21484375
21747,1.318359375,1.11328125,-0.234375,-0.341796875
21748,1.26953125,1.3671875,-0.341796875,-0.322265625
21749,1.279296875,1.1328125,-0.33203125,-0.17578125
21750,1.2109375,1.123046875,-0.33203125,-0.283203125
21751,1.259765625,1.181640625,-0.390625,-0.2734375
21752,1.26953125,1.142578125,-0.3125,-0.380859375
21753,1.2890625,1.171875,-0.390625,-0.361328125
21754,1.181640625,1.005859375,-0.25390625,-0.322265625
21755,1.171875,1.171875,-0.224609375,-0.341796875
21756,1.15234375,1.171875,-0.322265625,-0.341796875
21757,1.259765625,1.064453125,-0.205078125,-0.3515625
21758,1.162109375,1.181640625,-0.3125,-0.33203125
21759,1.064453125,1.220703125,-0.341796875,-0.576171875
21760,1.123046875,1.162109375,-0.29296875,-0.302734375
21761,1.1328125,1.201171875,-0.224609375,-0.33203125
21762,1.2109375,1.201171875,-0.341796875,-0.283203125
21763,1.171875,1.11328125,-0.3515625,-0.322265625
21764,1.083984375,1.15234375,-0.21484375,-0.380859375
21765,1.23046875,1.181640625,-0.2734375,-0.4296875
21766,0.966796875,1.03515625,-0.302734375,-0.3125
21767,1.201171875,1.162109375,-0.29296875,-0.322265625
21768,1.162109375,1.240234375,-0.234375,-0.244140625
21769,1.09375,1.201171875,-0.185546875,-0.37109375
21770,1.142578125,1.298828125,-0.322265625,-0.322265625
21771,1.23046875,1.298828125,-0.2734375,-0.52734375
21772,1.03515625,1.15234375,-0.2734375,-0.3515625
21773,1.11328125,1.181640625,-0.3125,-0.517578125
21774,1.103515625,1.259765625,-0.234375,-0.3515625
21775,1.1328125,1.416015625,-0.263671875,-0.439453125
21776,1.181640625,1.279296875,-0.2734375,-0.341796875
21777,1.064453125,1.19140625,-0.234375,-0.263671875
21778,1.201171875,1.23046875,-0.2734375,-0.302734375
21779,1.15234375,1.2890625,-0.1953125,-0.4296875
21780,1.103515625,1.2109375,-0.185546875,-0.361328125
21781,1.201171875,1.2109375,-0.25390625,-0.380859375
21782,1.220703125,1.30859375,-0.107421875,-0.302734375
21783,1.15234375,1.240234375,-0.205078125,-0.48828125
21784,1.318359375,1.259765625,-0.205078125,-0.380859375
21785,1.1328125,1.240234375,-0.322265625,-0.390625
21786,1.259765625,1.220703125,-0.234375,-0.41015625
21787,1.181640625,1.240234375,-0.25390625,-0.419921875
21788,1.240234375,1.162109375,-0.3125,-0.33203125
21789,1.19140625,1.181640625,-0.205078125,-0.56640625
21790,1.2109375,1.25,-0.44921875,-0.380859375
21791,1.181640625,1.23046875,-0.21484375,-0.3125
21792,1.07421875,1.171875,-0.244140625,-0.4296875
21793,1.123046875,1.123046875,-0.322265625,-0.3125
21794,1.171875,1.07421875,-0.2734375,-0.517578125
21795,1.123046875,1.19140625,-0.263671875,-0.458984375
21796,1.103515625,1.171875,-0.244140625,-0.419921875
21797,1.25,1.15234375,-0.33203125,-0.390625
21798,1.259765625,1.26953125,-0.283203125,-0.3515625
21799,1.2109375,1.259765625,-0.29296875,-0.37109375
21800,1.23046875,1.2109375,-0.244140625,-0.37109375
21801,1.162109375,1.23046875,-0.283203125,-0.517578125
21802,1.181640625,1.2109375,-0.29296875,-0.390625
21803,1.201171875,1.25,-0.29296875,-0.419921875
21804,1.26953125,1.171875,-0.29296875,-0.46875
21805,1.259765625,1.23046875,-0.322265625,-0.380859375
21806,1.318359375,1.171875,-0.283203125,-0.458984375
21807,1.298828125,1.25,-0.33203125,-0.361328125
21808,1.201171875,1.19140625,-0.263671875,-0.390625
21809,1.1328125,1.220703125,-0.380859375,-0.4296875
21810,1.162109375,1.23046875,-0.29296875,-0.498046875
21811,1.09375,1.220703125,-0.283203125,-0.4296875
21812,1.103515625,1.103515625,-0.1953125,-0.390625
21813,1.1328125,1.220703125,-0.234375,-0.546875
21814,1.15234375,1.181640625,-0.263671875,-0.380859375
21815,1.2890625,1.279296875,-0.322265625,-0.41015625
21816,1.123046875,1.2890625,-0.25390625,-0.283203125
21817,1.015625,1.171875,-0.29296875,-0.44921875
21818,1.142578125,1.103515625,-0.234375,-0.390625
21819,1.103515625,1.220703125,-0.224609375,-0.4296875
21820,1.103515625,1.162109375,-0.283203125,-0.400390625
21821,1.1328125,1.09375,-0.205078125,-0.400390625
21822,1.123046875,1.181640625,-0.283203125,-0.25390625
21823,1.259765625,1.162109375,-0.302734375,-0.419921875
21824,1.171875,1.23046875,-0.244140625,-0.37109375
21825,1.103515625,1.220703125,-0.263671875,-0.41015625
21826,1.1328125,1.142578125,-0.283203125,-0.56640625
21827,1.2890625,1.15234375,-0.2734375,-0.380859375
21828,1.201171875,1.30859375,-0.302734375,-0.29296875
21829,1.25,1.2109375,-0.1953125,-0.517578125
21830,1.15234375,1.083984375,-0.29296875,-0.419921875
21831,1.19140625,1.181640625,-0.4296875,-0.33203125
21832,1.162109375,1.142578125,-0.283203125,-0.390625
21833,1.0546875,1.11328125,-0.283203125,-0.322265625
21834,1.181640625,1.19140625,-0.3515625,-0.419921875
21835,1.259765625,1.142578125,-0.25390625,-0.478515625
21836,1.15234375,1.171875,-0.283203125,-0.37109375
21837,1.201171875,1.142578125,-0.283203125,-0.361328125
21838,1.2109375,1.09375,-0.2734375,-0.419921875
21839,1.25,1.123046875,-0.3125,-0.3125
21840,1.201171875,1.123046875,-0.185546875,-0.37109375
21841,1.23046875,1.19140625,-0.283203125,-0.3125
21842,1.19140625,1.201171875,-0.263671875,-0.3515625
21843,1.11328125,1.07421875,-0.41015625,-0.439453125
21844,1.181640625,1.123046875,-0.25390625,-0.322265625
21845,1.181640625,1.298828125,-0.25390625,-0.361328125
21846,1.23046875,1.19140625,-0.21484375,-0.439453125
21847,1.328125,1.1328125,-0.302734375,-0.3125
21848,1.259765625,1.279296875,-0.1953125,-0.419921875
21849,1.23046875,1.298828125,-0.224609375,-0.41015625
21850,1.201171875,1.1328125,-0.234375,-0.439453125
21851,1.15234375,1.103515625,-0.283203125,-0.33203125
21852,1.07421875,1.162109375,-0.458984375,-0.3515625
21853,1.25,1.26953125,-0.283203125,-0.458984375
21854,1.171875,1.23046875,-0.341796875,-0.458984375
21855,1.220703125,1.2890625,-0.33203125,-0.341796875
21856,1.201171875,1.142578125,-0.302734375,-0.478515625
21857,1.337890625,1.162109375,-0.21484375,-0.400390625
21858,1.201171875,1.11328125,-0.419921875,-0.390625
21859,1.201171875,1.1328125,-0.2734375,-0.44921875
21860,1.181640625,1.201171875,-0.3515625,-0.37109375
21861,1.19140625,0.91796875,-0.341796875,-0.48828125
21862,1.23046875,1.181640625,-0.283203125,-0.4296875
21863,1.19140625,1.15234375,-0.283203125,-0.390625
21864,1.15234375,1.162109375,-0.361328125,-0.361328125
21865,1.26953125,1.142578125,-0.29296875,-0.361328125
21866,1.38671875,1.15234375,-0.302734375,-0.400390625
21867,1.2109375,1.162109375,-0.3125,-0.322265625
21868,1.19140625,1.171875,-0.302734375,-0.3125
21869,1.123046875,1.15234375,-0.2734375,-0.400390625
21870,1.201171875,1.2109375,-0.283203125,-0.361328125
21871,1.19140625,1.220703125,-0.25390625,-0.341796875
21872,1.220703125,1.142578125,-0.17578125,-0.439453125
21873,1.220703125,1.025390625,-0.17578125,-0.41015625
21874,1.19140625,1.19140625,-0.283203125,-0.37109375
21875,1.220703125,1.19140625,-0.21484375,-0.46875
21876,1.26953125,1.1328125,-0.166015625,-0.3515625
21877,1.259765625,1.259765625,-0.224609375,-0.37109375
21878,1.30859375,1.171875,-0.25390625,-0.400390625
21879,1.19140625,1.25,-0.146484375,-0.419921875
21880,1.103515625,1.142578125,-0.1953125,-0.361328125
21881,1.15234375,1.171875,-0.21484375,-0.25390625
21882,1.044921875,1.1328125,-0.166015625,-0.419921875
21883,1.2109375,1.240234375,-0.1953125,-0.634765625
21884,1.07421875,1.19140625,-0.224609375,-0.400390625
21885,1.162109375,1.142578125,-0.29296875,-0.439453125
21886,1.11328125,1.103515625,-0.25390625,-0.380859375
21887,1.15234375,1.171875,-0.341796875,-0.498046875
21888,1.201171875,1.376953125,-0.44921875,-0.498046875
21889,1.23046875,1.1328125,-0.244140625,-0.576171875
21890,1.123046875,1.162109375,-0.205078125,-0.517578125
21891,1.220703125,1.123046875,-0.380859375,-0.400390625
21892,1.279296875,1.123046875,-0.439453125,-0.458984375
21893,1.435546875,1.142578125,-0.244140625,-0.41015625
21894,1.201171875,1.171875,-0.2734375,-0.390625
21895,1.181640625,1.298828125,-0.21484375,-0.41015625
21896,1.40625,1.142578125,-0.302734375,-0.44921875
21897,1.15234375,1.1328125,-0.33203125,-0.361328125
21898,1.2109375,1.162109375,-0.1953125,-0.419921875
21899,1.123046875,1.162109375,-0.3125,-0.3515625
21900,1.34765625,1.142578125,-0.185546875,-0.361328125
21901,1.23046875,1.044921875,-0.3515625,-0.185546875
21902,1.2109375,1.142578125,-0.283203125,-0.3515625
21903,1.0546875,1.201171875,-0.283203125,-0.400390625
21904,1.25,1.171875,-0.2734375,-0.5078125
21905,1.11328125,1.09375,-0.234375,-0.234375
21906,1.181640625,0.966796875,-0.322265625,-0.380859375
21907,1.23046875,1.09375,-0.302734375,-0.37109375
21908,1.240234375,1.142578125,-0.29296875,-0.37109375
21909,1.142578125,1.15234375,-0.3125,-0.390625
21910,1.162109375,1.2109375,-0.244140625,-0.3515625
21911,1.181640625,1.142578125,-0.205078125,-0.390625
21912,1.181640625,1.171875,-0.322265625,-0.390625
21913,1.181640625,1.15234375,-0.3125,-0.46875
21914,1.26953125,1.181640625,-0.25390625,-0.380859375
21915,1.103515625,1.162109375,-0.2734375,-0.400390625
21916,1.220703125,1.083984375,-0.25390625,-0.44921875
21917,1.298828125,1.201171875,-0.234375,-0.302734375
21918,1.2109375,1.2109375,-0.234375,-0.37109375
21919,1.1328125,1.201171875,-0.29296875,-0.29296875
21920,1.181640625,1.2109375,-0.341796875,-0.4296875
21921,1.240234375,1.044921875,-0.25390625,-0.3125
21922,1.240234375,1.15234375,-0.263671875,-0.4296875
21923,1.181640625,1.083984375,-0.29296875,-0.4296875
21924,1.328125,1.09375,-0.322265625,-0.400390625
21925,1.240234375,1.0546875,-0.3125,-0.380859375
21926,1.19140625,1.025390625,-0.234375,-0.400390625
21927,1.259765625,1.142578125,-0.2734375,-0.37109375
21928,1.162109375,1.240234375,-0.21484375,-0.498046875
21929,1.337890625,1.19140625,-0.283203125,-0.341796875
21930,1.25,1.15234375,-0.2734375,-0.400390625
21931,1.328125,1.09375,-0.1953125,-0.390625
21932,1.26953125,1.201171875,-0.17578125,-0.400390625
21933,1.3671875,1.0546875,-0.263671875,-0.400390625
21934,1.142578125,1.123046875,-0.234375,-0.3515625
21935,1.23046875,1.07421875,-0.185546875,-0.322265625
21936,1.2109375,1.1328125,-0.3515625,-0.400390625
21937,1.220703125,1.07421875,-0.146484375,-0.341796875
21938,1.279296875,1.201171875,-0.283203125,-0.341796875
21939,1.26953125,1.15234375,-0.2734375,-0.322265625
21940,1.142578125,1.09375,-0.205078125,-0.380859375
21941,1.2109375,1.240234375,-0.21484375,-0.4296875
21942,1.2890625,1.15234375,-0.322265625,-0.37109375
21943,1.19140625,1.083984375,-0.2734375,-0.3125
21944,1.2109375,1.220703125,-0.21484375,-0.361328125
21945,1.26953125,1.142578125,-0.29296875,-0.3515625
21946,1.279296875,1.1328125,-0.4296875,-0.361328125
21947,1.357421875,1.123046875,-0.244140625,-0.3515625
21948,1.3671875,1.03515625,-0.302734375,-0.390625
21949,1.435546875,1.220703125,-0.37109375,-0.419921875
21950,1.34765625,1.083984375,-0.380859375,-0.263671875
21951,1.2109375,1.123046875,-0.263671875,-0.33203125
21952,1.337890625,1.19140625,-0.37109375,-0.41015625
21953,1.26953125,1.19140625,-0.33203125,-0.458984375
21954,1.38671875,1.1328125,-0.263671875,-0.5078125
21955,1.279296875,1.1328125,-0.21484375,-0.3125
21956,1.38671875,0.986328125,-0.29296875,-0.33203125
21957,1.357421875,1.11328125,-0.1953125,-0.390625
21958,1.416015625,1.083984375,-0.185546875,-0.37109375
21959,1.376953125,1.09375,-0.263671875,-0.29296875
21960,1.396484375,1.15234375,-0.2734375,-0.4296875
21961,1.171875,1.3671875,-0.37109375,-0.400390625
21962,1.298828125,1.19140625,-0.322265625,-0.341796875
21963,1.26953125,1.123046875,-0.302734375,-0.41015625
21964,1.34765625,1.07421875,-0.263671875,-0.400390625
21965,1.2109375,1.07421875,-0.37109375,-0.4296875
21966,1.279296875,1.181640625,-0.3125,-0.29296875
21967,1.123046875,1.142578125,-0.263671875,-0.37109375
21968,1.26953125,1.2109375,-0.33203125,-0.33203125
21969,1.328125,1.15234375,-0.322265625,-0.3515625
21970,1.25,1.123046875,-0.25390625,-0.4296875
21971,1.23046875,1.11328125,-0.244140625,-0.33203125
21972,1.2890625,1.181640625,-0.2734375,-0.283203125
21973,1.201171875,1.279296875,-0.283203125,-0.44921875
21974,1.23046875,1.337890625,-0.205078125,-0.37109375
21975,1.279296875,1.15234375,-0.224609375,-0.185546875
21976,1.337890625,1.11328125,-0.185546875,-0.283203125
21977,1.328125,1.279296875,-0.361328125,-0.322265625
21978,1.2890625,1.162109375,-0.087890625,-0.380859375
21979,1.25,1.181640625,-0.166015625,-0.341796875
21980,1.201171875,1.025390625,-0.283203125,-0.302734375
21981,1.240234375,1.11328125,-0.224609375,-0.283203125
21982,1.162109375,1.083984375,-0.205078125,-0.322265625
21983,1.357421875,1.07421875,-0.341796875,-0.322265625
21984,1.2890625,1.123046875,-0.1953125,-0.439453125
21985,1.318359375,1.103515625,-0.21484375,-0.390625
21986,1.19140625,1.11328125,-0.185546875,-0.341796875
21987,1.298828125,1.11328125,-0.244140625,-0.29296875
21988,1.2109375,1.1328125,-0.263671875,-0.302734375
21989,1.376953125,1.11328125,-0.37109375,-0.3125
21990,1.19140625,1.09375,-0.263671875,-0.3515625
21991,1.15234375,1.15234375,-0.341796875,-0.263671875
21992,1.201171875,0.99609375,-0.17578125,-0.361328125
21993,1.19140625,1.103515625,-0.25390625,-0.439453125
21994,1.2109375,1.103515625,-0.234375,-0.341796875
21995,1.201171875,1.083984375,-0.21484375,-0.322265625
21996,1.2109375,1.103515625,-0.380859375,-0.3125
21997,1.19140625,1.103515625,-0.263671875,-0.341796875
21998,1.2890625,1.064453125,-0.263671875,-0.400390625
21999,1.162109375,0.947265625,-0.341796875,-0.400390625
22000,1.171875,1.09375,-0.21484375,-0.439453125
22001,1.1328125,0.87890625,-0.185546875,-0.390625
22002,1.19140625,1.142578125,-0.224609375,-0.166015625
22003,1.240234375,1.083984375,-0.244140625,-0.3125
22004,1.2109375,1.005859375,-0.1171875,-0.3125
22005,1.2109375,1.015625,-0.13671875,-0.361328125
22006,1.2890625,1.03515625,-0.15625,-0.322265625
22007,1.396484375,0.95703125,-0.126953125,-0.322265625
22008,1.123046875,1.123046875,-0.185546875,-0.25390625
22009,1.30859375,1.0546875,-0.13671875,-0.2734375
22010,1.2109375,1.064453125,-0.25390625,-0.29296875
22011,1.2109375,1.064453125,-0.302734375,-0.341796875
22012,1.15234375,1.015625,-0.3125,-0.263671875
22013,1.171875,1.19140625,-0.234375,-0.361328125
22014,1.19140625,0.908203125,-0.283203125,-0.1953125
22015,1.23046875,1.07421875,-0.2734375,-0.302734375
22016,1.201171875,1.044921875,-0.37109375,-0.29296875
22017,1.162109375,1.044921875,-0.21484375,-0.29296875
22018,1.26953125,1.044921875,-0.283203125,-0.263671875
22019,1.259765625,1.19140625,-0.2734375,-0.361328125
22020,1.162109375,1.083984375,-0.234375,-0.3515625
22021,1.25,1.103515625,-0.263671875,-0.33203125
22022,1.025390625,1.09375,-0.2734375,-0.29296875
22023,1.2109375,1.11328125,-0.302734375,-0.166015625
22024,1.11328125,1.07421875,-0.224609375,-0.107421875
22025,1.171875,1.123046875,-0.41015625,-0.361328125
22026,1.298828125,1.07421875,-0.341796875,-0.361328125
22027,1.19140625,1.123046875,-0.263671875,-0.3125
22028,1.279296875,1.083984375,-0.2734375,-0.29296875
22029,1.15234375,1.09375,-0.21484375,-0.3515625
22030,1.083984375,1.103515625,-0.25390625,-0.244140625
22031,1.2890625,1.181640625,-0.29296875,-0.302734375
22032,1.240234375,0.9765625,-0.29296875,-0.3125
22033,1.23046875,1.103515625,-0.283203125,-0.078125
22034,1.259765625,1.240234375,-0.263671875,-0.341796875
22035,1.259765625,1.064453125,-0.13671875,-0.3125
22036,1.15234375,1.142578125,-0.302734375,-0.224609375
22037,1.2890625,1.142578125,-0.29296875,-0.234375
22038,1.30859375,1.0546875,-0.302734375,-0.3515625
22039,1.23046875,1.09375,-0.25390625,-0.439453125
22040,1.328125,1.123046875,-0.3125,-0.33203125
22041,1.298828125,1.0546875,-0.2734375,-0.263671875
22042,1.318359375,1.103515625,-0.302734375,-0.224609375
22043,1.26953125,1.11328125,-0.3125,-0.33203125
22044,1.26953125,0.908203125,-0.234375,-0.302734375
22045,1.142578125,1.142578125,-0.3125,-0.244140625
22046,1.357421875,1.044921875,-0.2734375,-0.302734375
22047,1.25,1.03515625,-0.283203125,-0.224609375
22048,1.25,1.11328125,-0.302734375,-0.3125
22049,1.2890625,1.142578125,-0.3125,-0.283203125
22050,1.201171875,1.123046875,-0.205078125,-0.29296875
22051,1.279296875,1.15234375,-0.302734375,-0.205078125
22052,1.2109375,1.171875,-0.3125,-0.263671875
22053,1.2890625,1.19140625,-0.283203125,-0.263671875
22054,1.259765625,1.1328125,-0.361328125,-0.21484375
22055,1.259765625,1.142578125,-0.322265625,-0.2734375
22056,1.259765625,1.11328125,-0.41015625,-0.283203125
22057,1.25,1.1328125,-0.380859375,-0.302734375
22058,1.25,1.15234375,-0.29296875,-0.361328125
22059,1.26953125,1.11328125,-0.224609375,-0.2734375
22060,1.26953125,1.162109375,-0.37109375,-0.13671875
22061,1.1328125,1.123046875,-0.302734375,-0.25390625
22062,1.26953125,1.201171875,-0.2734375,-0.234375
22063,1.240234375,1.044921875,-0.33203125,-0.25390625
22064,1.2890625,1.123046875,-0.3125,-0.33203125
22065,1.220703125,1.123046875,-0.2734375,-0.2734375
22066,1.25,1.142578125,-0.33203125,-0.29296875
22067,1.181640625,1.123046875,-0.3515625,-0.205078125
22068,1.259765625,1.142578125,-0.29296875,-0.283203125
22069,1.279296875,1.123046875,-0.33203125,-0.439453125
22070,1.26953125,1.123046875,-0.380859375,-0.25390625
22071,1.357421875,1.103515625,-0.390625,-0.25390625
22072,1.23046875,1.11328125,-0.41015625,-0.224609375
22073,1.4453125,1.083984375,-0.380859375,-0.302734375
22074,1.328125,1.09375,-0.283203125,-0.25390625
22075,1.23046875,1.162109375,-0.458984375,-0.048828125
22076,1.38671875,1.103515625,-0.37109375,-0.25390625
22077,1.26953125,1.103515625,-0.322265625,-0.33203125
22078,1.279296875,0.927734375,-0.37109375,-0.2734375
22079,1.15234375,1.123046875,-0.3515625,-0.205078125
22080,1.298828125,1.03515625,-0.322265625,-0.283203125
22081,1.19140625,1.07421875,-0.33203125,-0.3515625
22082,1.2109375,1.1328125,-0.33203125,-0.361328125
22083,1.142578125,0.99609375,-0.263671875,-0.234375
22084,1.162109375,1.103515625,-0.439453125,-0.17578125
22085,1.259765625,1.103515625,-0.322265625,-0.1953125
22086,1.25,1.1328125,-0.341796875,-0.29296875
22087,1.2890625,1.123046875,-0.380859375,-0.17578125
22088,1.220703125,1.0546875,-0.302734375,-0.234375
22089,1.201171875,1.181640625,-0.2734375,-0.1953125
22090,1.15234375,0.99609375,-0.380859375,-0.25390625
22091,1.201171875,1.11328125,-0.25390625,-0.185546875
22092,1.15234375,1.142578125,-0.3125,-0.302734375
22093,1.2109375,1.025390625,-0.41015625,-0.2734375
22094,1.181640625,1.103515625,-0.3515625,-0.322265625
22095,1.337890625,1.103515625,-0.25390625,-0.185546875
22096,1.181640625,1.162109375,-0.44921875,-0.3125
22097,1.19140625,1.142578125,-0.29296875,-0.185546875
22098,1.30859375,1.123046875,-0.263671875,-0.29296875
22099,1.142578125,1.044921875,-0.234375,-0.244140625
22100,1.19140625,1.123046875,-0.29296875,-0.107421875
22101,1.19140625,1.09375,-0.283203125,-0.380859375
22102,1.23046875,1.044921875,-0.478515625,-0.302734375
22103,1.103515625,1.07421875,-0.234375,-0.29296875
22104,1.2109375,1.09375,-0.2734375,-0.263671875
22105,1.2109375,1.11328125,-0.29296875,-0.283203125
22106,1.171875,1.1328125,-0.21484375,-0.25390625
22107,1.03515625,0.99609375,-0.224609375,-0.29296875
22108,1.1328125,1.123046875,-0.341796875,-0.234375
22109,1.162109375,1.07421875,-0.302734375,-0.244140625
22110,1.328125,1.103515625,-0.263671875,-0.3125
22111,1.181640625,1.2109375,-0.283203125,-0.244140625
22112,1.220703125,1.11328125,-0.224609375,-0.390625
22113,1.2109375,1.1328125,-0.185546875,-0.244140625
22114,1.142578125,1.162109375,-0.283203125,-0.25390625
22115,1.2109375,1.162109375,-0.244140625,-0.41015625
22116,1.201171875,1.11328125,-0.263671875,-0.25390625
22117,1.26953125,1.142578125,-0.29296875,-0.166015625
22118,1.298828125,1.2109375,-0.29296875,-0.2734375
22119,1.2109375,1.09375,-0.322265625,-0.2734375
22120,1.181640625,1.11328125,-0.244140625,-0.25390625
22121,1.279296875,1.025390625,-0.341796875,-0.15625
22122,1.259765625,1.083984375,-0.244140625,-0.166015625
22123,1.26953125,1.0546875,-0.458984375,-0.244140625
22124,1.240234375,1.162109375,-0.41015625,-0.25390625
22125,1.201171875,1.123046875,-0.283203125,-0.283203125
22126,1.23046875,1.1328125,-0.322265625,-0.2734375
22127,1.259765625,1.083984375,-0.224609375,-0.419921875
22128,1.279296875,1.09375,-0.341796875,-0.25390625
22129,1.220703125,1.2109375,-0.25390625,-0.2734375
22130,1.23046875,1.03515625,-0.21484375,-0.37109375
22131,1.181640625,1.09375,-0.302734375,-0.1171875
22132,1.15234375,0.99609375,-0.29296875,-0.322265625
22133,1.201171875,1.03515625,-0.283203125,-0.48828125
22134,1.298828125,1.07421875,-0.37109375,-0.224609375
22135,1.19140625,0.99609375,-0.341796875,-0.25390625
22136,1.279296875,1.083984375,-0.44921875,-0.2734375
22137,1.201171875,1.103515625,-0.263671875,-0.361328125
22138,1.162109375,1.09375,-0.37109375,-0.21484375
22139,1.201171875,1.259765625,-0.2734375,-0.126953125
22140,1.11328125,1.07421875,-0.322265625,-0.302734375
22141,1.15234375,1.123046875,-0.21484375,-0.2734375
22142,1.298828125,1.0546875,-0.1953125,-0.380859375
22143,1.23046875,1.064453125,-0.302734375,-0.25390625
22144,1.181640625,0.888671875,-0.224609375,-0.25390625
22145,1.259765625,1.162109375,-0.21484375,-0.29296875
22146,1.19140625,1.11328125,-0.322265625,-0.3125
22147,1.162109375,1.09375,-0.302734375,-0.2734375
22148,1.30859375,1.11328125,-0.185546875,-0.41015625
22149,1.15234375,1.09375,-0.2734375,-0.44921875
22150,1.318359375,1.1328125,-0.2734375,-0.361328125
22151,1.298828125,0.91796875,-0.37109375,-0.33203125
22152,1.19140625,1.1328125,-0.3515625,-0.234375
22153,1.181640625,1.123046875,-0.33203125,-0.244140625
22154,1.279296875,0.869140625,-0.322265625,-0.205078125
22155,1.142578125,1.015625,-0.361328125,-0.146484375
22156,1.30859375,1.162109375,-0.341796875,-0.224609375
22157,1.15234375,1.162109375,-0.478515625,-0.341796875
22158,1.240234375,1.123046875,-0.3515625,-0.439453125
22159,1.376953125,1.083984375,-0.341796875,-0.283203125
22160,1.279296875,1.0546875,-0.302734375,-0.2734375
22161,1.3671875,1.142578125,-0.341796875,-0.3515625
22162,1.23046875,1.11328125,-0.263671875,-0.2734375
22163,1.19140625,1.015625,-0.244140625,-0.263671875
22164,1.181640625,1.15234375,-0.380859375,-0.322265625
22165,1.240234375,1.083984375,-0.33203125,-0.361328125
22166,1.279296875,1.142578125,-0.283203125,-0.3125
22167,1.25,1.19140625,-0.341796875,-0.3515625
22168,1.19140625,1.171875,-0.361328125,-0.2734375
22169,1.19140625,1.15234375,-0.2734375,-0.263671875
22170,1.30859375,1.083984375,-0.3125,-0.234375
22171,1.181640625,1.162109375,-0.33203125,-0.341796875
22172,1.07421875,1.03515625,-0.419921875,-0.25390625
22173,1.259765625,1.15234375,-0.341796875,-0.537109375
22174,1.279296875,1.123046875,-0.263671875,-0.3125
22175,1.201171875,1.162109375,-0.41015625,-0.263671875
22176,1.23046875,1.201171875,-0.33203125,-0.234375
22177,1.240234375,1.201171875,-0.33203125,-0.283203125
22178,1.279296875,1.1328125,-0.29296875,-0.29296875
22179,1.25,1.1328125,-0.341796875,-0.048828125
22180,1.298828125,1.201171875,-0.244140625,-0.302734375
22181,1.259765625,1.123046875,-0.205078125,-0.33203125
22182,1.220703125,1.15234375,-0.302734375,-0.244140625
22183,1.26953125,1.15234375,-0.263671875,-0.263671875
22184,1.201171875,1.23046875,-0.15625,-0.322265625
22185,1.318359375,1.15234375,-0.244140625,-0.302734375
22186,1.279296875,1.162109375,-0.2734375,-0.3125
22187,1.240234375,1.142578125,-0.2734375,-0.29296875
22188,1.11328125,1.26953125,-0.234375,-0.341796875
22189,1.240234375,1.19140625,-0.263671875,-0.29296875
22190,1.19140625,1.23046875,-0.322265625,-0.29296875
22191,1.19140625,1.23046875,-0.3125,-0.244140625
22192,1.25,1.19140625,-0.1953125,-0.29296875
22193,1.328125,1.171875,-0.283203125,-0.322265625
22194,1.201171875,1.19140625,-0.33203125,-0.17578125
22195,1.201171875,1.181640625,-0.205078125,-0.400390625
22196,1.201171875,1.123046875,-0.283203125,-0.29296875
22197,1.201171875,1.240234375,-0.166015625,-0.126953125
22198,1.162109375,1.142578125,-0.29296875,-0.283203125
22199,1.240234375,1.298828125,-0.263671875,-0.3125
22200,1.2109375,1.123046875,-0.25390625,-0.341796875
22201,1.357421875,1.15234375,-0.234375,-0.478515625
22202,1.23046875,1.171875,-0.166015625,-0.361328125
22203,1.162109375,1.2109375,-0.3125,-0.25390625
22204,1.26953125,1.259765625,-0.29296875,-0.341796875
22205,1.15234375,1.279296875,-0.25390625,-0.44921875
22206,1.19140625,1.259765625,-0.341796875,-0.44921875
22207,1.07421875,1.23046875,-0.29296875,-0.400390625
22208,1.2890625,1.337890625,-0.234375,-0.3515625
22209,1.26953125,1.298828125,-0.390625,-0.33203125
22210,1.181640625,1.25,-0.1953125,-0.361328125
22211,1.25,1.240234375,-0.2734375,-0.361328125
22212,1.103515625,1.201171875,-0.3515625,-0.380859375
22213,1.201171875,1.25,-0.25390625,-0.361328125
22214,1.083984375,1.19140625,-0.21484375,-0.400390625
22215,1.142578125,1.3671875,-0.390625,-0.46875
22216,1.15234375,1.25,-0.205078125,-0.341796875
22217,1.220703125,1.171875,-0.380859375,-0.4296875
22218,1.142578125,1.181640625,-0.390625,-0.400390625
22219,1.123046875,1.181640625,-0.283203125,-0.341796875
22220,1.083984375,1.23046875,-0.234375,-0.361328125
22221,1.201171875,1.1328125,-0.185546875,-0.419921875
22222,1.1328125,1.220703125,-0.2734375,-0.41015625
22223,1.11328125,1.337890625,-0.322265625,-0.439453125
22224,1.142578125,1.181640625,-0.205078125,-0.380859375
22225,1.298828125,1.2109375,-0.25390625,-0.458984375
22226,1.30859375,1.259765625,-0.283203125,-0.390625
22227,1.1328125,1.19140625,-0.322265625,-0.390625
22228,1.19140625,1.259765625,-0.244140625,-0.41015625
22229,1.30859375,1.171875,-0.263671875,-0.41015625
22230,1.2109375,1.259765625,-0.263671875,-0.361328125
22231,1.171875,1.23046875,-0.17578125,-0.625
22232,1.328125,1.220703125,-0.224609375,-0.41015625
22233,1.2109375,1.376953125,-0.224609375,-0.41015625
22234,1.23046875,1.19140625,-0.283203125,-0.341796875
22235,1.23046875,1.25,-0.263671875,-0.4296875
22236,1.162109375,1.23046875,-0.33203125,-0.341796875
22237,1.240234375,1.2890625,-0.185546875,-0.46875
22238,1.2890625,1.23046875,-0.322265625,-0.361328125
22239,1.23046875,1.171875,-0.37109375,-0.400390625
22240,1.201171875,1.2109375,-0.29296875,-0.390625
22241,1.23046875,1.240234375,-0.29296875,-0.380859375
22242,1.07421875,1.23046875,-0.29296875,-0.302734375
22243,1.142578125,1.2109375,-0.29296875,-0.400390625
22244,1.123046875,1.259765625,-0.283203125,-0.44921875
22245,1.318359375,1.103515625,-0.263671875,-0.361328125
22246,1.11328125,1.171875,-0.283203125,-0.46875
22247,1.03515625,1.19140625,-0.29296875,-0.126953125
22248,1.123046875,1.240234375,-0.302734375,-0.419921875
22249,1.15234375,1.328125,-0.322265625,-0.17578125
22250,1.11328125,1.162109375,-0.244140625,-0.361328125
22251,1.07421875,1.19140625,-0.087890625,-0.439453125
22252,1.162109375,1.220703125,-0.1953125,-0.5078125
22253,1.142578125,1.220703125,-0.244140625,-0.380859375
22254,1.064453125,1.162109375,-0.224609375,-0.390625
22255,1.201171875,0.99609375,-0.15625,-0.361328125
22256,1.2109375,1.162109375,-0.302734375,-0.263671875
22257,1.220703125,1.201171875,-0.244140625,-0.46875
22258,1.259765625,1.123046875,-0.126953125,-0.3515625
22259,1.201171875,1.2109375,-0.283203125,-0.29296875
22260,1.25,1.162109375,-0.1953125,-0.37109375
22261,1.201171875,1.201171875,-0.283203125,-0.390625
22262,1.23046875,1.181640625,-0.283203125,-0.400390625
22263,1.1328125,1.15234375,-0.341796875,-0.41015625
22264,1.2109375,1.23046875,-0.439453125,-0.419921875
22265,1.328125,1.220703125,-0.302734375,-0.4296875
22266,1.259765625,1.171875,-0.13671875,-0.4296875
22267,1.181640625,1.03515625,-0.41015625,-0.361328125
22268,1.26953125,1.142578125,-0.283203125,-0.29296875
22269,1.2890625,1.142578125,-0.322265625,-0.390625
22270,1.171875,1.3671875,-0.29296875,-0.478515625
22271,1.240234375,1.1328125,-0.283203125,-0.419921875
22272,1.259765625,1.201171875,-0.302734375,-0.37109375
22273,1.25,1.1328125,-0.25390625,-0.3515625
22274,1.2109375,1.181640625,-0.33203125,-0.390625
22275,1.2109375,1.2109375,-0.234375,-0.3515625
22276,1.201171875,1.15234375,-0.283203125,-0.302734375
22277,1.064453125,1.03515625,-0.21484375,-0.341796875
22278,1.3671875,1.15234375,-0.224609375,-0.380859375
22279,1.2109375,0.99609375,-0.21484375,-0.361328125
22280,1.279296875,1.103515625,-0.283203125,-0.234375
22281,1.162109375,1.083984375,-0.17578125,-0.390625
22282,1.142578125,1.09375,-0.234375,-0.302734375
22283,1.171875,1.220703125,-0.234375,-0.419921875
22284,1.07421875,1.142578125,-0.283203125,-0.44921875
22285,1.11328125,1.09375,-0.322265625,-0.44921875
22286,1.23046875,1.142578125,-0.205078125,-0.283203125
22287,1.201171875,1.201171875,-0.3515625,-0.41015625
22288,1.220703125,1.064453125,-0.25390625,-0.390625
22289,1.2109375,1.103515625,-0.29296875,-0.400390625
22290,1.337890625,1.19140625,-0.25390625,-0.380859375
22291,1.09375,1.19140625,-0.166015625,-0.390625
22292,1.220703125,1.142578125,-0.341796875,-0.41015625
22293,1.220703125,1.162109375,-0.2734375,-0.380859375
22294,1.240234375,1.11328125,-0.322265625,-0.478515625
22295,1.259765625,1.123046875,-0.361328125,-0.33203125
22296,1.259765625,1.123046875,-0.380859375,-0.380859375
22297,1.171875,1.044921875,-0.2734375,-0.48828125
22298,1.25,1.23046875,-0.244140625,-0.400390625
22299,1.318359375,1.15234375,-0.263671875,-0.400390625
22300,1.2109375,1.044921875,-0.33203125,-0.37109375
22301,1.26953125,1.103515625,-0.263671875,-0.380859375
22302,1.201171875,1.15234375,-0.3125,-0.44921875
22303,1.30859375,1.142578125,-0.37109375,-0.419921875
22304,1.26953125,1.142578125,-0.244140625,-0.46875
22305,1.328125,1.181640625,-0.1953125,-0.341796875
22306,1.181640625,1.09375,-0.13671875,-0.37109375
22307,1.298828125,1.34765625,-0.3125,-0.478515625
22308,1.0546875,1.19140625,-0.1953125,-0.48828125
22309,1.123046875,1.064453125,-0.361328125,-0.361328125
22310,1.201171875,0.986328125,-0.380859375,-0.44921875
22311,1.1328125,1.142578125,-0.1953125,-0.3125
22312,1.103515625,1.162109375,-0.17578125,-0.458984375
22313,1.171875,1.07421875,-0.185546875,-0.41015625
22314,1.23046875,1.181640625,-0.234375,-0.68359375
22315,1.15234375,1.220703125,-0.146484375,-0.46875
22316,1.181640625,1.103515625,-0.33203125,-0.478515625
22317,1.181640625,1.181640625,-0.3125,-0.458984375
22318,1.15234375,1.044921875,-0.263671875,-0.439453125
22319,1.201171875,1.044921875,-0.25390625,-0.390625
22320,1.201171875,1.07421875,-0.33203125,-0.5078125
22321,1.162109375,1.15234375,-0.185546875,-0.46875
22322,1.181640625,1.171875,-0.25390625,-0.615234375
22323,1.19140625,1.19140625,-0.29296875,-0.5078125
22324,1.083984375,1.083984375,-0.2734375,-0.390625
22325,1.201171875,1.142578125,-0.25390625,-0.3125
22326,1.23046875,1.15234375,-0.234375,-0.5078125
22327,1.123046875,1.103515625,-0.322265625,-0.380859375
22328,1.19140625,1.162109375,-0.263671875,-0.263671875
22329,1.19140625,1.123046875,-0.302734375,-0.400390625
22330,1.2109375,1.2890625,-0.21484375,-0.322265625
22331,1.2109375,1.03515625,-0.21484375,-0.3515625
22332,1.220703125,1.09375,-0.234375,-0.4296875
22333,1.142578125,1.1328125,-0.224609375,-0.37109375
22334,1.19140625,1.30859375,-0.263671875,-0.3125
22335,1.123046875,1.1328125,-0.234375,-0.390625
22336,1.123046875,1.23046875,-0.263671875,-0.361328125
22337,1.181640625,1.083984375,-0.341796875,-0.361328125
22338,1.220703125,1.103515625,-0.263671875,-0.478515625
22339,1.2109375,1.123046875,-0.234375,-0.3125
22340,1.220703125,1.162109375,-0.25390625,-0.419921875
22341,1.25,1.07421875,-0.224609375,-0.546875
22342,1.279296875,1.064453125,-0.283203125,-0.390625
22343,1.2109375,1.044921875,-0.283203125,-0.400390625
22344,1.07421875,1.171875,-0.341796875,-0.458984375
22345,1.181640625,1.15234375,-0.361328125,-0.41015625
22346,1.201171875,1.181640625,-0.419921875,-0.498046875
22347,1.279296875,1.181640625,-0.2734375,-0.25390625
22348,1.279296875,1.09375,-0.302734375,-0.390625
22349,1.240234375,1.15234375,-0.322265625,-0.46875
22350,1.201171875,1.09375,-0.3125,-0.37109375
22351,1.25,1.07421875,-0.224609375,-0.390625
22352,1.259765625,1.0546875,-0.380859375,-0.400390625
22353,1.2109375,1.09375,-0.33203125,-0.380859375
22354,1.201171875,1.142578125,-0.33203125,-0.33203125
22355,1.259765625,1.044921875,-0.29296875,-0.380859375
22356,1.298828125,1.15234375,-0.322265625,-0.48828125
22357,1.474609375,1.142578125,-0.29296875,-0.29296875
22358,1.23046875,1.044921875,-0.205078125,-0.400390625
22359,1.240234375,1.064453125,-0.283203125,-0.283203125
22360,1.220703125,1.083984375,-0.205078125,-0.224609375
22361,1.240234375,1.19140625,-0.3515625,-0.390625
22362,1.23046875,1.201171875,-0.166015625,-0.439453125
22363,1.2890625,1.09375,-0.234375,-0.3125
22364,1.220703125,1.181640625,-0.25390625,-0.419921875
22365,1.240234375,1.09375,-0.341796875,-0.458984375
22366,1.376953125,1.083984375,-0.2734375,-0.341796875
22367,1.259765625,1.0546875,-0.1953125,-0.458984375
22368,1.279296875,1.142578125,-0.244140625,-0.390625
22369,1.25,1.07421875,-0.1953125,-0.37109375
22370,1.171875,1.162109375,-0.322265625,-0.3125
22371,1.171875,1.220703125,-0.146484375,-0.390625
22372,1.142578125,1.09375,-0.2734375,-0.2734375
22373,1.2109375,0.966796875,-0.15625,-0.33203125
22374,1.23046875,1.123046875,-0.3515625,-0.3125
22375,1.1328125,1.1328125,-0.224609375,-0.263671875
22376,1.259765625,0.99609375,-0.2734375,-0.3515625
22377,1.220703125,1.123046875,-0.17578125,-0.37109375
22378,1.30859375,1.1328125,-0.166015625,-0.29296875
22379,1.38671875,1.40625,-0.205078125,-0.41015625
22380,1.357421875,1.15234375,-0.13671875,-0.419921875
22381,1.26953125,1.09375,-0.205078125,-0.458984375
22382,1.3671875,1.15234375,-0.25390625,-0.361328125
22383,1.42578125,1.142578125,-0.25390625,-0.17578125
22384,1.337890625,1.123046875,-0.25390625,-0.37109375
22385,1.23046875,1.11328125,-0.244140625,-0.400390625
22386,1.34765625,0.78125,-0.322265625,-0.234375
22387,1.328125,1.2109375,-0.29296875,-0.341796875
22388,1.3671875,1.11328125,-0.263671875,-0.41015625
22389,1.376953125,1.123046875,-0.2734375,-0.37109375
22390,1.259765625,1.15234375,-0.322265625,-0.400390625
22391,1.337890625,1.2109375,-0.439453125,-0.400390625
22392,1.181640625,1.416015625,-0.302734375,-0.29296875
22393,1.455078125,1.19140625,-0.3125,-0.478515625
22394,1.25,1.162109375,-0.3515625,-0.390625
22395,1.15234375,1.025390625,-0.302734375,-0.341796875
22396,1.328125,1.19140625,-0.322265625,-0.41015625
22397,1.337890625,1.298828125,-0.322265625,-0.3515625
22398,1.220703125,1.19140625,-0.439453125,-0.44921875
22399,1.220703125,1.181640625,-0.29296875,-0.224609375
22400,1.181640625,1.181640625,-0.3125,-0.302734375
22401,1.240234375,1.162109375,-0.1953125,-0.390625
22402,1.25,1.19140625,-0.244140625,-0.283203125
22403,1.162109375,1.142578125,-0.400390625,-0.458984375
22404,1.2890625,1.11328125,-0.29296875,-0.390625
22405,1.2890625,1.328125,-0.234375,-0.322265625
22406,1.30859375,1.162109375,-0.205078125,-0.41015625
22407,1.30859375,1.23046875,-0.166015625,-0.478515625
22408,1.26953125,1.25,-0.1171875,-0.21484375
22409,1.318359375,1.162109375,-0.166015625,-0.3125
22410,1.328125,1.142578125,-0.234375,-0.380859375
22411,1.396484375,1.142578125,-0.1953125,-0.361328125
22412,1.26953125,1.142578125,-0.25390625,-0.3515625
22413,1.25,1.15234375,-0.21484375,-0.341796875
22414,1.318359375,1.15234375,-0.283203125,-0.41015625
22415,1.337890625,1.142578125,-0.25390625,-0.3515625
22416,1.42578125,1.11328125,-0.224609375,-0.361328125
22417,1.318359375,1.103515625,-0.283203125,-0.126953125
22418,1.279296875,1.171875,-0.224609375,-0.3515625
22419,1.318359375,1.318359375,-0.087890625,-0.390625
22420,1.171875,1.064453125,-0.25390625,-0.439453125
22421,1.103515625,1.0546875,-0.234375,-0.3515625
22422,1.181640625,1.064453125,-0.263671875,-0.37109375
22423,1.201171875,0.99609375,-0.146484375,-0.37109375
22424,1.25,1.09375,-0.2734375,-0.400390625
22425,1.162109375,1.03515625,-0.15625,-0.37109375
22426,1.298828125,0.9765625,-0.234375,-0.322265625
22427,1.123046875,1.09375,-0.263671875,-0.4296875
22428,1.19140625,1.2109375,-0.283203125,-0.3515625
22429,1.1328125,1.103515625,-0.048828125,-0.4296875
22430,1.19140625,1.1328125,-0.244140625,-0.41015625
22431,1.279296875,1.064453125,-0.17578125,-0.37109375
22432,1.181640625,1.123046875,-0.1953125,-0.48828125
22433,1.171875,1.103515625,-0.25390625,-0.341796875
22434,1.23046875,1.03515625,-0.341796875,-0.390625
22435,1.23046875,1.07421875,-0.1953125,-0.29296875
22436,1.09375,1.044921875,-0.224609375,-0.419921875
22437,1.279296875,1.0546875,-0.3515625,-0.419921875
22438,1.19140625,1.0546875,-0.283203125,-0.400390625
22439,1.2890625,0.99609375,-0.21484375,-0.244140625
22440,1.181640625,1.142578125,-0.3515625,-0.322265625
22441,1.2109375,0.908203125,-0.185546875,-0.29296875
22442,1.201171875,1.064453125,-0.205078125,-0.107421875
22443,1.201171875,0.95703125,-0.224609375,-0.37109375
22444,1.162109375,1.25,-0.146484375,-0.283203125
22445,1.26953125,1.064453125,-0.2734375,-0.302734375
22446,1.142578125,1.07421875,-0.17578125,-0.37109375
22447,1.2109375,1.103515625,-0.25390625,-0.244140625
22448,1.171875,1.0546875,-0.166015625,-0.1953125
22449,1.298828125,1.005859375,-0.341796875,-0.33203125
22450,1.220703125,1.025390625,-0.3125,-0.2734375
22451,1.15234375,1.083984375,-0.244140625,-0.17578125
22452,1.19140625,1.083984375,-0.361328125,-0.263671875
22453,1.240234375,1.2109375,-0.2734375,-0.283203125
22454,1.201171875,1.103515625,-0.21484375,-0.25390625
22455,1.181640625,1.044921875,-0.33203125,-0.302734375
22456,1.240234375,1.162109375,-0.25390625,-0.205078125
22457,1.220703125,1.0546875,-0.224609375,-0.3125
22458,1.181640625,1.123046875,-0.3125,-0.322265625
22459,1.171875,1.2109375,-0.17578125,-0.2734375
22460,1.201171875,1.171875,-0.263671875,-0.341796875
22461,1.2109375,1.123046875,-0.283203125,-0.29296875
22462,1.23046875,1.0546875,-0.224609375,-0.2734375
22463,1.123046875,1.03515625,-0.224609375,-0.3515625
22464,1.07421875,1.025390625,-0.302734375,-0.224609375
22465,1.181640625,1.40625,-0.205078125,-0.25390625
22466,1.1328125,1.15234375,-0.29296875,-0.224609375
22467,1.19140625,1.07421875,-0.234375,-0.263671875
22468,1.181640625,0.986328125,-0.185546875,-0.2734375
22469,1.2109375,1.07421875,-0.283203125,-0.263671875
22470,1.240234375,1.083984375,-0.263671875,-0.2734375
22471,1.201171875,1.220703125,-0.263671875,-0.234375
22472,1.201171875,1.123046875,-0.224609375,-0.244140625
22473,1.201171875,1.044921875,-0.234375,-0.302734375
22474,1.15234375,0.888671875,-0.244140625,-0.380859375
22475,1.220703125,1.0546875,-0.29296875,-0.25390625
22476,1.298828125,1.0546875,-0.146484375,-0.244140625
22477,1.19140625,1.03515625,-0.146484375,-0.244140625
22478,1.171875,1.09375,-0.302734375,-0.234375
22479,1.201171875,1.09375,-0.25390625,-0.33203125
22480,1.201171875,1.09375,-0.322265625,-0.2734375
22481,1.220703125,1.142578125,-0.33203125,-0.341796875
22482,1.181640625,1.123046875,-0.25390625,-0.1953125
22483,1.15234375,1.171875,-0.185546875,-0.185546875
22484,1.2109375,1.171875,-0.263671875,-0.224609375
22485,1.30859375,1.142578125,-0.400390625,-0.13671875
22486,1.15234375,1.201171875,-0.361328125,-0.263671875
22487,1.123046875,1.11328125,-0.400390625,-0.361328125
22488,1.19140625,1.15234375,-0.400390625,-0.302734375
22489,1.220703125,1.181640625,-0.33203125,-0.2734375
22490,1.30859375,1.220703125,-0.44921875,-0.234375
22491,1.11328125,1.064453125,-0.33203125,-0.302734375
22492,1.298828125,1.171875,-0.419921875,-0.25390625
22493,1.2109375,1.103515625,-0.21484375,-0.078125
22494,1.34765625,1.1328125,-0.3515625,-0.400390625
22495,1.23046875,1.03515625,-0.400390625,-0.205078125
22496,1.25,1.11328125,-0.302734375,-0.283203125
22497,1.19140625,1.103515625,-0.400390625,-0.25390625
22498,1.15234375,1.162109375,-0.3515625,-0.21484375
22499,1.220703125,1.064453125,-0.234375,-0.2734375
22500,1.2109375,1.15234375,-0.3515625,-0.21484375
22501,1.2109375,1.162109375,-0.46875,-0.29296875
22502,1.240234375,1.123046875,-0.1953125,-0.185546875
22503,1.23046875,1.083984375,-0.3515625,-0.1953125
22504,1.083984375,1.240234375,-0.361328125,-0.3125
22505,1.1328125,1.03515625,-0.29296875,-0.166015625
22506,1.26953125,1.123046875,-0.361328125,-0.3125
22507,1.19140625,1.15234375,-0.33203125,-0.3125
22508,1.220703125,0.966796875,-0.3125,-0.37109375
22509,1.30859375,1.083984375,-0.302734375,-0.205078125
22510,1.318359375,1.240234375,-0.3515625,-0.283203125
22511,1.23046875,0.8203125,-0.341796875,-0.341796875
22512,1.2890625,1.103515625,-0.3515625,-0.244140625
22513,1.171875,1.181640625,-0.380859375,-0.283203125
22514,1.25,1.15234375,-0.263671875,-0.29296875
22515,1.259765625,1.09375,-0.3515625,-0.1953125
22516,1.11328125,0.966796875,-0.361328125,-0.1953125
22517,1.15234375,1.03515625,-0.361328125,-0.33203125
22518,1.2109375,1.09375,-0.478515625,-0.341796875
22519,1.23046875,1.044921875,-0.380859375,-0.205078125
22520,1.1328125,1.03515625,-0.224609375,-0.224609375
22521,1.34765625,1.123046875,-0.4296875,-0.205078125
22522,1.26953125,1.11328125,-0.283203125,-0.283203125
22523,1.201171875,0.95703125,-0.390625,-0.322265625
22524,1.376953125,1.044921875,-0.302734375,-0.29296875
22525,1.171875,1.103515625,-0.244140625,-0.302734375
22526,1.181640625,1.09375,-0.15625,-0.2734375
22527,1.30859375,1.015625,-0.29296875,-0.390625
22528,1.3671875,1.07421875,-0.3125,-0.283203125
22529,1.318359375,1.044921875,-0.341796875,-0.234375
22530,1.162109375,1.103515625,-0.302734375,-0.205078125
22531,1.181640625,1.005859375,-0.29296875,-0.33203125
22532,1.15234375,0.99609375,-0.2734375,-0.25390625
22533,1.181640625,1.09375,-0.361328125,-0.33203125
22534,1.220703125,1.07421875,-0.25390625,-0.2734375
22535,1.15234375,1.064453125,-0.244140625,-0.302734375
22536,1.162109375,1.123046875,-0.29296875,-0.46875
22537,1.220703125,1.220703125,-0.25390625,-0.302734375
22538,1.240234375,1.025390625,-0.15625,-0.322265625
22539,1.220703125,1.15234375,-0.322265625,-0.185546875
22540,1.142578125,1.103515625,-0.29296875,-0.33203125
22541,1.19140625,1.171875,-0.37109375,-0.2734375
22542,1.162109375,1.162109375,-0.21484375,-0.37109375
22543,1.2890625,1.11328125,-0.224609375,-0.361328125
22544,1.11328125,1.19140625,-0.244140625,-0.283203125
22545,1.259765625,1.26953125,-0.263671875,-0.1953125
22546,1.30859375,1.11328125,-0.33203125,-0.2734375
22547,1.25,1.1328125,-0.29296875,-0.3515625
22548,1.259765625,0.947265625,-0.341796875,-0.224609375
22549,1.2890625,1.142578125,-0.29296875,-0.29296875
22550,1.34765625,1.005859375,-0.224609375,-0.244140625
22551,1.337890625,0.95703125,-0.2734375,-0.234375
22552,1.328125,1.171875,-0.283203125,-0.29296875
22553,1.259765625,1.0546875,-0.283203125,-0.263671875
22554,1.26953125,1.26953125,-0.126953125,-0.21484375
22555,1.376953125,1.171875,-0.2734375,-0.33203125
22556,1.2890625,1.025390625,-0.478515625,-0.25390625
22557,1.2890625,1.123046875,-0.419921875,-0.1953125
22558,1.279296875,1.0546875,-0.25390625,-0.25390625
22559,1.3671875,1.083984375,-0.400390625,-0.224609375
22560,1.25,1.103515625,-0.302734375,-0.29296875
22561,1.279296875,1.123046875,-0.21484375,-0.3125
22562,1.259765625,1.09375,-0.17578125,-0.263671875
22563,1.25,1.11328125,-0.107421875,-0.341796875
22564,1.2109375,1.103515625,-0.263671875,-0.244140625
22565,1.23046875,1.1328125,-0.224609375,-0.29296875
22566,1.2890625,1.07421875,-0.41015625,-0.25390625
22567,1.25,1.0546875,-0.322265625,-0.33203125
22568,1.416015625,0.9375,-0.205078125,-0.21484375
22569,1.240234375,1.103515625,-0.322265625,-0.322265625
22570,1.30859375,1.064453125,-0.33203125,-0.25390625
22571,1.240234375,1.103515625,-0.302734375,-0.1953125
22572,1.337890625,1.0546875,-0.224609375,-0.244140625
22573,1.2109375,1.181640625,-0.2734375,-0.1171875
22574,1.220703125,1.15234375,-0.33203125,-0.234375
22575,1.26953125,0.9375,-0.25390625,-0.224609375
22576,1.279296875,1.162109375,-0.2734375,-0.224609375
22577,1.376953125,0.91796875,-0.3515625,-0.244140625
22578,1.201171875,1.07421875,-0.302734375,-0.25390625
22579,1.220703125,1.064453125,-0.3125,-0.341796875
22580,1.40625,1.03515625,-0.3515625,-0.33203125
22581,1.23046875,1.103515625,-0.263671875,-0.33203125
22582,1.259765625,1.0546875,-0.2734375,-0.21484375
22583,1.103515625,1.103515625,-0.234375,-0.2734375
22584,1.38671875,1.07421875,-0.205078125,-0.29296875
22585,1.279296875,1.064453125,-0.244140625,-0.341796875
22586,1.357421875,1.025390625,-0.33203125,-0.302734375
22587,1.298828125,1.07421875,-0.361328125,-0.3125
22588,1.298828125,1.0546875,-0.3125,-0.224609375
22589,1.23046875,1.123046875,-0.2734375,-0.29296875
22590,1.26953125,1.0546875,-0.322265625,-0.341796875
22591,1.279296875,1.044921875,-0.361328125,-0.146484375
22592,1.240234375,1.11328125,-0.3515625,-0.283203125
22593,1.201171875,1.025390625,-0.3515625,-0.224609375
22594,1.240234375,1.103515625,-0.322265625,-0.322265625
22595,1.279296875,1.15234375,-0.33203125,-0.25390625
22596,1.2890625,1.15234375,-0.263671875,-0.263671875
22597,1.259765625,1.11328125,-0.283203125,-0.25390625
22598,1.220703125,1.15234375,-0.322265625,-0.2734375
22599,1.171875,1.23046875,-0.380859375,-0.244140625
22600,1.30859375,1.1328125,-0.3125,-0.1953125
22601,1.279296875,1.1328125,-0.33203125,-0.3515625
22602,1.23046875,0.927734375,-0.380859375,-0.283203125
22603,1.25,1.142578125,-0.263671875,-0.263671875
22604,1.357421875,1.15234375,-0.3125,-0.244140625
22605,1.240234375,1.2109375,-0.419921875,-0.244140625
22606,1.279296875,1.240234375,-0.322265625,-0.322265625
22607,1.23046875,1.083984375,-0.361328125,-0.21484375
22608,1.26953125,1.171875,-0.185546875,-0.263671875
22609,1.26953125,1.162109375,-0.302734375,-0.3125
22610,1.2109375,1.11328125,-0.224609375,-0.25390625
22611,1.26953125,1.30859375,-0.234375,-0.283203125
22612,1.240234375,1.025390625,-0.3515625,-0.3125
22613,1.201171875,1.103515625,-0.234375,-0.400390625
22614,1.259765625,1.162109375,-0.263671875,-0.283203125
22615,1.240234375,1.162109375,-0.3125,-0.2734375
22616,1.162109375,1.123046875,-0.21484375,-0.283203125
22617,1.318359375,1.07421875,-0.3515625,-0.1953125
22618,1.298828125,1.279296875,-0.25390625,-0.2734375
22619,1.2109375,1.171875,-0.283203125,-0.439453125
22620,1.25,1.11328125,-0.283203125,-0.283203125
22621,1.25,1.09375,-0.234375,-0.33203125
22622,1.162109375,1.142578125,-0.263671875,-0.302734375
22623,1.298828125,1.044921875,-0.234375,-0.302734375
22624,1.23046875,1.025390625,-0.185546875,-0.4296875
22625,1.142578125,1.123046875,-0.234375,-0.2734375
22626,1.23046875,1.162109375,-0.126953125,-0.263671875
22627,1.220703125,1.142578125,-0.205078125,-0.400390625
22628,1.30859375,1.07421875,-0.244140625,-0.322265625
22629,1.318359375,1.07421875,-0.234375,-0.361328125
22630,1.259765625,1.240234375,-0.29296875,-0.341796875
22631,1.259765625,1.171875,-0.234375,-0.3515625
22632,1.240234375,1.15234375,-0.244140625,-0.341796875
22633,1.19140625,1.09375,-0.17578125,-0.33203125
22634,1.23046875,1.240234375,-0.1953125,-0.37109375
22635,1.30859375,1.259765625,-0.33203125,-0.37109375
22636,1.279296875,1.142578125,-0.2734375,-0.400390625
22637,1.25,1.23046875,-0.341796875,-0.41015625
22638,1.181640625,1.015625,-0.322265625,-0.3515625
22639,1.2109375,1.2890625,-0.44921875,-0.41015625
22640,1.25,1.19140625,-0.3125,-0.37109375
22641,1.044921875,1.240234375,-0.3125,-0.341796875
22642,1.220703125,1.171875,-0.419921875,-0.419921875
22643,1.279296875,1.26953125,-0.3125,-0.556640625
22644,1.201171875,1.23046875,-0.322265625,-0.3125
22645,1.162109375,1.2109375,-0.419921875,-0.419921875
22646,1.23046875,1.26953125,-0.322265625,-0.41015625
22647,1.0546875,1.19140625,-0.29296875,-0.41015625
22648,1.2109375,1.279296875,-0.37109375,-0.390625
22649,1.25,1.23046875,-0.25390625,-0.4296875
22650,1.23046875,1.259765625,-0.2734375,-0.390625
22651,1.19140625,1.03515625,-0.283203125,-0.33203125
22652,1.15234375,1.23046875,-0.283203125,-0.3515625
22653,1.240234375,1.23046875,-0.244140625,-0.361328125
22654,1.201171875,1.19140625,-0.33203125,-0.400390625
22655,1.162109375,1.083984375,-0.29296875,-0.33203125
22656,1.2890625,1.25,-0.244140625,-0.341796875
22657,1.09375,1.279296875,-0.361328125,-0.400390625
22658,1.240234375,1.259765625,-0.2734375,-0.341796875
22659,1.2109375,1.23046875,-0.283203125,-0.33203125
22660,1.240234375,1.318359375,-0.25390625,-0.37109375
22661,1.25,1.25,-0.1953125,-0.3515625
22662,1.240234375,1.15234375,-0.263671875,-0.361328125
22663,1.26953125,1.181640625,-0.224609375,-0.478515625
22664,1.25,1.19140625,-0.390625,-0.615234375
22665,1.279296875,1.19140625,-0.224609375,-0.4296875
22666,1.09375,1.201171875,-0.41015625,-0.37109375
22667,1.25,1.19140625,-0.458984375,-0.37109375
22668,1.25,1.220703125,-0.322265625,-0.400390625
22669,1.142578125,1.2890625,-0.244140625,-0.37109375
22670,1.162109375,1.181640625,-0.205078125,-0.3515625
22671,1.015625,1.201171875,-0.29296875,-0.361328125
22672,1.181640625,1.181640625,-0.400390625,-0.390625
22673,1.123046875,1.07421875,-0.380859375,-0.44921875
22674,1.064453125,1.2109375,-0.302734375,-0.44921875
22675,1.2109375,1.201171875,-0.3125,-0.361328125
22676,1.201171875,1.2109375,-0.17578125,-0.4296875
22677,1.2109375,1.201171875,-0.283203125,-0.33203125
22678,1.1328125,1.181640625,-0.263671875,-0.439453125
22679,1.201171875,1.201171875,-0.146484375,-0.380859375
22680,1.044921875,1.220703125,-0.21484375,-0.44921875
22681,1.23046875,1.15234375,-0.302734375,-0.41015625
22682,1.171875,1.09375,-0.224609375,-0.458984375
22683,1.3671875,1.171875,-0.361328125,-0.380859375
22684,1.42578125,1.142578125,-0.41015625,-0.458984375
22685,1.298828125,1.23046875,-0.1953125,-0.48828125
22686,1.240234375,1.1328125,-0.244140625,-0.302734375
22687,1.328125,1.103515625,-0.29296875,-0.400390625
22688,1.298828125,1.19140625,-0.1953125,-0.322265625
22689,1.34765625,1.220703125,-0.29296875,-0.556640625
22690,1.298828125,1.2890625,-0.234375,-0.390625
22691,1.2890625,1.162109375,-0.341796875,-0.390625
22692,1.2890625,1.162109375,-0.244140625,-0.322265625
22693,1.337890625,1.162109375,-0.2734375,-0.439453125
22694,1.2890625,1.11328125,-0.25390625,-0.390625
22695,1.26953125,1.142578125,-0.283203125,-0.37109375
22696,1.357421875,1.19140625,-0.166015625,-0.400390625
22697,1.259765625,1.09375,-0.126953125,-0.4296875
22698,1.26953125,1.201171875,-0.283203125,-0.37109375
22699,1.25,1.181640625,-0.234375,-0.458984375
22700,1.220703125,1.162109375,-0.263671875,-0.33203125
22701,1.23046875,1.15234375,-0.234375,-0.322265625
22702,1.25,1.181640625,-0.146484375,-0.341796875
22703,1.2109375,0.8984375,-0.29296875,-0.390625
22704,1.220703125,1.142578125,-0.185546875,-0.390625
22705,1.240234375,1.09375,-0.283203125,-0.37109375
22706,1.181640625,1.09375,-0.205078125,-0.380859375
22707,1.23046875,1.19140625,-0.322265625,-0.361328125
22708,1.181640625,1.162109375,-0.263671875,-0.37109375
22709,1.259765625,1.15234375,-0.37109375,-0.400390625
22710,1.23046875,1.23046875,-0.185546875,-0.2734375
22711,1.240234375,1.19140625,-0.224609375,-0.361328125
22712,1.162109375,1.171875,-0.263671875,-0.361328125
22713,1.259765625,1.201171875,-0.17578125,-0.458984375
22714,1.15234375,1.162109375,-0.1953125,-0.361328125
22715,1.23046875,1.083984375,-0.1953125,-0.33203125
22716,1.171875,1.19140625,-0.244140625,-0.44921875
22717,1.240234375,1.11328125,-0.29296875,-0.361328125
22718,1.2890625,1.142578125,-0.33203125,-0.400390625
22719,1.23046875,1.15234375,-0.13671875,-0.46875
22720,1.259765625,1.064453125,-0.1953125,-0.390625
22721,1.15234375,1.181640625,-0.185546875,-0.419921875
22722,1.25,1.162109375,-0.244140625,-0.458984375
22723,1.259765625,1.15234375,-0.2734375,-0.44921875
22724,1.11328125,1.09375,-0.185546875,-0.46875
22725,1.26953125,1.181640625,-0.234375,-0.48828125
22726,1.318359375,1.103515625,-0.185546875,-0.44921875
22727,1.416015625,1.07421875,-0.400390625,-0.419921875
22728,1.240234375,1.1328125,-0.205078125,-0.5859375
22729,1.2109375,1.083984375,-0.21484375,-0.341796875
22730,1.201171875,1.142578125,-0.302734375,-0.419921875
22731,1.201171875,1.171875,-0.2734375,-0.341796875
22732,1.171875,1.09375,-0.205078125,-0.361328125
22733,1.2890625,1.09375,-0.2734375,-0.4296875
22734,1.23046875,0.99609375,-0.25390625,-0.498046875
22735,1.25,1.15234375,-0.283203125,-0.224609375
22736,1.2109375,1.103515625,-0.33203125,-0.361328125
22737,1.25,1.064453125,-0.21484375,-0.498046875
22738,1.30859375,1.171875,-0.234375,-0.419921875
22739,1.23046875,1.2109375,-0.185546875,-0.3515625
22740,1.142578125,1.11328125,-0.283203125,-0.5078125
22741,1.1328125,1.11328125,-0.244140625,-0.390625
22742,1.181640625,1.11328125,-0.13671875,-0.390625
22743,1.25,0.966796875,-0.21484375,-0.400390625
22744,1.181640625,1.123046875,-0.283203125,-0.48828125
22745,1.25,1.220703125,-0.048828125,-0.46875
22746,1.240234375,1.181640625,-0.33203125,-0.37109375
22747,1.25,1.181640625,-0.224609375,-0.390625
22748,1.11328125,1.11328125,-0.263671875,-0.44921875
22749,1.171875,1.240234375,-0.263671875,-0.361328125
22750,1.201171875,1.240234375,-0.33203125,-0.458984375
22751,1.23046875,1.09375,-0.244140625,-0.41015625
22752,1.279296875,1.11328125,-0.146484375,-0.498046875
22753,1.279296875,1.181640625,-0.263671875,-0.498046875
22754,1.2890625,1.26953125,-0.3125,-0.46875
22755,1.26953125,1.30859375,-0.166015625,-0.361328125
22756,1.337890625,1.142578125,-0.224609375,-0.33203125
22757,1.1328125,1.1328125,-0.2734375,-0.390625
22758,1.26953125,1.259765625,-0.33203125,-0.380859375
22759,1.25,1.123046875,-0.25390625,-0.3515625
22760,1.435546875,1.23046875,-0.224609375,-0.341796875
22761,1.2109375,1.015625,-0.224609375,-0.37109375
22762,1.259765625,1.064453125,-0.166015625,-0.341796875
22763,1.123046875,1.11328125,-0.1171875,-0.361328125
22764,1.19140625,1.123046875,-0.283203125,-0.400390625
22765,1.25,1.123046875,-0.185546875,-0.439453125
22766,1.357421875,1.064453125,-0.224609375,-0.380859375
22767,1.23046875,1.26953125,-0.25390625,-0.302734375
22768,1.181640625,1.142578125,-0.068359375,-0.341796875
22769,1.318359375,1.07421875,-0.107421875,-0.322265625
22770,1.15234375,0.99609375,-0.283203125,-0.37109375
22771,1.298828125,1.09375,-0.224609375,-0.46875
22772,1.15234375,1.171875,-0.1953125,-0.419921875
22773,1.181640625,1.1328125,-0.185546875,-0.419921875
22774,1.240234375,1.220703125,-0.3515625,-0.400390625
22775,1.103515625,1.171875,-0.3125,-0.46875
22776,1.25,1.142578125,-0.3515625,-0.4296875
22777,1.25,1.181640625,-0.185546875,-0.44921875
22778,1.298828125,1.123046875,-0.283203125,-0.380859375
22779,1.171875,1.103515625,-0.419921875,-0.322265625
22780,1.2109375,1.07421875,-0.3125,-0.400390625
22781,1.240234375,1.1328125,-0.322265625,-0.419921875
22782,1.259765625,1.162109375,-0.4296875,-0.419921875
22783,1.220703125,1.19140625,-0.322265625,-0.46875
22784,1.201171875,1.123046875,-0.234375,-0.419921875
22785,1.23046875,1.162109375,-0.302734375,-0.46875
22786,1.220703125,1.240234375,-0.400390625,-0.52734375
22787,1.2109375,1.123046875,-0.302734375,-0.390625
22788,1.171875,1.23046875,-0.29296875,-0.439453125
22789,1.15234375,1.298828125,-0.3125,-0.5078125
22790,1.103515625,1.07421875,-0.2734375,-0.419921875
22791,1.162109375,1.07421875,-0.25390625,-0.33203125
22792,1.201171875,1.26953125,-0.1953125,-0.37109375
22793,1.1328125,1.025390625,-0.3125,-0.263671875
22794,1.30859375,1.1328125,-0.29296875,-0.41015625
22795,1.240234375,1.298828125,-0.25390625,-0.439453125
22796,1.26953125,1.11328125,-0.302734375,-0.37109375
22797,1.396484375,1.15234375,-0.380859375,-0.33203125
22798,1.25,1.1328125,-0.3125,-0.390625
22799,1.298828125,1.11328125,-0.29296875,-0.224609375
22800,1.318359375,1.0546875,-0.244140625,-0.3515625
22801,1.2109375,1.1328125,-0.234375,-0.380859375
22802,1.259765625,1.11328125,-0.29296875,-0.302734375
22803,1.259765625,1.0546875,-0.25390625,-0.322265625
22804,1.279296875,1.083984375,-0.244140625,-0.244140625
22805,1.2890625,1.005859375,-0.244140625,-0.33203125
22806,1.259765625,1.103515625,-0.390625,-0.37109375
22807,1.2109375,1.083984375,-0.37109375,-0.37109375
22808,1.259765625,1.1328125,-0.2734375,-0.3125
22809,1.328125,1.15234375,-0.263671875,-0.361328125
22810,1.298828125,1.15234375,-0.2734375,-0.380859375
22811,1.34765625,1.171875,-0.2734375,-0.478515625
22812,1.376953125,1.0546875,-0.244140625,-0.29296875
22813,1.34765625,1.0546875,-0.21484375,-0.2734375
22814,1.328125,1.07421875,-0.234375,-0.380859375
22815,1.2890625,1.142578125,-0.166015625,-0.390625
22816,1.318359375,1.064453125,-0.1953125,-0.380859375
22817,1.318359375,1.07421875,-0.390625,-0.361328125
22818,1.298828125,1.25,-0.0390625,-0.390625
22819,1.396484375,1.123046875,-0.1953125,-0.400390625
22820,1.298828125,1.162109375,-0.283203125,-0.341796875
22821,1.318359375,1.25,-0.234375,-0.390625
22822,1.4453125,1.1328125,-0.2734375,-0.419921875
22823,1.298828125,1.181640625,-0.25390625,-0.3125
22824,1.38671875,1.181640625,-0.234375,-0.400390625
22825,1.318359375,1.2109375,-0.3515625,-0.41015625
22826,1.259765625,1.07421875,-0.25390625,-0.3515625
22827,1.25,1.1328125,-0.341796875,-0.458984375
22828,1.19140625,1.19140625,-0.224609375,-0.4296875
22829,1.279296875,1.181640625,-0.25390625,-0.390625
22830,1.34765625,1.171875,-0.15625,-0.361328125
22831,1.25,1.240234375,-0.185546875,-0.361328125
22832,1.2890625,1.240234375,-0.25390625,-0.380859375
22833,1.25,1.142578125,-0.25390625,-0.3125
22834,1.376953125,1.181640625,-0.078125,-0.400390625
22835,1.259765625,1.162109375,-0.21484375,-0.361328125
22836,1.337890625,1.181640625,-0.205078125,-0.302734375
22837,1.298828125,1.19140625,-0.21484375,-0.341796875
22838,1.337890625,1.1328125,-0.2734375,-0.4296875
22839,1.26953125,1.162109375,-0.17578125,-0.458984375
22840,1.162109375,1.171875,-0.283203125,-0.361328125
22841,1.298828125,1.201171875,-0.224609375,-0.3515625
22842,1.083984375,1.181640625,-0.25390625,-0.400390625
22843,1.26953125,1.23046875,-0.205078125,-0.37109375
22844,1.279296875,1.1328125,-0.263671875,-0.322265625
22845,1.171875,1.123046875,-0.234375,-0.205078125
22846,1.357421875,1.044921875,-0.21484375,-0.33203125
22847,1.2890625,1.19140625,-0.263671875,-0.3515625
22848,1.259765625,1.181640625,-0.244140625,-0.3125
22849,1.162109375,1.1328125,-0.3125,-0.380859375
22850,1.240234375,1.162109375,-0.33203125,-0.244140625
22851,1.337890625,1.103515625,-0.263671875,-0.302734375
22852,1.34765625,1.103515625,-0.29296875,-0.302734375
22853,1.2109375,1.123046875,-0.322265625,-0.380859375
22854,1.2109375,1.123046875,-0.25390625,-0.439453125
22855,1.25,1.005859375,-0.322265625,-0.41015625
22856,1.181640625,1.083984375,-0.17578125,-0.537109375
22857,1.23046875,1.064453125,-0.25390625,-0.439453125
22858,1.11328125,1.259765625,-0.107421875,-0.439453125
22859,1.19140625,1.064453125,-0.263671875,-0.5078125
22860,1.201171875,1.064453125,-0.185546875,-0.400390625
22861,1.2109375,1.15234375,-0.33203125,-0.37109375
22862,1.2109375,1.103515625,-0.1953125,-0.361328125
22863,1.25,1.064453125,-0.17578125,-0.52734375
22864,1.162109375,0.986328125,-0.185546875,-0.37109375
22865,1.23046875,1.044921875,-0.15625,-0.390625
22866,1.23046875,1.19140625,-0.1953125,-0.44921875
22867,1.240234375,1.171875,-0.283203125,-0.37109375
22868,1.240234375,1.181640625,-0.2734375,-0.41015625
22869,1.298828125,1.083984375,-0.17578125,-0.48828125
22870,1.181640625,1.103515625,-0.2734375,-0.3125
22871,1.23046875,1.103515625,-0.224609375,-0.37109375
22872,1.2890625,1.0546875,-0.21484375,-0.44921875
22873,1.19140625,0.9765625,-0.166015625,-0.3125
22874,1.25,1.015625,-0.1953125,-0.263671875
22875,1.30859375,1.0546875,-0.185546875,-0.302734375
22876,1.337890625,1.044921875,-0.1171875,-0.29296875
22877,1.171875,1.181640625,-0.263671875,-0.380859375
22878,1.23046875,1.015625,-0.13671875,-0.283203125
22879,1.142578125,1.0546875,-0.1953125,-0.29296875
22880,1.220703125,0.986328125,-0.166015625,-0.29296875
22881,1.26953125,1.064453125,-0.1171875,-0.29296875
22882,1.162109375,0.986328125,-0.15625,-0.29296875
22883,1.240234375,1.0546875,-0.25390625,-0.263671875
22884,1.220703125,1.1328125,-0.185546875,-0.341796875
22885,1.123046875,1.03515625,-0.166015625,-0.263671875
22886,1.19140625,1.07421875,-0.21484375,-0.3515625
22887,1.19140625,1.11328125,-0.37109375,-0.263671875
22888,1.2890625,1.07421875,-0.302734375,-0.29296875
22889,1.259765625,1.044921875,-0.146484375,-0.283203125
22890,1.15234375,1.1328125,-0.29296875,-0.302734375
22891,1.23046875,1.11328125,-0.3125,-0.283203125
22892,1.19140625,1.083984375,-0.263671875,-0.29296875
22893,1.1328125,1.171875,-0.3515625,-0.322265625
22894,1.07421875,1.083984375,-0.29296875,-0.33203125
22895,1.201171875,1.103515625,-0.322265625,-0.341796875
22896,1.201171875,1.064453125,-0.390625,-0.2734375
22897,1.1328125,1.064453125,-0.3125,-0.244140625
22898,1.123046875,1.103515625,-0.166015625,-0.322265625
22899,1.19140625,1.025390625,-0.05859375,-0.205078125
22900,1.044921875,1.044921875,-0.13671875,-0.29296875
22901,1.15234375,1.015625,-0.234375,-0.283203125
22902,1.220703125,1.19140625,-0.234375,-0.263671875
22903,1.220703125,1.083984375,-0.234375,-0.2734375
22904,1.15234375,1.025390625,-0.185546875,-0.341796875
22905,1.201171875,1.19140625,-0.205078125,-0.166015625
22906,1.15234375,1.044921875,-0.1953125,-0.263671875
22907,1.240234375,0.9765625,-0.244140625,-0.302734375
22908,1.240234375,1.09375,-0.185546875,-0.33203125
22909,1.298828125,1.064453125,-0.146484375,-0.29296875
22910,1.279296875,1.103515625,-0.107421875,-0.21484375
22911,1.2109375,1.25,-0.068359375,-0.234375
22912,1.259765625,1.07421875,-0.205078125,-0.224609375
22913,1.162109375,1.0546875,-0.322265625,-0.263671875
22914,1.171875,1.19140625,-0.41015625,-0.3515625
22915,1.15234375,1.1328125,-0.29296875,-0.21484375
22916,1.30859375,1.11328125,-0.302734375,-0.244140625
22917,1.2109375,1.23046875,-0.205078125,-0.29296875
22918,1.142578125,1.171875,-0.302734375,-0.244140625
22919,1.142578125,1.142578125,-0.33203125,-0.244140625
22920,1.162109375,1.171875,-0.341796875,-0.224609375
22921,1.201171875,1.142578125,-0.29296875,-0.322265625
22922,1.181640625,0.9765625,-0.3515625,-0.244140625
22923,1.240234375,1.23046875,-0.302734375,-0.205078125
22924,1.220703125,1.123046875,-0.2734375,-0.380859375
22925,1.26953125,1.044921875,-0.5078125,-0.244140625
22926,1.26953125,1.15234375,-0.205078125,-0.283203125
22927,1.30859375,1.044921875,-0.244140625,-0.263671875
22928,1.30859375,1.083984375,-0.234375,-0.244140625
22929,1.083984375,1.171875,-0.25390625,-0.244140625
22930,1.30859375,1.09375,-0.3125,-0.33203125
22931,1.142578125,1.015625,-0.3125,-0.263671875
22932,1.181640625,1.201171875,-0.283203125,-0.205078125
22933,1.240234375,1.09375,-0.29296875,-0.29296875
22934,1.240234375,1.03515625,-0.2734375,-0.263671875
22935,1.3671875,1.015625,-0.224609375,-0.263671875
22936,1.2890625,1.09375,-0.25390625,-0.25390625
22937,1.171875,1.07421875,-0.25390625,-0.15625
22938,1.25,1.103515625,-0.33203125,-0.205078125
22939,1.220703125,1.162109375,-0.21484375,-0.25390625
22940,1.201171875,1.0546875,-0.3125,-0.263671875
22941,1.201171875,1.298828125,-0.185546875,-0.2734375
22942,1.240234375,1.103515625,-0.37109375,-0.3125
22943,1.328125,1.005859375,-0.302734375,-0.17578125
22944,1.2109375,1.103515625,-0.46875,-0.234375
22945,1.2109375,1.142578125,-0.400390625,-0.17578125
22946,1.11328125,0.9765625,-0.380859375,-0.283203125
22947,1.181640625,1.083984375,-0.302734375,-0.302734375
22948,1.23046875,1.03515625,-0.400390625,-0.25390625
22949,1.19140625,1.09375,-0.380859375,-0.263671875
22950,1.19140625,0.78125,-0.634765625,-0.33203125
22951,1.23046875,1.005859375,-0.4296875,-0.263671875
22952,1.337890625,1.083984375,-0.390625,-0.1953125
22953,1.240234375,1.07421875,-0.44921875,-0.3125
22954,1.201171875,1.025390625,-0.2734375,-0.25390625
22955,1.123046875,1.064453125,-0.44921875,-0.1171875
22956,1.298828125,0.9765625,-0.361328125,-0.302734375
22957,1.26953125,1.0546875,-0.234375,-0.322265625
22958,1.259765625,1.07421875,-0.3125,-0.25390625
22959,1.240234375,1.044921875,-0.3515625,-0.29296875
22960,1.201171875,1.015625,-0.25390625,-0.478515625
22961,1.15234375,1.03515625,-0.322265625,-0.2734375
22962,1.123046875,1.083984375,-0.15625,-0.25390625
22963,1.181640625,1.064453125,-0.361328125,-0.25390625
22964,1.220703125,1.0546875,-0.25390625,-0.25390625
22965,1.2109375,1.083984375,-0.205078125,-0.244140625
22966,1.240234375,1.005859375,-0.17578125,-0.283203125
22967,1.26953125,1.1328125,-0.29296875,-0.302734375
22968,1.201171875,1.103515625,-0.25390625,-0.29296875
22969,1.220703125,1.328125,-0.205078125,-0.234375
22970,1.103515625,1.181640625,-0.302734375,-0.21484375
22971,1.103515625,1.15234375,-0.361328125,-0.29296875
22972,1.220703125,1.162109375,-0.33203125,-0.29296875
22973,1.2109375,1.1328125,-0.283203125,-0.234375
22974,1.171875,1.259765625,-0.4296875,-0.25390625
22975,1.259765625,1.298828125,-0.322265625,-0.33203125
22976,1.26953125,1.15234375,-0.33203125,-0.29296875
22977,1.318359375,1.376953125,-0.25390625,-0.234375
22978,1.220703125,1.0546875,-0.29296875,-0.166015625
22979,1.25,1.15234375,-0.244140625,-0.087890625
22980,1.30859375,1.2890625,-0.21484375,-0.224609375
22981,1.259765625,1.11328125,-0.234375,-0.244140625
22982,1.279296875,1.123046875,-0.2734375,-0.234375
22983,1.171875,1.19140625,-0.3125,-0.263671875
22984,1.2109375,1.03515625,-0.234375,-0.21484375
22985,1.25,1.07421875,-0.263671875,-0.29296875
22986,1.23046875,1.1328125,-0.146484375,-0.244140625
22987,1.279296875,1.123046875,-0.234375,-0.166015625
22988,1.19140625,1.162109375,-0.25390625,-0.224609375
22989,1.220703125,1.11328125,-0.25390625,-0.234375
22990,1.2109375,1.0546875,-0.302734375,-0.146484375
22991,1.220703125,1.103515625,-0.322265625,-0.13671875
22992,1.26953125,1.181640625,-0.302734375,-0.2734375
22993,1.240234375,1.19140625,-0.400390625,-0.283203125
22994,1.25,1.123046875,-0.244140625,-0.400390625
22995,1.240234375,1.142578125,-0.341796875,-0.1953125
22996,1.2890625,1.142578125,-0.234375,-0.205078125
22997,1.220703125,1.15234375,-0.25390625,-0.234375
22998,1.240234375,1.064453125,-0.41015625,-0.21484375
22999,1.171875,1.07421875,-0.302734375,-0.185546875
23000,1.25,1.123046875,-0.302734375,-0.439453125
23001,1.259765625,1.142578125,-0.341796875,-0.244140625
23002,1.26953125,0.9375,-0.3125,-0.234375
23003,1.318359375,1.1328125,-0.33203125,0.048828125
23004,1.23046875,1.0546875,-0.3515625,-0.244140625
23005,1.23046875,1.1328125,-0.15625,-0.2734375
23006,1.357421875,1.083984375,-0.21484375,-0.126953125
23007,1.26953125,1.1328125,-0.302734375,-0.234375
23008,1.259765625,1.083984375,-0.224609375,-0.302734375
23009,1.259765625,1.142578125,-0.263671875,-0.361328125
23010,1.3671875,1.11328125,-0.224609375,-0.302734375
23011,1.2109375,1.103515625,-0.224609375,-0.3125
23012,1.240234375,1.07421875,-0.146484375,-0.3515625
23013,1.298828125,1.0546875,-0.341796875,-0.244140625
23014,1.40625,0.99609375,-0.3515625,-0.33203125
23015,1.30859375,1.11328125,-0.3125,-0.37109375
23016,1.259765625,1.07421875,-0.3125,-0.25390625
23017,1.201171875,0.8984375,-0.234375,-0.302734375
23018,1.23046875,1.03515625,-0.166015625,-0.283203125
23019,1.30859375,1.044921875,-0.25390625,-0.244140625
23020,1.171875,1.044921875,-0.3125,-0.341796875
23021,1.26953125,1.123046875,-0.1953125,-0.244140625
23022,1.259765625,1.0546875,-0.283203125,-0.283203125
23023,1.240234375,1.09375,-0.2734375,-0.2734375
23024,1.2890625,1.123046875,-0.234375,-0.283203125
23025,1.25,1.09375,-0.3125,-0.224609375
23026,1.23046875,1.123046875,-0.302734375,-0.361328125
23027,1.26953125,1.259765625,-0.302734375,-0.29296875
23028,1.181640625,1.103515625,-0.3125,-0.2734375
23029,1.259765625,1.1328125,-0.263671875,-0.234375
23030,1.240234375,1.123046875,-0.25390625,-0.46875
23031,1.26953125,1.171875,-0.322265625,-0.3125
23032,1.34765625,1.0546875,-0.380859375,-0.37109375
23033,1.2109375,1.2890625,-0.25390625,-0.244140625
23034,1.416015625,1.15234375,-0.341796875,-0.21484375
23035,1.3671875,1.30859375,-0.283203125,-0.29296875
23036,1.298828125,1.2109375,-0.341796875,-0.1953125
23037,1.26953125,1.123046875,-0.21484375,-0.29296875
23038,1.318359375,1.162109375,-0.33203125,-0.25390625
23039,1.34765625,1.123046875,-0.17578125,-0.322265625
23040,1.259765625,1.15234375,-0.224609375,-0.400390625
23041,1.23046875,1.11328125,-0.33203125,-0.224609375
23042,1.34765625,1.162109375,-0.2734375,-0.302734375
23043,1.318359375,1.181640625,-0.283203125,-0.283203125
23044,1.220703125,1.162109375,-0.13671875,-0.2734375
23045,1.279296875,1.181640625,-0.09765625,-0.33203125
23046,1.259765625,1.1328125,-0.224609375,-0.4296875
23047,1.34765625,1.23046875,-0.29296875,-0.2734375
23048,1.19140625,1.123046875,-0.1953125,-0.33203125
23049,1.25,1.162109375,-0.25390625,-0.44921875
23050,1.298828125,1.044921875,-0.21484375,-0.3125
23051,1.2890625,1.171875,-0.205078125,-0.41015625
23052,1.103515625,1.142578125,-0.13671875,-0.234375
23053,1.15234375,1.1328125,-0.29296875,-0.46875
23054,1.357421875,1.064453125,-0.29296875,-0.283203125
23055,1.23046875,1.123046875,-0.244140625,-0.283203125
23056,1.279296875,1.171875,-0.224609375,-0.29296875
23057,1.279296875,1.025390625,-0.244140625,-0.224609375
23058,1.19140625,1.15234375,-0.21484375,-0.234375
23059,1.19140625,1.03515625,-0.25390625,-0.3125
23060,1.259765625,1.07421875,-0.224609375,-0.361328125
23061,1.220703125,1.171875,-0.234375,-0.185546875
23062,1.3671875,1.171875,-0.21484375,-0.33203125
23063,1.2109375,1.19140625,-0.234375,-0.263671875
23064,1.2109375,1.064453125,-0.224609375,-0.458984375
23065,1.2109375,1.2109375,-0.244140625,-0.380859375
23066,1.279296875,1.171875,-0.33203125,-0.400390625
23067,1.240234375,1.2109375,-0.244140625,-0.419921875
23068,1.19140625,1.1328125,-0.341796875,-0.48828125
23069,1.240234375,1.19140625,-0.29296875,-0.46875
23070,1.201171875,1.201171875,-0.302734375,-0.3125
23071,1.220703125,1.23046875,-0.263671875,-0.41015625
23072,1.19140625,1.2109375,-0.244140625,-0.400390625
23073,1.2109375,1.201171875,-0.400390625,-0.380859375
23074,1.2109375,1.201171875,-0.302734375,-0.400390625
23075,1.279296875,1.103515625,-0.302734375,-0.361328125
23076,1.240234375,1.19140625,-0.302734375,-0.46875
23077,1.25,1.26953125,-0.244140625,-0.52734375
23078,1.2890625,1.142578125,-0.302734375,-0.2734375
23079,1.259765625,1.2109375,-0.4296875,-0.546875
23080,1.30859375,1.26953125,-0.244140625,-0.302734375
23081,1.23046875,1.328125,-0.263671875,-0.341796875
23082,1.19140625,1.220703125,-0.3125,-0.322265625
23083,1.19140625,1.3671875,-0.263671875,-0.21484375
23084,1.083984375,1.240234375,-0.21484375,-0.361328125
23085,1.2109375,1.19140625,-0.3125,-0.37109375
23086,1.220703125,1.259765625,-0.33203125,-0.400390625
23087,1.2890625,1.201171875,-0.283203125,-0.458984375
23088,1.23046875,1.09375,-0.166015625,-0.283203125
23089,1.23046875,1.162109375,-0.244140625,-0.283203125
23090,1.23046875,1.298828125,-0.224609375,-0.361328125
23091,1.240234375,1.259765625,-0.283203125,-0.44921875
23092,1.318359375,1.220703125,-0.341796875,-0.205078125
23093,1.2109375,1.19140625,-0.3515625,-0.3125
23094,1.23046875,1.220703125,-0.1953125,-0.41015625
23095,1.2890625,1.240234375,-0.302734375,-0.48828125
23096,1.19140625,1.2890625,-0.361328125,-0.478515625
23097,1.279296875,1.11328125,-0.263671875,-0.4296875
23098,1.2109375,1.07421875,-0.341796875,-0.37109375
23099,1.259765625,1.171875,-0.3125,-0.380859375
23100,1.19140625,1.09375,-0.263671875,-0.419921875
23101,1.2890625,1.19140625,-0.283203125,-0.439453125
23102,1.396484375,1.123046875,-0.263671875,-0.400390625
23103,1.23046875,1.083984375,-0.37109375,-0.400390625
23104,1.181640625,1.123046875,-0.234375,-0.380859375
23105,1.201171875,1.25,-0.380859375,-0.390625
23106,1.337890625,1.2109375,-0.3125,-0.5078125
23107,1.162109375,1.181640625,-0.322265625,-0.361328125
23108,1.181640625,1.181640625,-0.3125,-0.380859375
23109,1.201171875,1.171875,-0.21484375,-0.4296875
23110,1.259765625,1.220703125,-0.21484375,-0.341796875
23111,1.201171875,1.2109375,-0.2734375,-0.361328125
23112,1.220703125,1.34765625,-0.166015625,-0.46875
23113,1.328125,1.162109375,-0.29296875,-0.41015625
23114,1.240234375,1.083984375,-0.21484375,-0.41015625
23115,1.2890625,1.328125,-0.234375,-0.37109375
23116,1.23046875,1.171875,-0.3515625,-0.556640625
23117,1.416015625,1.11328125,-0.29296875,-0.380859375
23118,1.337890625,1.1328125,-0.15625,-0.3515625
23119,1.2890625,1.181640625,-0.302734375,-0.322265625
23120,1.298828125,1.201171875,-0.283203125,-0.41015625
23121,1.328125,1.1328125,-0.205078125,-0.37109375
23122,1.318359375,1.1328125,-0.3125,-0.419921875
23123,1.337890625,1.15234375,-0.3125,-0.380859375
23124,1.435546875,1.0546875,-0.322265625,-0.3125
23125,1.318359375,1.26953125,-0.2734375,-0.439453125
23126,1.259765625,0.9765625,-0.283203125,-0.41015625
23127,1.34765625,1.162109375,-0.25390625,-0.302734375
23128,1.23046875,1.123046875,-0.21484375,-0.146484375
23129,1.171875,1.123046875,-0.2734375,-0.4296875
23130,1.279296875,1.044921875,-0.380859375,-0.37109375
23131,1.19140625,1.1328125,-0.283203125,-0.595703125
23132,1.2109375,1.1328125,-0.29296875,-0.341796875
23133,1.298828125,1.123046875,-0.21484375,-0.3515625
23134,1.2109375,1.220703125,-0.341796875,-0.37109375
23135,1.2109375,1.11328125,-0.322265625,-0.322265625
23136,1.171875,1.240234375,-0.400390625,-0.390625
23137,1.2109375,1.123046875,-0.2734375,-0.4296875
23138,1.23046875,1.15234375,-0.244140625,-0.44921875
23139,1.142578125,1.19140625,-0.2734375,-0.400390625
23140,1.25,1.181640625,-0.263671875,-0.478515625
23141,1.15234375,1.162109375,-0.302734375,-0.37109375
23142,1.2890625,1.15234375,-0.146484375,-0.390625
23143,1.25,1.162109375,-0.33203125,-0.4296875
23144,1.26953125,1.142578125,-0.2734375,-0.380859375
23145,1.123046875,1.181640625,-0.244140625,-0.380859375
23146,1.25,1.19140625,-0.29296875,-0.458984375
23147,1.142578125,1.142578125,-0.224609375,-0.37109375
23148,1.328125,1.142578125,-0.205078125,-0.390625
23149,1.23046875,1.201171875,-0.361328125,-0.498046875
23150,1.318359375,1.064453125,-0.3125,-0.419921875
23151,1.15234375,1.005859375,-0.107421875,-0.439453125
23152,1.259765625,1.142578125,-0.263671875,-0.4296875
23153,1.318359375,1.11328125,-0.25390625,-0.498046875
23154,1.044921875,1.005859375,-0.478515625,-0.44921875
23155,1.23046875,1.123046875,-0.17578125,-0.4296875
23156,1.240234375,1.11328125,-0.1953125,-0.4296875
23157,1.25,1.0546875,-0.400390625,-0.478515625
23158,1.201171875,1.11328125,-0.146484375,-0.29296875
23159,1.15234375,1.11328125,-0.234375,-0.3515625
23160,1.2109375,1.201171875,-0.185546875,-0.498046875
23161,1.2109375,1.005859375,-0.21484375,-0.400390625
23162,1.171875,1.11328125,-0.17578125,-0.390625
23163,1.2109375,1.103515625,-0.1953125,-0.41015625
23164,1.162109375,1.044921875,-0.205078125,-0.419921875
23165,1.220703125,1.201171875,-0.1953125,-0.234375
23166,1.3671875,1.162109375,-0.302734375,-0.400390625
23167,1.220703125,1.142578125,-0.244140625,-0.48828125
23168,1.201171875,1.005859375,-0.25390625,-0.478515625
23169,1.2109375,1.015625,-0.3125,-0.41015625
23170,1.259765625,0.986328125,-0.185546875,-0.478515625
23171,1.201171875,1.15234375,-0.29296875,-0.41015625
23172,1.171875,1.142578125,-0.29296875,-0.390625
23173,1.23046875,1.11328125,-0.185546875,-0.361328125
23174,1.19140625,1.123046875,-0.185546875,-0.380859375
23175,1.240234375,1.201171875,-0.3125,-0.361328125
23176,1.181640625,1.005859375,-0.29296875,-0.400390625
23177,1.15234375,1.1328125,-0.263671875,-0.5078125
23178,1.19140625,1.11328125,-0.400390625,-0.439453125
23179,1.220703125,1.0546875,-0.263671875,-0.458984375
23180,1.162109375,1.181640625,-0.25390625,-0.439453125
23181,1.1328125,1.162109375,-0.29296875,-0.390625
23182,1.19140625,1.201171875,-0.185546875,-0.478515625
23183,1.15234375,1.09375,-0.29296875,-0.419921875
23184,1.328125,1.142578125,-0.21484375,-0.37109375
23185,1.259765625,1.103515625,-0.283203125,-0.439453125
23186,1.26953125,1.103515625,-0.234375,-0.419921875
23187,1.240234375,1.103515625,-0.3125,-0.400390625
23188,1.142578125,0.927734375,-0.1953125,-0.361328125
23189,1.19140625,1.201171875,-0.29296875,-0.419921875
23190,1.123046875,1.19140625,-0.2734375,-0.37109375
23191,1.240234375,1.123046875,-0.126953125,-0.283203125
23192,1.2109375,1.123046875,-0.078125,-0.37109375
23193,1.171875,1.162109375,-0.205078125,-0.361328125
23194,1.240234375,1.171875,-0.107421875,-0.361328125
23195,1.19140625,1.142578125,-0.166015625,-0.37109375
23196,1.181640625,1.064453125,-0.185546875,-0.390625
23197,1.240234375,0.99609375,-0.17578125,-0.361328125
23198,1.318359375,1.044921875,-0.25390625,-0.302734375
23199,1.240234375,1.11328125,-0.185546875,-0.390625
23200,1.318359375,1.123046875,-0.146484375,-0.361328125
23201,1.240234375,1.142578125,-0.166015625,-0.322265625
23202,1.11328125,1.142578125,-0.1953125,-0.380859375
23203,1.357421875,1.15234375,-0.009765625,-0.46875
23204,1.259765625,1.11328125,-0.185546875,-0.498046875
23205,1.298828125,1.19140625,-0.224609375,-0.390625
23206,1.162109375,1.044921875,-0.25390625,-0.41015625
23207,1.23046875,1.142578125,-0.244140625,-0.48828125
23208,1.240234375,1.11328125,-0.263671875,-0.546875
23209,1.298828125,1.0546875,-0.21484375,-0.48828125
23210,1.26953125,1.11328125,-0.185546875,-0.537109375
23211,1.240234375,1.11328125,-0.244140625,-0.283203125
23212,1.201171875,1.103515625,-0.068359375,-0.37109375
23213,1.259765625,1.1328125,-0.205078125,-0.380859375
23214,1.2109375,1.103515625,-0.2734375,-0.46875
23215,1.3671875,1.123046875,-0.2734375,-0.4296875
23216,1.23046875,1.025390625,-0.263671875,-0.5078125
23217,1.259765625,1.123046875,-0.29296875,-0.3515625
23218,1.376953125,0.9765625,-0.341796875,-0.341796875
23219,1.357421875,1.142578125,-0.33203125,-0.517578125
23220,1.259765625,1.064453125,-0.263671875,-0.478515625
23221,1.240234375,0.986328125,-0.2734375,-0.33203125
23222,1.162109375,1.240234375,-0.21484375,-0.302734375
23223,1.328125,1.083984375,-0.25390625,-0.3125
23224,1.23046875,1.142578125,-0.322265625,-0.37109375
23225,1.2109375,0.927734375,-0.283203125,-0.41015625
23226,1.318359375,0.986328125,-0.234375,-0.44921875
23227,1.318359375,1.15234375,-0.17578125,-0.390625
23228,1.25,1.064453125,-0.234375,-0.205078125
23229,1.2109375,1.03515625,-0.302734375,-0.302734375
23230,1.38671875,1.1328125,-0.21484375,-0.361328125
23231,1.201171875,0.9765625,-0.17578125,-0.283203125
23232,1.259765625,1.07421875,-0.263671875,-0.29296875
23233,1.2890625,1.064453125,-0.2734375,-0.3515625
23234,1.34765625,1.03515625,-0.3125,-0.498046875
23235,1.3671875,1.103515625,-0.21484375,-0.390625
23236,1.2890625,1.103515625,-0.234375,-0.302734375
23237,1.240234375,1.005859375,-0.126953125,-0.37109375
23238,1.318359375,1.171875,-0.17578125,-0.29296875
23239,1.38671875,1.103515625,-0.15625,-0.3515625
23240,1.337890625,1.2890625,-0.17578125,-0.380859375
23241,1.2109375,1.083984375,-0.322265625,-0.244140625
23242,1.328125,1.103515625,-0.263671875,-0.390625
23243,1.298828125,1.09375,-0.2734375,-0.439453125
23244,1.318359375,1.171875,-0.21484375,-0.15625
23245,1.142578125,1.09375,-0.205078125,-0.3515625
23246,1.2109375,1.162109375,-0.37109375,-0.3515625
23247,1.337890625,1.083984375,-0.25390625,-0.2734375
23248,1.30859375,1.181640625,-0.25390625,-0.478515625
23249,1.337890625,1.201171875,-0.224609375,-0.390625
23250,1.34765625,1.103515625,-0.25390625,-0.33203125
23251,1.25,1.15234375,-0.224609375,-0.37109375
23252,1.23046875,1.162109375,-0.234375,-0.41015625
23253,1.337890625,1.171875,-0.21484375,-0.400390625
23254,1.34765625,1.15234375,-0.205078125,-0.322265625
23255,1.2890625,1.15234375,-0.283203125,-0.361328125
23256,1.38671875,1.142578125,-0.234375,-0.3125
23257,1.3671875,1.15234375,-0.205078125,-0.361328125
23258,1.25,1.11328125,-0.302734375,-0.44921875
23259,1.23046875,1.11328125,-0.2734375,-0.419921875
23260,1.3671875,1.2109375,-0.185546875,-0.322265625
23261,1.19140625,1.19140625,-0.078125,-0.3125
23262,1.298828125,1.162109375,-0.224609375,-0.576171875
23263,1.279296875,1.162109375,-0.21484375,-0.341796875
23264,1.298828125,1.0546875,-0.17578125,-0.400390625
23265,1.298828125,1.171875,-0.3515625,-0.3125
23266,1.2890625,1.142578125,-0.21484375,-0.380859375
23267,1.318359375,1.181640625,-0.185546875,-0.390625
23268,1.328125,1.103515625,-0.205078125,-0.224609375
23269,1.23046875,1.220703125,-0.146484375,-0.3515625
23270,1.318359375,1.103515625,-0.1171875,-0.33203125
23271,1.279296875,0.986328125,-0.29296875,-0.5078125
23272,1.328125,1.162109375,-0.1953125,-0.3125
23273,1.181640625,1.26953125,-0.224609375,-0.3125
23274,1.279296875,1.15234375,-0.107421875,-0.44921875
23275,1.34765625,1.083984375,-0.224609375,-0.458984375
23276,1.3671875,1.11328125,-0.234375,-0.419921875
23277,1.279296875,1.07421875,-0.15625,-0.341796875
23278,1.34765625,1.09375,-0.1953125,-0.341796875
23279,1.201171875,1.15234375,-0.25390625,-0.3515625
23280,1.34765625,1.142578125,-0.185546875,-0.29296875
23281,1.3671875,1.0546875,-0.185546875,-0.48828125
23282,1.15234375,1.025390625,-0.29296875,-0.341796875
23283,1.279296875,1.015625,-0.224609375,-0.244140625
23284,1.142578125,1.083984375,-0.21484375,-0.419921875
23285,1.259765625,0.986328125,-0.29296875,-0.361328125
23286,1.2890625,1.044921875,-0.17578125,-0.322265625
23287,1.23046875,1.11328125,-0.302734375,-0.302734375
23288,1.279296875,1.07421875,-0.17578125,-0.44921875
23289,1.259765625,1.09375,-0.244140625,-0.44921875
23290,1.07421875,1.0546875,-0.1953125,-0.390625
23291,1.396484375,1.162109375,-0.244140625,-0.322265625
23292,1.318359375,1.1328125,-0.224609375,-0.44921875
23293,1.142578125,1.015625,-0.283203125,-0.46875
23294,1.044921875,0.986328125,-0.15625,-0.390625
23295,1.26953125,1.181640625,-0.13671875,-0.341796875
23296,1.162109375,1.09375,-0.25390625,-0.48828125
23297,1.279296875,1.1328125,-0.205078125,-0.41015625
23298,1.171875,1.015625,-0.185546875,-0.390625
23299,1.11328125,1.15234375,-0.25390625,-0.4296875
23300,1.416015625,1.15234375,-0.29296875,-0.400390625
23301,1.25,1.123046875,-0.048828125,-0.439453125
23302,1.30859375,0.9765625,-0.244140625,-0.126953125
23303,1.162109375,1.025390625,-0.234375,-0.322265625
23304,1.2890625,1.07421875,-0.3125,-0.341796875
23305,1.171875,1.044921875,-0.3125,-0.302734375
23306,1.2109375,1.015625,-0.1953125,-0.33203125
23307,1.181640625,0.99609375,-0.126953125,-0.33203125
23308,1.26953125,1.07421875,-0.146484375,-0.1171875
23309,1.0546875,1.015625,-0.21484375,-0.25390625
23310,1.083984375,0.99609375,-0.41015625,-0.263671875
23311,1.2109375,1.005859375,-0.205078125,-0.322265625
23312,1.181640625,1.083984375,-0.2734375,-0.322265625
23313,1.23046875,1.0546875,-0.341796875,-0.302734375
23314,1.181640625,1.025390625,-0.234375,-0.361328125
23315,1.201171875,1.025390625,-0.244140625,-0.302734375
23316,1.26953125,1.064453125,-0.37109375,-0.341796875
23317,1.2109375,1.11328125,-0.224609375,-0.234375
23318,1.171875,1.1328125,-0.263671875,-0.234375
23319,1.2890625,1.11328125,-0.33203125,-0.3125
23320,1.279296875,1.07421875,-0.302734375,-0.283203125
23321,1.34765625,1.09375,-0.25390625,-0.3125
23322,1.220703125,0.9375,-0.283203125,-0.361328125
23323,1.220703125,1.15234375,-0.185546875,-0.15625
23324,1.181640625,1.07421875,-0.244140625,-0.2734375
23325,1.201171875,1.103515625,-0.361328125,-0.33203125
23326,1.181640625,1.0546875,-0.1953125,-0.1953125
23327,1.142578125,1.11328125,-0.244140625,-0.341796875
23328,1.171875,1.298828125,-0.29296875,-0.380859375
23329,1.15234375,1.103515625,-0.244140625,-0.380859375
23330,1.201171875,1.083984375,-0.244140625,-0.244140625
23331,1.181640625,1.162109375,-0.1953125,-0.244140625
23332,1.23046875,0.9765625,-0.244140625,-0.29296875
23333,1.201171875,1.083984375,-0.21484375,-0.3515625
23334,1.19140625,1.07421875,-0.21484375,-0.3125
23335,1.19140625,0.9765625,-0.166015625,-0.146484375
23336,1.201171875,1.07421875,-0.205078125,-0.17578125
23337,1.201171875,1.23046875,-0.1953125,-0.2734375
23338,1.298828125,1.162109375,-0.263671875,-0.205078125
23339,1.318359375,1.0546875,-0.185546875,-0.33203125
23340,1.171875,1.09375,-0.17578125,-0.29296875
23341,1.240234375,1.083984375,-0.283203125,-0.283203125
23342,1.2890625,1.03515625,-0.15625,-0.25390625
23343,1.201171875,1.064453125,-0.25390625,-0.25390625
23344,1.220703125,1.03515625,-0.107421875,-0.166015625
23345,1.259765625,1.171875,-0.283203125,-0.3515625
23346,1.2890625,0.99609375,-0.302734375,-0.1953125
23347,1.220703125,1.279296875,-0.13671875,-0.2734375
23348,1.3671875,1.142578125,-0.361328125,-0.400390625
23349,1.328125,1.19140625,-0.302734375,-0.244140625
23350,1.30859375,1.2890625,-0.224609375,-0.3125
23351,1.201171875,1.11328125,-0.25390625,-0.263671875
23352,1.201171875,1.0546875,-0.17578125,-0.25390625
23353,1.201171875,1.025390625,-0.0390625,-0.390625
23354,1.083984375,1.171875,-0.263671875,-0.17578125
23355,1.15234375,1.1328125,-0.283203125,-0.283203125
23356,1.171875,1.103515625,-0.15625,-0.234375
23357,1.171875,1.11328125,-0.263671875,-0.361328125
23358,1.162109375,1.142578125,-0.107421875,-0.3125
23359,1.26953125,0.99609375,-0.390625,-0.17578125
23360,1.2890625,1.19140625,-0.244140625,-0.3125
23361,1.19140625,1.09375,-0.185546875,-0.234375
23362,1.005859375,1.171875,-0.3125,-0.224609375
23363,1.2109375,1.064453125,-0.185546875,-0.146484375
23364,1.240234375,1.123046875,-0.2734375,-0.2734375
23365,1.181640625,1.025390625,-0.29296875,-0.263671875
23366,1.259765625,1.0546875,-0.107421875,-0.244140625
23367,1.1328125,1.025390625,-0.166015625,-0.224609375
23368,1.19140625,1.15234375,-0.29296875,-0.3515625
23369,1.171875,1.025390625,-0.2734375,-0.205078125
23370,1.259765625,1.09375,-0.244140625,-0.205078125
23371,1.2109375,1.005859375,-0.41015625,-0.33203125
23372,1.123046875,1.09375,-0.439453125,-0.1953125
23373,1.201171875,1.083984375,-0.37109375,-0.341796875
23374,1.162109375,1.259765625,-0.44921875,-0.25390625
23375,1.25,1.064453125,-0.46875,-0.33203125
23376,1.220703125,1.064453125,-0.380859375,-0.361328125
23377,1.171875,1.0546875,-0.390625,-0.234375
23378,1.19140625,1.09375,-0.4296875,-0.146484375
23379,1.181640625,1.083984375,-0.361328125,-0.3125
23380,1.19140625,1.064453125,-0.263671875,-0.283203125
23381,1.240234375,1.201171875,-0.419921875,-0.439453125
23382,1.181640625,1.09375,-0.37109375,-0.29296875
23383,1.23046875,0.95703125,-0.458984375,-0.263671875
23384,1.2109375,1.09375,-0.3125,-0.3515625
23385,1.171875,0.986328125,-0.361328125,-0.361328125
23386,1.201171875,1.07421875,-0.361328125,-0.2734375
23387,1.26953125,1.025390625,-0.224609375,-0.4296875
23388,1.181640625,1.03515625,-0.3515625,-0.380859375
23389,1.181640625,1.162109375,-0.361328125,-0.244140625
23390,1.171875,1.26953125,-0.390625,-0.33203125
23391,1.23046875,1.1328125,-0.390625,-0.244140625
23392,1.162109375,1.171875,-0.3125,-0.341796875
23393,1.15234375,1.181640625,-0.458984375,-0.224609375
23394,1.259765625,1.025390625,-0.380859375,-0.234375
23395,1.23046875,1.201171875,-0.224609375,-0.283203125
23396,1.171875,1.064453125,-0.41015625,-0.244140625
23397,1.318359375,1.015625,-0.439453125,-0.25390625
23398,1.171875,1.064453125,-0.546875,-0.302734375
23399,1.181640625,1.201171875,-0.478515625,-0.29296875
23400,1.15234375,1.09375,-0.2734375,-0.263671875
23401,1.23046875,1.181640625,-0.146484375,-0.244140625
23402,1.162109375,1.083984375,-0.21484375,-0.3125
23403,1.11328125,1.083984375,-0.29296875,-0.2734375
23404,1.142578125,1.19140625,-0.302734375,-0.25390625
23405,1.171875,1.064453125,-0.44921875,-0.322265625
23406,1.2109375,1.07421875,-0.3515625,-0.283203125
23407,1.220703125,1.015625,-0.2734375,-0.263671875
23408,1.201171875,1.171875,-0.2734375,-0.21484375
23409,1.171875,1.2109375,-0.283203125,-0.21484375
23410,1.142578125,1.025390625,-0.25390625,-0.244140625
23411,1.220703125,1.1328125,-0.25390625,-0.33203125
23412,1.240234375,1.142578125,-0.25390625,-0.341796875
23413,1.23046875,1.142578125,-0.3125,-0.29296875
23414,1.171875,1.123046875,-0.302734375,-0.1953125
23415,1.240234375,1.07421875,-0.244140625,-0.234375
23416,1.220703125,1.123046875,-0.224609375,-0.244140625
23417,1.240234375,1.064453125,-0.244140625,-0.37109375
23418,1.298828125,1.09375,-0.302734375,-0.224609375
23419,1.123046875,1.171875,-0.2734375,-0.244140625
23420,1.23046875,1.044921875,-0.302734375,-0.263671875
23421,1.162109375,1.07421875,-0.322265625,-0.25390625
23422,1.298828125,1.083984375,-0.33203125,-0.25390625
23423,1.23046875,0.966796875,-0.126953125,-0.3515625
23424,1.2890625,1.142578125,-0.263671875,-0.263671875
23425,1.259765625,1.0546875,-0.17578125,-0.25390625
23426,1.328125,1.11328125,-0.458984375,-0.29296875
23427,1.30859375,1.1328125,-0.2734375,-0.263671875
23428,1.240234375,1.005859375,-0.33203125,-0.283203125
23429,1.259765625,1.07421875,-0.25390625,-0.234375
23430,1.220703125,1.15234375,-0.2734375,-0.25390625
23431,1.162109375,1.123046875,-0.341796875,-0.21484375
23432,1.30859375,1.07421875,-0.400390625,-0.2734375
23433,1.298828125,1.171875,-0.302734375,-0.17578125
23434,1.279296875,1.07421875,-0.3515625,-0.17578125
23435,1.337890625,0.99609375,-0.263671875,-0.205078125
23436,1.2890625,1.201171875,-0.3515625,-0.15625
23437,1.279296875,1.103515625,-0.25390625,-0.21484375
23438,1.328125,1.09375,-0.322265625,-0.185546875
23439,1.220703125,1.11328125,-0.400390625,-0.205078125
23440,1.181640625,1.044921875,-0.33203125,-0.166015625
23441,1.220703125,1.005859375,-0.25390625,-0.263671875
23442,1.2890625,1.11328125,-0.3515625,-0.234375
23443,1.259765625,1.1328125,-0.302734375,-0.341796875
23444,1.328125,1.07421875,-0.146484375,-0.224609375
23445,1.26953125,1.1328125,-0.263671875,-0.478515625
23446,1.298828125,1.103515625,-0.322265625,-0.224609375
23447,1.2109375,1.083984375,-0.3125,-0.322265625
23448,1.181640625,1.1328125,-0.322265625,-0.341796875
23449,1.162109375,1.083984375,-0.322265625,-0.37109375
23450,1.201171875,1.0546875,-0.341796875,-0.52734375
23451,1.201171875,1.09375,-0.29296875,-0.322265625
23452,1.19140625,1.07421875,-0.3125,-0.37109375
23453,1.240234375,1.2109375,-0.09765625,-0.341796875
23454,1.201171875,1.07421875,-0.3515625,-0.166015625
23455,1.11328125,1.09375,-0.2734375,-0.341796875
23456,1.162109375,1.09375,-0.2734375,-0.29296875
23457,1.181640625,1.123046875,-0.2734375,-0.33203125
23458,1.103515625,1.07421875,-0.29296875,-0.13671875
23459,1.25,1.162109375,-0.29296875,-0.29296875
23460,1.19140625,1.220703125,-0.37109375,-0.341796875
23461,1.26953125,1.171875,-0.29296875,-0.224609375
23462,1.34765625,1.25,-0.3125,-0.224609375
23463,1.23046875,1.083984375,-0.25390625,-0.01953125
23464,1.357421875,1.19140625,-0.2734375,-0.25390625
23465,1.23046875,1.19140625,-0.283203125,-0.244140625
23466,1.23046875,1.11328125,-0.146484375,-0.3515625
23467,1.46484375,1.07421875,-0.263671875,-0.224609375
23468,1.26953125,1.2109375,-0.263671875,-0.2734375
23469,1.328125,1.15234375,-0.13671875,-0.302734375
23470,1.26953125,1.19140625,-0.234375,-0.185546875
23471,1.2109375,1.083984375,-0.322265625,-0.3125
23472,1.3671875,1.1328125,-0.48828125,-0.234375
23473,1.42578125,1.09375,-0.2734375,-0.419921875
23474,1.357421875,1.171875,-0.283203125,-0.2734375
23475,1.2109375,1.42578125,-0.2734375,-0.341796875
23476,1.15234375,1.201171875,-0.341796875,-0.29296875
23477,1.23046875,1.23046875,-0.322265625,-0.21484375
23478,1.220703125,1.220703125,-0.29296875,-0.322265625
23479,1.19140625,1.0546875,-0.3515625,-0.263671875
23480,1.25,1.11328125,-0.263671875,-0.322265625
23481,1.240234375,1.181640625,-0.234375,-0.3125
23482,1.15234375,1.103515625,-0.3515625,-0.37109375
23483,1.40625,1.162109375,-0.322265625,-0.25390625
23484,1.259765625,1.044921875,-0.25390625,-0.361328125
23485,1.23046875,1.181640625,-0.37109375,-0.146484375
23486,1.220703125,1.064453125,-0.283203125,-0.3125
23487,1.298828125,0.927734375,-0.283203125,-0.29296875
23488,1.26953125,1.15234375,-0.29296875,-0.15625
23489,1.34765625,1.064453125,-0.341796875,-0.322265625
23490,1.259765625,1.103515625,-0.166015625,-0.322265625
23491,1.162109375,1.15234375,-0.302734375,-0.390625
23492,1.259765625,1.1328125,-0.29296875,-0.390625
23493,1.15234375,1.201171875,-0.3125,-0.341796875
23494,1.26953125,1.103515625,-0.244140625,-0.1953125
23495,1.220703125,1.103515625,-0.3125,-0.37109375
23496,1.19140625,1.07421875,-0.322265625,-0.380859375
23497,1.279296875,1.083984375,-0.341796875,-0.25390625
23498,1.26953125,1.201171875,-0.390625,-0.37109375
23499,1.19140625,1.220703125,-0.21484375,-0.37109375
23500,1.220703125,1.142578125,-0.322265625,-0.2734375
23501,1.142578125,1.19140625,-0.3515625,-0.29296875
23502,1.2109375,1.23046875,-0.25390625,-0.400390625
23503,1.25,1.23046875,-0.25390625,-0.234375
23504,1.171875,1.19140625,-0.3125,-0.44921875
23505,1.19140625,1.19140625,-0.21484375,-0.341796875
23506,1.2109375,1.259765625,-0.400390625,-0.33203125
23507,1.181640625,1.201171875,-0.302734375,-0.380859375
23508,1.162109375,1.2109375,-0.48828125,-0.380859375
23509,1.07421875,1.2109375,-0.3125,-0.439453125
23510,1.181640625,1.201171875,-0.17578125,-0.244140625
23511,1.2109375,1.279296875,-0.146484375,-0.380859375
23512,1.1328125,1.181640625,-0.234375,-0.37109375
23513,1.142578125,1.19140625,-0.244140625,-0.361328125
23514,1.23046875,1.25,-0.390625,-0.3515625
23515,1.201171875,1.376953125,-0.263671875,-0.33203125
23516,1.298828125,1.23046875,-0.205078125,-0.3515625
23517,1.26953125,1.1328125,-0.224609375,-0.341796875
23518,1.162109375,1.11328125,-0.13671875,-0.3125
23519,1.2890625,1.19140625,-0.263671875,-0.224609375
23520,1.25,1.201171875,-0.25390625,-0.37109375
23521,1.23046875,1.259765625,-0.263671875,-0.3125
23522,1.123046875,1.240234375,-0.341796875,-0.2734375
23523,1.19140625,1.259765625,-0.1953125,-0.380859375
23524,1.23046875,1.25,-0.3125,-0.224609375
23525,1.259765625,1.259765625,-0.224609375,-0.458984375
23526,1.15234375,1.11328125,-0.29296875,-0.380859375
23527,1.25,1.2109375,-0.244140625,-0.341796875
23528,1.220703125,1.15234375,-0.33203125,-0.33203125
23529,1.240234375,1.240234375,-0.341796875,-0.390625
23530,1.2109375,1.23046875,-0.17578125,-0.48828125
23531,1.298828125,1.19140625,-0.244140625,-0.46875
23532,1.337890625,1.103515625,-0.224609375,-0.439453125
23533,1.220703125,1.19140625,-0.33203125,-0.400390625
23534,1.298828125,1.220703125,-0.263671875,-0.419921875
23535,1.2890625,1.220703125,-0.302734375,-0.44921875
23536,1.2109375,1.171875,-0.322265625,-0.400390625
23537,1.279296875,1.15234375,-0.244140625,-0.185546875
23538,1.25,1.162109375,-0.400390625,-0.41015625
23539,1.318359375,1.123046875,-0.2734375,-0.41015625
23540,1.34765625,1.15234375,-0.322265625,-0.439453125
23541,1.25,1.103515625,-0.302734375,-0.341796875
23542,1.30859375,1.318359375,-0.146484375,-0.46875
23543,1.259765625,1.1328125,-0.263671875,-0.5859375
23544,1.298828125,1.15234375,-0.302734375,-0.4296875
23545,1.23046875,1.11328125,-0.33203125,-0.41015625
23546,1.220703125,1.181640625,-0.3515625,-0.205078125
23547,1.318359375,1.34765625,-0.29296875,-0.419921875
23548,1.25,1.259765625,-0.283203125,-0.322265625
23549,1.259765625,1.181640625,-0.33203125,-0.380859375
23550,1.162109375,1.220703125,-0.25390625,-0.4296875
23551,1.03515625,1.11328125,-0.419921875,-0.37109375
23552,1.25,1.171875,-0.29296875,-0.44921875
23553,1.2109375,1.11328125,-0.29296875,-0.458984375
23554,1.298828125,1.15234375,-0.21484375,-0.400390625
23555,1.220703125,1.0546875,-0.2734375,-0.41015625
23556,1.07421875,1.162109375,-0.244140625,-0.3515625
23557,1.171875,1.162109375,-0.439453125,-0.458984375
23558,1.181640625,1.220703125,-0.33203125,-0.41015625
23559,1.201171875,1.1328125,-0.361328125,-0.37109375
23560,1.103515625,1.162109375,-0.44921875,-0.380859375
23561,1.142578125,1.1328125,-0.17578125,-0.29296875
23562,1.220703125,1.142578125,-0.263671875,-0.41015625
23563,1.171875,1.1328125,-0.234375,-0.400390625
23564,1.220703125,1.240234375,-0.361328125,-0.29296875
23565,0.986328125,1.171875,-0.25390625,-0.390625
23566,1.11328125,1.171875,-0.2734375,-0.37109375
23567,1.162109375,1.15234375,-0.341796875,-0.439453125
23568,1.240234375,1.123046875,-0.29296875,-0.4296875
23569,1.162109375,1.220703125,-0.302734375,-0.400390625
23570,1.201171875,1.2109375,-0.33203125,-0.33203125
23571,1.19140625,1.142578125,-0.2734375,-0.33203125
23572,1.220703125,1.220703125,-0.390625,-0.361328125
23573,1.181640625,0.810546875,-0.234375,-0.263671875
23574,1.23046875,1.220703125,-0.302734375,-0.341796875
23575,1.25,1.15234375,-0.146484375,-0.37109375
23576,1.23046875,1.09375,-0.3515625,-0.283203125
23577,1.171875,1.142578125,-0.29296875,-0.4296875
23578,1.38671875,1.279296875,-0.302734375,-0.390625
23579,1.23046875,1.171875,-0.361328125,-0.390625
23580,1.23046875,1.15234375,-0.13671875,-0.390625
23581,1.142578125,1.0546875,-0.234375,-0.439453125
23582,1.26953125,0.947265625,-0.048828125,-0.341796875
23583,1.25,1.064453125,-0.17578125,-0.41015625
23584,1.201171875,1.142578125,-0.302734375,-0.439453125
23585,1.2109375,1.07421875,-0.21484375,-0.390625
23586,1.298828125,1.005859375,-0.234375,-0.3515625
23587,1.26953125,1.07421875,-0.126953125,-0.41015625
23588,1.25,1.103515625,-0.21484375,-0.380859375
23589,1.103515625,1.103515625,-0.25390625,-0.302734375
23590,1.279296875,1.09375,-0.21484375,-0.390625
23591,1.26953125,1.015625,-0.283203125,-0.46875
23592,1.162109375,1.044921875,-0.25390625,-0.380859375
23593,1.09375,1.07421875,-0.302734375,-0.419921875
23594,1.279296875,0.908203125,-0.234375,-0.48828125
23595,1.15234375,1.1328125,-0.15625,-0.33203125
23596,1.259765625,1.07421875,-0.17578125,-0.46875
23597,1.26953125,1.09375,-0.224609375,-0.478515625
23598,1.25,1.181640625,-0.185546875,-0.419921875
23599,1.181640625,1.1328125,-0.17578125,-0.390625
23600,1.162109375,1.123046875,-0.263671875,-0.3515625
23601,1.240234375,1.162109375,-0.244140625,-0.458984375
23602,1.123046875,1.162109375,-0.244140625,-0.41015625
23603,1.11328125,1.083984375,-0.224609375,-0.44921875
23604,1.2109375,1.123046875,-0.29296875,-0.439453125
23605,1.1328125,1.123046875,-0.302734375,-0.4296875
23606,1.26953125,1.1328125,-0.380859375,-0.341796875
23607,1.07421875,1.171875,-0.1953125,-0.390625
23608,1.181640625,1.083984375,-0.126953125,-0.41015625
23609,1.171875,1.103515625,-0.224609375,-0.458984375
23610,1.171875,1.15234375,-0.302734375,-0.478515625
23611,1.201171875,1.220703125,-0.205078125,-0.44921875
23612,0.986328125,0.99609375,-0.166015625,-0.5078125
23613,1.142578125,1.201171875,-0.21484375,-0.3515625
23614,1.09375,1.1328125,-0.21484375,-0.517578125
23615,1.181640625,1.162109375,-0.234375,-0.46875
23616,1.19140625,1.19140625,-0.1953125,-0.400390625
23617,1.044921875,1.1328125,-0.29296875,-0.498046875
23618,1.044921875,1.201171875,-0.263671875,-0.46875
23619,1.171875,1.09375,-0.234375,-0.537109375
23620,1.2109375,1.15234375,-0.234375,-0.48828125
23621,1.171875,1.03515625,-0.205078125,-0.46875
23622,1.23046875,1.171875,-0.234375,-0.517578125
23623,1.19140625,1.064453125,-0.166015625,-0.3515625
23624,1.162109375,1.1328125,-0.234375,-0.3515625
23625,1.142578125,1.09375,-0.21484375,-0.3515625
23626,1.181640625,1.083984375,-0.224609375,-0.224609375
23627,1.26953125,1.142578125,-0.185546875,-0.361328125
23628,1.26953125,1.23046875,-0.263671875,-0.185546875
23629,1.15234375,1.1328125,-0.185546875,-0.2734375
23630,1.23046875,0.99609375,-0.1953125,-0.380859375
23631,1.279296875,1.2890625,-0.224609375,-0.3125
23632,1.201171875,1.1328125,-0.244140625,-0.341796875
23633,1.279296875,1.025390625,-0.1171875,-0.37109375
23634,1.259765625,1.1328125,-0.146484375,-0.37109375
23635,1.220703125,1.083984375,-0.185546875,-0.615234375
23636,1.25,1.025390625,-0.13671875,-0.3515625
23637,1.19140625,1.123046875,-0.3515625,-0.302734375
23638,1.416015625,1.103515625,-0.205078125,-0.361328125
23639,1.328125,1.0546875,-0.15625,-0.400390625
23640,1.25,1.201171875,-0.1953125,-0.41015625
23641,1.171875,1.0546875,-0.205078125,-0.41015625
23642,1.201171875,1.220703125,-0.29296875,-0.44921875
23643,1.2109375,1.064453125,-0.087890625,-0.380859375
23644,1.298828125,1.1328125,-0.185546875,-0.29296875
23645,1.26953125,1.09375,-0.17578125,-0.4296875
23646,1.171875,1.11328125,-0.29296875,-0.419921875
23647,1.259765625,1.09375,-0.224609375,-0.322265625
23648,1.26953125,1.171875,-0.2734375,-0.458984375
23649,1.240234375,1.09375,-0.224609375,-0.4296875
23650,1.26953125,1.083984375,-0.224609375,-0.390625
23651,1.23046875,1.1328125,-0.166015625,-0.400390625
23652,1.19140625,1.025390625,-0.09765625,-0.29296875
23653,1.259765625,1.1328125,-0.2734375,-0.5078125
23654,1.279296875,1.1328125,-0.25390625,-0.322265625
23655,1.171875,1.044921875,-0.09765625,-0.33203125
23656,1.2890625,1.044921875,-0.302734375,-0.390625
23657,1.162109375,1.201171875,-0.341796875,-0.341796875
23658,1.181640625,1.171875,-0.4296875,-0.400390625
23659,1.328125,1.1328125,-0.224609375,-0.4296875
23660,1.142578125,1.1328125,-0.283203125,-0.380859375
23661,1.181640625,1.171875,-0.21484375,-0.322265625
23662,1.2890625,1.083984375,-0.224609375,-0.44921875
23663,1.201171875,1.11328125,-0.263671875,-0.341796875
23664,1.30859375,1.005859375,-0.244140625,-0.380859375
23665,1.19140625,1.0546875,-0.205078125,-0.263671875
23666,1.279296875,1.201171875,-0.2734375,-0.390625
23667,1.26953125,1.162109375,-0.2734375,-0.205078125
23668,1.25,1.083984375,-0.25390625,-0.419921875
23669,1.26953125,1.123046875,-0.1953125,-0.361328125
23670,1.34765625,1.15234375,-0.44921875,-0.37109375
23671,1.23046875,1.142578125,-0.224609375,-0.3515625
23672,1.171875,1.1328125,-0.205078125,-0.419921875
23673,1.142578125,1.1328125,-0.361328125,-0.4296875
23674,1.220703125,1.15234375,-0.224609375,-0.37109375
23675,1.220703125,1.19140625,-0.1953125,-0.3515625
23676,1.30859375,1.025390625,-0.224609375,-0.322265625
23677,1.23046875,1.11328125,-0.15625,-0.48828125
23678,1.3671875,1.15234375,-0.1953125,-0.41015625
23679,1.279296875,1.171875,-0.1171875,-0.322265625
23680,1.279296875,1.103515625,-0.25390625,-0.380859375
23681,1.376953125,1.103515625,-0.205078125,-0.380859375
23682,1.34765625,1.09375,-0.2734375,-0.322265625
23683,1.337890625,1.162109375,-0.234375,-0.322265625
23684,1.337890625,1.09375,-0.224609375,-0.380859375
23685,1.357421875,1.1328125,-0.234375,-0.302734375
23686,1.337890625,1.083984375,-0.185546875,-0.361328125
23687,1.357421875,1.142578125,-0.234375,-0.390625
23688,1.298828125,1.142578125,-0.205078125,-0.380859375
23689,1.2890625,0.9375,-0.1953125,-0.4296875
23690,1.376953125,1.15234375,-0.166015625,-0.390625
23691,1.357421875,1.171875,-0.146484375,-0.33203125
23692,1.318359375,1.103515625,-0.1953125,-0.15625
23693,1.19140625,1.171875,-0.224609375,-0.458984375
23694,1.337890625,0.99609375,-0.166015625,-0.3515625
23695,1.279296875,1.181640625,-0.205078125,-0.419921875
23696,1.2109375,1.1328125,-0.283203125,-0.25390625
23697,1.220703125,1.03515625,-0.1953125,-0.390625
23698,1.259765625,1.15234375,-0.13671875,-0.29296875
23699,1.318359375,1.0546875,-0.205078125,-0.361328125
23700,1.38671875,1.2109375,-0.078125,-0.390625
23701,1.259765625,1.07421875,-0.17578125,-0.205078125
23702,1.2890625,1.162109375,-0.263671875,-0.419921875
23703,1.259765625,1.23046875,-0.29296875,-0.37109375
23704,1.26953125,1.15234375,-0.205078125,-0.33203125
23705,1.240234375,1.15234375,-0.17578125,-0.419921875
23706,1.337890625,1.2109375,-0.224609375,-0.390625
23707,1.220703125,0.986328125,-0.13671875,-0.380859375
23708,1.2890625,1.142578125,-0.185546875,-0.3515625
23709,1.40625,1.1328125,-0.3125,-0.33203125
23710,1.2890625,1.083984375,-0.107421875,-0.302734375
23711,1.25,1.142578125,-0.166015625,-0.380859375
23712,1.279296875,1.03515625,-0.1953125,-0.3125
23713,1.34765625,0.99609375,-0.17578125,-0.41015625
23714,1.201171875,1.09375,-0.29296875,-0.25390625
23715,1.171875,1.123046875,-0.234375,-0.263671875
23716,1.23046875,1.0546875,-0.1953125,-0.400390625
23717,1.19140625,1.11328125,-0.185546875,-0.3515625
23718,1.318359375,1.103515625,-0.1953125,-0.48828125
23719,1.26953125,0.95703125,-0.185546875,-0.390625
23720,1.328125,1.11328125,-0.2734375,-0.41015625
23721,1.2890625,1.03515625,-0.263671875,-0.3515625
23722,1.19140625,0.986328125,-0.17578125,-0.33203125
23723,1.19140625,1.0546875,-0.17578125,-0.458984375
23724,1.1328125,1.1328125,-0.21484375,-0.390625
23725,1.259765625,1.07421875,-0.17578125,-0.419921875
23726,1.181640625,1.181640625,-0.13671875,-0.44921875
23727,1.11328125,1.07421875,-0.234375,-0.517578125
23728,1.23046875,0.966796875,-0.21484375,-0.41015625
23729,1.142578125,1.1328125,-0.166015625,-0.44921875
23730,1.220703125,1.1328125,-0.1953125,-0.361328125
23731,1.171875,1.15234375,-0.33203125,-0.4296875
23732,1.162109375,1.11328125,-0.205078125,-0.46875
23733,1.298828125,1.083984375,-0.29296875,-0.283203125
23734,1.259765625,1.19140625,-0.322265625,-0.25390625
23735,1.26953125,1.11328125,-0.2734375,-0.361328125
23736,1.15234375,1.03515625,-0.33203125,-0.341796875
23737,1.259765625,1.083984375,-0.52734375,-0.29296875
23738,1.201171875,1.044921875,-0.21484375,-0.283203125
23739,1.240234375,1.044921875,-0.2734375,-0.3515625
23740,1.181640625,1.083984375,-0.341796875,-0.3515625
23741,1.220703125,0.9765625,-0.185546875,-0.25390625
23742,1.181640625,1.044921875,-0.224609375,-0.341796875
23743,1.025390625,1.240234375,-0.234375,-0.302734375
23744,1.1328125,1.0546875,-0.400390625,-0.400390625
23745,1.259765625,1.064453125,-0.224609375,-0.33203125
23746,1.15234375,0.986328125,-0.234375,-0.283203125
23747,1.123046875,0.927734375,-0.234375,-0.2734375
23748,1.103515625,1.0546875,-0.244140625,-0.390625
23749,1.19140625,1.064453125,-0.2734375,-0.283203125
23750,1.1328125,1.0546875,-0.2734375,-0.390625
23751,1.240234375,1.103515625,-0.263671875,-0.3125
23752,1.083984375,1.396484375,-0.263671875,-0.3515625
23753,1.171875,1.005859375,-0.25390625,-0.33203125
23754,1.162109375,1.07421875,-0.244140625,-0.322265625
23755,1.181640625,1.0546875,-0.25390625,-0.380859375
23756,1.142578125,1.09375,-0.29296875,-0.439453125
23757,1.15234375,1.103515625,-0.25390625,-0.41015625
23758,1.181640625,1.1328125,-0.390625,-0.283203125
23759,1.171875,1.357421875,-0.244140625,-0.390625
23760,1.171875,1.0546875,-0.146484375,-0.283203125
23761,1.162109375,1.259765625,-0.21484375,-0.341796875
23762,1.171875,1.2109375,-0.1171875,-0.3125
23763,1.26953125,1.123046875,-0.224609375,-0.146484375
23764,1.23046875,1.162109375,-0.2734375,-0.283203125
23765,1.19140625,1.064453125,-0.244140625,-0.244140625
23766,1.220703125,1.03515625,-0.283203125,-0.33203125
23767,1.259765625,1.103515625,-0.234375,-0.263671875
23768,1.1328125,0.99609375,-0.224609375,-0.1171875
23769,1.357421875,1.09375,-0.21484375,-0.322265625
23770,1.220703125,1.03515625,-0.205078125,-0.283203125
23771,1.328125,1.044921875,-0.224609375,-0.25390625
23772,1.2890625,1.11328125,-0.234375,-0.400390625
23773,1.376953125,1.142578125,-0.380859375,-0.2734375
23774,1.15234375,1.0546875,-0.224609375,-0.283203125
23775,1.279296875,1.064453125,-0.25390625,-0.244140625
23776,1.19140625,1.083984375,-0.166015625,-0.263671875
23777,1.201171875,1.19140625,-0.244140625,-0.1953125
23778,1.201171875,1.044921875,-0.3125,-0.146484375
23779,1.220703125,0.99609375,-0.25390625,-0.224609375
23780,1.171875,1.07421875,-0.224609375,-0.283203125
23781,1.2109375,1.025390625,-0.3125,-0.29296875
23782,1.19140625,1.162109375,-0.25390625,-0.3125
23783,1.123046875,1.171875,-0.390625,-0.2734375
23784,1.220703125,1.11328125,-0.302734375,-0.4296875
23785,1.416015625,1.103515625,-0.29296875,-0.283203125
23786,1.240234375,0.9375,-0.234375,-0.263671875
23787,1.23046875,1.11328125,-0.33203125,-0.29296875
23788,1.298828125,1.0546875,-0.234375,-0.205078125
23789,1.240234375,1.240234375,-0.224609375,-0.185546875
23790,1.19140625,1.123046875,-0.224609375,-0.283203125
23791,1.23046875,1.03515625,-0.244140625,-0.234375
23792,1.171875,0.986328125,-0.2734375,-0.302734375
23793,1.15234375,1.044921875,-0.205078125,-0.15625
23794,1.162109375,1.103515625,-0.21484375,-0.322265625
23795,1.240234375,1.083984375,-0.263671875,-0.2734375
23796,1.19140625,1.142578125,-0.263671875,-0.263671875
23797,1.220703125,1.044921875,-0.224609375,-0.2734375
23798,1.2109375,1.142578125,-0.263671875,-0.21484375
23799,1.19140625,1.07421875,-0.15625,-0.263671875
23800,1.15234375,1.1328125,-0.17578125,-0.21484375
23801,1.2109375,1.2109375,-0.322265625,-0.2734375
23802,1.240234375,1.142578125,-0.380859375,-0.25390625
23803,1.201171875,1.11328125,-0.390625,-0.244140625
23804,1.201171875,1.162109375,-0.234375,-0.25390625
23805,1.142578125,1.03515625,-0.419921875,-0.283203125
23806,1.337890625,1.064453125,-0.37109375,-0.3125
23807,1.298828125,1.171875,-0.263671875,-0.205078125
23808,1.240234375,1.09375,-0.390625,-0.17578125
23809,1.201171875,1.025390625,-0.3125,-0.263671875
23810,1.298828125,1.03515625,-0.322265625,-0.2734375
23811,1.201171875,1.07421875,-0.25390625,-0.283203125
23812,1.240234375,1.064453125,-0.322265625,-0.33203125
23813,1.220703125,1.11328125,-0.361328125,-0.283203125
23814,1.2109375,1.171875,-0.15625,-0.234375
23815,1.19140625,1.19140625,-0.439453125,-0.234375
23816,1.30859375,1.03515625,-0.380859375,-0.3125
23817,1.240234375,1.083984375,-0.44921875,-0.21484375
23818,1.220703125,1.07421875,-0.380859375,-0.29296875
23819,1.298828125,0.986328125,-0.29296875,-0.29296875
23820,1.25,1.103515625,-0.244140625,-0.439453125
23821,1.1328125,1.09375,-0.37109375,-0.126953125
23822,1.044921875,1.181640625,-0.400390625,-0.25390625
23823,1.2109375,1.25,-0.48828125,-0.46875
23824,1.2109375,1.07421875,-0.380859375,-0.146484375
23825,1.1328125,1.09375,-0.29296875,-0.263671875
23826,1.123046875,1.07421875,-0.56640625,-0.185546875
23827,1.162109375,1.07421875,-0.37109375,-0.17578125
23828,1.064453125,1.064453125,-0.400390625,-0.2734375
23829,1.201171875,1.064453125,-0.224609375,-0.361328125
23830,1.2890625,1.044921875,-0.263671875,-0.185546875
23831,1.171875,1.064453125,-0.244140625,-0.205078125
23832,1.181640625,1.015625,-0.341796875,-0.185546875
23833,1.181640625,1.083984375,-0.302734375,-0.21484375
23834,1.181640625,1.171875,-0.361328125,-0.224609375
23835,1.2109375,1.220703125,-0.283203125,-0.224609375
23836,1.201171875,1.201171875,-0.2734375,-0.244140625
23837,1.2109375,1.162109375,-0.21484375,-0.234375
23838,1.240234375,1.25,-0.41015625,-0.263671875
23839,1.123046875,1.19140625,-0.3125,-0.283203125
23840,1.15234375,1.123046875,-0.29296875,-0.2734375
23841,1.162109375,1.0546875,-0.2734375,-0.263671875
23842,1.123046875,1.064453125,-0.302734375,-0.224609375
23843,1.171875,1.19140625,-0.361328125,-0.2734375
23844,1.171875,1.123046875,-0.107421875,-0.17578125
23845,1.1328125,1.142578125,-0.302734375,-0.5859375
23846,1.0546875,1.015625,-0.302734375,-0.234375
23847,1.11328125,1.044921875,-0.263671875,-0.205078125
23848,1.240234375,1.11328125,-0.126953125,-0.380859375
23849,1.103515625,1.1328125,-0.3125,-0.234375
23850,1.15234375,1.07421875,-0.244140625,-0.2734375
23851,1.26953125,1.142578125,-0.3125,-0.341796875
23852,1.220703125,1.15234375,-0.25390625,-0.33203125
23853,1.26953125,1.123046875,-0.234375,-0.146484375
23854,1.30859375,1.083984375,-0.244140625,-0.25390625
23855,1.337890625,1.15234375,-0.3125,-0.21484375
23856,1.30859375,1.123046875,-0.263671875,-0.263671875
23857,1.279296875,1.201171875,-0.29296875,-0.087890625
23858,1.318359375,1.044921875,-0.33203125,-0.2734375
23859,1.318359375,1.25,-0.380859375,-0.21484375
23860,1.30859375,1.123046875,-0.29296875,-0.205078125
23861,1.2890625,1.1328125,-0.322265625,-0.21484375
23862,1.298828125,1.0546875,-0.2734375,-0.25390625
23863,1.259765625,1.005859375,-0.33203125,-0.1953125
23864,1.201171875,1.11328125,-0.29296875,-0.341796875
23865,1.19140625,1.181640625,-0.2734375,-0.244140625
23866,1.25,1.220703125,-0.3515625,-0.33203125
23867,1.357421875,1.15234375,-0.3515625,-0.302734375
23868,1.25,0.99609375,-0.33203125,-0.244140625
23869,1.2890625,1.07421875,-0.263671875,-0.322265625
23870,1.201171875,1.083984375,-0.41015625,-0.21484375
23871,1.34765625,1.11328125,-0.400390625,-0.224609375
23872,1.171875,1.19140625,-0.419921875,-0.126953125
23873,1.201171875,1.15234375,-0.263671875,-0.322265625
23874,1.19140625,1.220703125,-0.33203125,-0.29296875
23875,1.25,1.15234375,-0.33203125,-0.283203125
23876,1.2890625,1.09375,-0.302734375,-0.283203125
23877,1.240234375,1.11328125,-0.4296875,-0.302734375
23878,1.23046875,1.005859375,-0.3515625,-0.322265625
23879,1.34765625,1.181640625,-0.380859375,-0.3515625
23880,1.181640625,1.103515625,-0.419921875,-0.400390625
23881,1.26953125,0.95703125,-0.244140625,-0.205078125
23882,1.26953125,1.123046875,-0.302734375,-0.322265625
23883,1.357421875,1.1328125,-0.341796875,-0.322265625
23884,1.220703125,1.064453125,-0.3125,-0.517578125
23885,1.201171875,1.064453125,-0.302734375,-0.478515625
23886,1.181640625,1.11328125,-0.21484375,-0.29296875
23887,1.279296875,1.142578125,-0.2734375,-0.3125
23888,1.220703125,1.11328125,-0.3515625,-0.29296875
23889,1.1328125,1.083984375,-0.302734375,-0.322265625
23890,1.26953125,1.171875,-0.25390625,-0.25390625
23891,1.19140625,1.171875,-0.3515625,-0.361328125
23892,1.259765625,1.240234375,-0.283203125,-0.3125
23893,1.30859375,1.40625,-0.46875,-0.380859375
23894,1.2109375,1.1328125,-0.3125,-0.29296875
23895,1.240234375,1.11328125,-0.3515625,-0.302734375
23896,1.240234375,1.181640625,-0.244140625,-0.283203125
23897,1.19140625,1.15234375,-0.33203125,-0.439453125
23898,1.34765625,1.181640625,-0.13671875,-0.283203125
23899,1.25,1.162109375,-0.205078125,-0.244140625
23900,1.2890625,1.201171875,-0.263671875,-0.37109375
23901,1.259765625,1.083984375,-0.224609375,-0.322265625
23902,1.181640625,1.19140625,-0.205078125,-0.341796875
23903,1.2890625,1.19140625,-0.25390625,-0.205078125
23904,1.337890625,1.220703125,-0.263671875,-0.3125
23905,1.318359375,0.9375,-0.185546875,-0.29296875
23906,1.23046875,1.064453125,-0.3125,-0.537109375
23907,1.240234375,1.142578125,-0.283203125,-0.25390625
23908,1.171875,1.15234375,-0.087890625,-0.25390625
23909,1.25,1.201171875,-0.2734375,-0.25390625
23910,1.3671875,1.2109375,-0.302734375,-0.244140625
23911,1.220703125,1.2109375,-0.419921875,-0.302734375
23912,1.25,1.044921875,-0.21484375,-0.283203125
23913,1.23046875,1.220703125,-0.234375,-0.263671875
23914,1.19140625,1.162109375,-0.341796875,-0.263671875
23915,1.23046875,1.15234375,-0.283203125,-0.126953125
23916,1.2109375,1.1328125,-0.244140625,-0.33203125
23917,1.23046875,1.181640625,-0.21484375,-0.37109375
23918,1.26953125,1.123046875,-0.3515625,-0.25390625
23919,1.259765625,1.19140625,-0.322265625,-0.341796875
23920,1.23046875,1.1328125,-0.341796875,-0.25390625
23921,1.162109375,1.064453125,-0.400390625,-0.3515625
23922,1.279296875,1.083984375,-0.302734375,-0.283203125
23923,1.240234375,1.162109375,-0.25390625,-0.322265625
23924,1.220703125,1.1328125,-0.302734375,-0.37109375
23925,1.2109375,1.1328125,-0.29296875,-0.302734375
23926,1.26953125,1.11328125,-0.33203125,-0.380859375
23927,1.15234375,1.03515625,-0.205078125,-0.46875
23928,1.19140625,1.123046875,-0.2734375,-0.263671875
23929,1.09375,1.201171875,-0.234375,-0.302734375
23930,1.220703125,1.123046875,-0.3125,-0.15625
23931,1.15234375,1.220703125,-0.1953125,-0.322265625
23932,1.23046875,1.03515625,-0.263671875,-0.302734375
23933,1.201171875,1.171875,-0.17578125,-0.341796875
23934,1.2109375,1.19140625,-0.205078125,-0.126953125
23935,1.19140625,1.220703125,-0.29296875,-0.33203125
23936,1.181640625,1.201171875,-0.25390625,-0.37109375
23937,1.123046875,1.171875,-0.2734375,-0.322265625
23938,1.123046875,1.2109375,-0.46875,-0.322265625
23939,1.15234375,1.201171875,-0.234375,-0.244140625
23940,1.15234375,1.1328125,-0.244140625,-0.3515625
23941,1.328125,1.328125,-0.25390625,-0.302734375
23942,1.171875,1.26953125,-0.302734375,-0.29296875
23943,1.005859375,1.19140625,-0.283203125,-0.37109375
23944,1.259765625,1.298828125,-0.205078125,-0.361328125
23945,1.2890625,1.318359375,-0.234375,-0.146484375
23946,1.1328125,1.201171875,-0.3125,-0.3125
23947,1.23046875,1.25,-0.234375,-0.361328125
23948,1.220703125,1.23046875,-0.263671875,-0.48828125
23949,1.15234375,1.220703125,-0.244140625,-0.322265625
23950,1.328125,1.357421875,-0.234375,-0.361328125
23951,1.171875,1.318359375,-0.263671875,-0.341796875
23952,1.162109375,1.2890625,-0.29296875,-0.2734375
23953,1.142578125,1.259765625,-0.21484375,-0.380859375
23954,1.181640625,1.34765625,-0.37109375,-0.46875
23955,1.19140625,1.26953125,-0.302734375,-0.302734375
23956,1.025390625,1.240234375,-0.244140625,-0.33203125
23957,1.171875,1.279296875,-0.41015625,-0.41015625
23958,1.2890625,1.19140625,-0.244140625,-0.458984375
23959,1.1328125,1.220703125,-0.283203125,-0.400390625
23960,1.25,1.23046875,-0.185546875,-0.380859375
23961,1.25,1.23046875,-0.234375,-0.37109375
23962,1.337890625,1.171875,-0.25390625,-0.3515625
23963,1.19140625,1.171875,-0.166015625,-0.390625
23964,1.15234375,1.259765625,-0.2734375,-0.3515625
23965,1.25,1.162109375,-0.146484375,-0.41015625
23966,1.2890625,1.171875,-0.3125,-0.234375
23967,1.25,1.181640625,-0.1953125,-0.341796875
23968,1.25,1.181640625,-0.234375,-0.37109375
23969,1.23046875,1.25,-0.400390625,-0.439453125
23970,1.15234375,1.240234375,-0.419921875,-0.498046875
23971,1.240234375,1.162109375,-0.283203125,-0.33203125
23972,1.171875,1.103515625,-0.322265625,-0.33203125
23973,1.25,1.23046875,-0.244140625,-0.322265625
23974,1.279296875,1.240234375,-0.29296875,-0.419921875
23975,1.240234375,1.11328125,-0.29296875,-0.37109375
23976,1.142578125,1.201171875,-0.283203125,-0.41015625
23977,1.220703125,1.19140625,-0.244140625,-0.41015625
23978,1.162109375,1.240234375,-0.21484375,-0.390625
23979,1.11328125,1.09375,-0.33203125,-0.380859375
23980,1.15234375,1.1328125,-0.322265625,-0.4296875
23981,1.2109375,1.201171875,-0.283203125,-0.380859375
23982,1.220703125,1.181640625,-0.3515625,-0.390625
23983,1.09375,1.25,-0.29296875,-0.4296875
23984,1.162109375,1.181640625,-0.234375,-0.37109375
23985,1.142578125,1.07421875,-0.244140625,-0.15625
23986,1.083984375,1.162109375,-0.25390625,-0.41015625
23987,1.09375,1.25,-0.3515625,-0.390625
23988,1.181640625,1.103515625,-0.224609375,-0.380859375
23989,1.142578125,1.11328125,-0.234375,-0.341796875
23990,1.162109375,1.240234375,-0.068359375,-0.380859375
23991,1.201171875,1.201171875,-0.205078125,-0.283203125
23992,1.240234375,1.162109375,-0.224609375,-0.37109375
23993,1.259765625,1.171875,-0.205078125,-0.341796875
23994,1.2109375,1.181640625,-0.361328125,-0.283203125
23995,1.201171875,1.19140625,-0.283203125,-0.33203125
23996,1.2109375,1.2109375,-0.29296875,-0.3515625
23997,1.181640625,1.23046875,-0.205078125,-0.29296875
23998,1.181640625,1.064453125,-0.302734375,-0.322265625
23999,1.240234375,0.966796875,-0.25390625,-0.33203125
24000,1.220703125,1.30859375,-0.205078125,-0.380859375
24001,1.11328125,1.201171875,-0.322265625,-0.283203125
24002,1.162109375,1.201171875,-0.205078125,-0.4296875
24003,1.171875,1.171875,-0.283203125,-0.3125
24004,1.083984375,1.15234375,-0.244140625,-0.3125
24005,1.181640625,1.171875,-0.224609375,-0.341796875
24006,1.162109375,1.181640625,-0.2734375,-0.341796875
24007,1.240234375,1.142578125,-0.244140625,-0.537109375
24008,1.15234375,1.103515625,-0.21484375,-0.4296875
24009,1.103515625,1.220703125,-0.185546875,-0.458984375
24010,1.064453125,1.171875,-0.29296875,-0.33203125
24011,1.25,1.1328125,-0.29296875,-0.419921875
24012,1.318359375,1.23046875,-0.263671875,-0.322265625
24013,1.19140625,1.07421875,-0.3125,-0.498046875
24014,1.259765625,1.09375,-0.224609375,-0.390625
24015,1.19140625,1.162109375,-0.15625,-0.4296875
24016,1.171875,1.1328125,-0.33203125,-0.517578125
24017,1.279296875,1.15234375,-0.13671875,-0.4296875
24018,1.15234375,0.91796875,-0.21484375,-0.419921875
24019,1.259765625,1.19140625,-0.1171875,-0.380859375
24020,1.2109375,1.15234375,-0.322265625,-0.419921875
24021,1.2109375,1.15234375,-0.4296875,-0.458984375
24022,1.220703125,1.11328125,-0.390625,-0.44921875
24023,1.259765625,1.162109375,-0.302734375,-0.458984375
24024,1.1328125,1.279296875,-0.263671875,-0.478515625
24025,1.171875,1.083984375,-0.3125,-0.361328125
24026,1.162109375,1.201171875,-0.21484375,-0.4296875
24027,1.26953125,1.083984375,-0.283203125,-0.478515625
24028,1.220703125,1.1328125,-0.322265625,-0.341796875
24029,1.25,1.005859375,-0.234375,-0.3515625
24030,1.064453125,1.103515625,-0.263671875,-0.4296875
24031,1.15234375,1.1328125,-0.1953125,-0.498046875
24032,1.162109375,1.09375,-0.283203125,-0.419921875
24033,1.123046875,0.888671875,-0.302734375,-0.4296875
24034,1.162109375,1.044921875,-0.21484375,-0.4296875
24035,1.162109375,1.171875,-0.21484375,-0.439453125
24036,1.142578125,1.11328125,-0.29296875,-0.4296875
24037,1.171875,1.044921875,-0.224609375,-0.46875
24038,1.123046875,1.083984375,-0.15625,-0.37109375
24039,1.162109375,1.15234375,-0.185546875,-0.419921875
24040,1.19140625,1.09375,-0.21484375,-0.595703125
24041,1.123046875,1.142578125,-0.33203125,-0.419921875
24042,1.103515625,1.23046875,-0.33203125,-0.46875
24043,1.201171875,0.947265625,-0.185546875,-0.41015625
24044,1.1328125,1.181640625,-0.21484375,-0.478515625
24045,1.181640625,1.11328125,-0.33203125,-0.46875
24046,1.064453125,1.142578125,-0.205078125,-0.37109375
24047,1.171875,1.1328125,-0.244140625,-0.4296875
24048,1.19140625,1.23046875,-0.068359375,-0.419921875
24049,1.201171875,1.142578125,-0.146484375,-0.37109375
24050,1.083984375,1.162109375,-0.17578125,-0.46875
24051,1.15234375,1.1328125,-0.185546875,-0.419921875
24052,1.162109375,1.220703125,-0.2734375,-0.3515625
24053,1.25,1.162109375,-0.244140625,-0.390625
24054,1.162109375,1.11328125,-0.37109375,-0.419921875
24055,1.2109375,1.1328125,-0.21484375,-0.41015625
24056,1.142578125,1.11328125,-0.1953125,-0.33203125
24057,1.142578125,1.201171875,-0.185546875,-0.341796875
24058,1.19140625,1.1328125,-0.1953125,-0.302734375
24059,1.123046875,1.181640625,-0.25390625,-0.2734375
24060,1.201171875,1.171875,-0.17578125,-0.341796875
24061,1.171875,0.869140625,-0.1953125,-0.33203125
24062,1.07421875,1.123046875,-0.25390625,-0.341796875
24063,1.181640625,0.986328125,-0.263671875,-0.322265625
24064,1.201171875,1.11328125,-0.25390625,-0.322265625
24065,1.318359375,1.07421875,-0.302734375,-0.390625
24066,1.1328125,1.25,-0.234375,-0.234375
24067,1.181640625,1.171875,-0.263671875,-0.478515625
24068,1.19140625,1.083984375,-0.234375,-0.302734375
24069,1.064453125,1.318359375,-0.2734375,-0.400390625
24070,1.181640625,0.95703125,-0.146484375,-0.302734375
24071,1.11328125,1.083984375,-0.244140625,-0.546875
24072,1.201171875,1.1328125,-0.185546875,-0.4296875
24073,1.171875,1.259765625,-0.25390625,-0.41015625
24074,1.162109375,1.142578125,-0.322265625,-0.400390625
24075,1.123046875,1.09375,-0.166015625,-0.419921875
24076,1.25,1.103515625,-0.29296875,-0.439453125
24077,1.26953125,1.171875,-0.224609375,-0.37109375
24078,1.279296875,0.9375,-0.166015625,-0.4296875
24079,1.142578125,0.966796875,-0.21484375,-0.390625
24080,1.19140625,1.181640625,-0.29296875,-0.5078125
24081,1.19140625,1.005859375,-0.29296875,-0.37109375
24082,1.240234375,0.9765625,-0.390625,-0.322265625
24083,1.123046875,1.07421875,-0.224609375,-0.44921875
24084,1.26953125,1.123046875,-0.263671875,-0.322265625
24085,1.240234375,1.044921875,-0.341796875,-0.25390625
24086,1.19140625,1.1328125,-0.29296875,-0.4296875
24087,1.25,1.15234375,-0.244140625,-0.3515625
24088,1.220703125,1.26953125,-0.1953125,-0.380859375
24089,1.142578125,1.083984375,-0.341796875,-0.2734375
24090,1.220703125,1.11328125,-0.25390625,-0.361328125
24091,1.201171875,1.09375,-0.29296875,-0.33203125
24092,1.220703125,1.103515625,-0.263671875,-0.3125
24093,1.220703125,1.064453125,-0.322265625,-0.3515625
24094,1.19140625,1.15234375,-0.283203125,-0.302734375
24095,1.201171875,1.123046875,-0.15625,-0.390625
24096,1.19140625,1.09375,-0.244140625,-0.41015625
24097,1.201171875,1.220703125,-0.302734375,-0.361328125
24098,1.25,1.044921875,-0.1953125,-0.33203125
24099,1.142578125,1.142578125,-0.185546875,-0.29296875
24100,1.15234375,1.1328125,-0.17578125,-0.3515625
24101,1.220703125,1.123046875,-0.17578125,-0.439453125
24102,1.220703125,1.162109375,-0.25390625,-0.25390625
24103,1.23046875,1.162109375,-0.205078125,-0.380859375
24104,1.1328125,0.986328125,-0.224609375,-0.341796875
24105,1.25,1.064453125,-0.166015625,-0.185546875
24106,1.123046875,1.11328125,-0.2734375,-0.439453125
24107,1.201171875,1.15234375,-0.185546875,-0.3515625
24108,1.15234375,1.162109375,-0.244140625,-0.390625
24109,1.23046875,1.07421875,-0.29296875,-0.29296875
24110,1.220703125,1.025390625,-0.234375,-0.234375
24111,1.19140625,1.11328125,-0.21484375,-0.205078125
24112,1.2109375,1.044921875,-0.1953125,-0.341796875
24113,1.220703125,1.162109375,-0.1171875,-0.3125
24114,1.26953125,1.19140625,-0.1953125,-0.33203125
24115,1.2890625,1.005859375,-0.107421875,-0.390625
24116,1.26953125,1.298828125,-0.361328125,-0.322265625
24117,1.30859375,1.123046875,-0.341796875,-0.33203125
24118,1.26953125,1.083984375,-0.224609375,-0.390625
24119,1.279296875,1.11328125,-0.244140625,-0.498046875
24120,1.220703125,1.09375,-0.29296875,-0.390625
24121,1.2890625,1.23046875,-0.21484375,-0.33203125
24122,1.30859375,1.220703125,-0.302734375,-0.5078125
24123,1.34765625,1.1328125,-0.234375,-0.390625
24124,1.3671875,1.34765625,-0.1171875,-0.37109375
24125,1.3671875,1.015625,-0.29296875,-0.322265625
24126,1.240234375,1.123046875,-0.185546875,-0.400390625
24127,1.23046875,1.23046875,-0.25390625,-0.380859375
24128,1.259765625,1.15234375,-0.283203125,-0.37109375
24129,1.201171875,1.15234375,-0.263671875,-0.517578125
24130,1.25,1.162109375,-0.361328125,-0.41015625
24131,1.328125,0.986328125,-0.17578125,-0.37109375
24132,1.19140625,1.1328125,-0.263671875,-0.439453125
24133,1.30859375,1.015625,-0.185546875,-0.390625
24134,1.181640625,1.2109375,-0.107421875,-0.322265625
24135,1.23046875,1.15234375,-0.1953125,-0.302734375
24136,1.123046875,1.07421875,-0.126953125,-0.439453125
24137,1.23046875,1.083984375,-0.09765625,-0.29296875
24138,1.25,1.11328125,-0.234375,-0.322265625
24139,1.201171875,1.0546875,-0.302734375,-0.302734375
24140,1.376953125,1.11328125,-0.29296875,-0.33203125
24141,1.337890625,1.0546875,-0.21484375,-0.380859375
24142,1.298828125,1.083984375,-0.17578125,-0.29296875
24143,1.26953125,1.201171875,-0.205078125,-0.33203125
24144,1.25,1.162109375,-0.205078125,-0.302734375
24145,1.171875,0.9375,-0.146484375,-0.2734375
24146,1.318359375,1.171875,-0.146484375,-0.3515625
24147,1.220703125,1.123046875,-0.205078125,-0.302734375
24148,1.162109375,1.1328125,-0.1953125,-0.4296875
24149,1.23046875,1.142578125,-0.380859375,-0.3515625
24150,1.26953125,1.11328125,-0.205078125,-0.4296875
24151,1.376953125,0.9375,-0.234375,-0.390625
24152,1.181640625,1.259765625,-0.21484375,-0.390625
24153,1.26953125,1.15234375,-0.224609375,-0.380859375
24154,1.259765625,1.171875,-0.341796875,-0.341796875
24155,1.123046875,1.123046875,-0.29296875,-0.419921875
24156,1.181640625,1.1328125,-0.2734375,-0.33203125
24157,1.123046875,1.09375,-0.263671875,-0.3515625
24158,1.1328125,1.162109375,-0.224609375,-0.361328125
24159,1.201171875,1.142578125,-0.166015625,-0.52734375
24160,1.123046875,1.09375,-0.2734375,-0.400390625
24161,1.162109375,1.11328125,-0.1953125,-0.37109375
24162,1.201171875,1.09375,-0.322265625,-0.4296875
24163,1.259765625,1.11328125,-0.1953125,-0.2734375
24164,1.142578125,1.11328125,-0.234375,-0.322265625
24165,1.19140625,1.162109375,-0.185546875,-0.3515625
24166,1.23046875,1.123046875,-0.1171875,-0.2734375
24167,1.162109375,1.044921875,-0.25390625,-0.283203125
24168,1.19140625,1.044921875,-0.107421875,-0.361328125
24169,1.11328125,1.0546875,-0.302734375,-0.341796875
24170,1.162109375,1.26953125,-0.1953125,-0.3125
24171,1.19140625,1.1328125,-0.15625,-0.33203125
24172,1.142578125,1.044921875,-0.224609375,-0.302734375
24173,1.220703125,1.171875,-0.068359375,-0.322265625
24174,1.2109375,1.171875,-0.302734375,-0.390625
24175,1.064453125,1.0546875,-0.146484375,-0.302734375
24176,1.103515625,1.07421875,-0.33203125,-0.3125
24177,1.162109375,1.07421875,-0.263671875,-0.419921875
24178,1.220703125,1.103515625,-0.3125,-0.322265625
24179,1.103515625,1.03515625,-0.166015625,-0.3125
24180,1.171875,1.123046875,-0.25390625,-0.263671875
24181,1.279296875,1.0546875,-0.244140625,-0.322265625
24182,1.11328125,1.09375,-0.263671875,-0.33203125
24183,1.044921875,1.162109375,-0.33203125,-0.5078125
24184,1.19140625,1.103515625,-0.2734375,-0.64453125
24185,1.123046875,0.8203125,-0.234375,-0.3125
24186,1.1328125,1.064453125,-0.25390625,-0.1953125
24187,1.1328125,1.0546875,-0.224609375,-0.224609375
24188,1.181640625,1.0546875,-0.21484375,-0.361328125
24189,1.162109375,1.064453125,-0.166015625,-0.390625
24190,1.298828125,1.0546875,-0.283203125,-0.3515625
24191,1.03515625,1.083984375,-0.13671875,-0.33203125
24192,0.9765625,1.2109375,-0.234375,-0.302734375
24193,1.220703125,1.083984375,-0.21484375,-0.3125
24194,1.181640625,1.1328125,-0.234375,-0.2734375
24195,1.181640625,1.162109375,-0.29296875,-0.15625
24196,1.123046875,1.162109375,-0.166015625,-0.322265625
24197,1.201171875,1.09375,-0.2734375,-0.322265625
24198,1.142578125,1.123046875,-0.29296875,-0.283203125
24199,1.171875,1.083984375,-0.419921875,-0.2734375
24200,1.1328125,1.19140625,-0.25390625,-0.2734375
24201,1.279296875,1.015625,-0.33203125,-0.37109375
24202,1.142578125,1.220703125,-0.25390625,-0.146484375
24203,1.11328125,1.0546875,-0.1953125,-0.29296875
24204,1.240234375,1.044921875,-0.2734375,-0.29296875
24205,1.337890625,1.103515625,-0.244140625,-0.37109375
24206,1.220703125,1.005859375,-0.25390625,-0.205078125
24207,1.162109375,1.162109375,-0.234375,-0.263671875
24208,1.201171875,1.09375,-0.263671875,-0.263671875
24209,1.25,1.09375,-0.302734375,-0.224609375
24210,1.162109375,1.025390625,-0.146484375,-0.283203125
24211,1.181640625,1.09375,-0.224609375,-0.25390625
24212,1.15234375,1.09375,-0.263671875,-0.224609375
24213,1.2109375,1.03515625,-0.146484375,-0.322265625
24214,1.26953125,1.09375,-0.283203125,-0.029296875
24215,1.2109375,1.123046875,-0.25390625,-0.2734375
24216,1.171875,1.09375,-0.078125,-0.283203125
24217,1.181640625,1.15234375,-0.1953125,-0.1953125
24218,1.279296875,1.025390625,-0.2734375,-0.302734375
24219,1.15234375,1.0546875,-0.2734375,-0.234375
24220,1.162109375,1.025390625,-0.244140625,-0.29296875
24221,1.142578125,1.083984375,-0.263671875,-0.234375
24222,1.09375,1.181640625,-0.341796875,-0.263671875
24223,1.171875,1.0546875,-0.21484375,-0.3125
24224,1.162109375,1.103515625,-0.185546875,-0.224609375
24225,1.171875,1.103515625,-0.2734375,-0.283203125
24226,1.259765625,1.171875,-0.322265625,-0.17578125
24227,1.279296875,1.11328125,-0.2734375,-0.263671875
24228,1.181640625,1.181640625,-0.0390625,-0.244140625
24229,1.259765625,1.083984375,-0.29296875,-0.17578125
24230,1.220703125,1.083984375,-0.25390625,-0.302734375
24231,1.2109375,1.083984375,-0.244140625,-0.263671875
24232,1.23046875,1.064453125,-0.205078125,-0.41015625
24233,1.318359375,1.11328125,-0.3125,-0.185546875
24234,1.15234375,1.162109375,-0.3515625,-0.263671875
24235,1.23046875,0.80078125,-0.322265625,-0.244140625
24236,1.23046875,1.171875,-0.29296875,-0.322265625
24237,1.162109375,1.03515625,-0.419921875,-0.3125
24238,1.23046875,1.03515625,-0.263671875,-0.244140625
24239,1.11328125,1.1328125,-0.25390625,-0.3125
24240,1.201171875,1.11328125,-0.390625,-0.21484375
24241,1.201171875,1.11328125,-0.3515625,-0.41015625
24242,1.34765625,1.044921875,-0.400390625,-0.283203125
24243,1.2109375,1.240234375,-0.25390625,-0.263671875
24244,1.181640625,0.9375,-0.37109375,-0.17578125
24245,1.19140625,1.142578125,-0.361328125,-0.25390625
24246,1.1328125,1.19140625,-0.419921875,-0.25390625
24247,1.19140625,1.15234375,-0.29296875,-0.25390625
24248,1.25,1.103515625,-0.322265625,-0.2734375
24249,1.181640625,1.259765625,-0.37109375,-0.21484375
24250,1.279296875,1.07421875,-0.361328125,-0.234375
24251,1.123046875,1.15234375,-0.37109375,-0.33203125
24252,1.142578125,1.1328125,-0.3125,-0.2734375
24253,1.162109375,1.015625,-0.302734375,-0.234375
24254,1.23046875,1.064453125,-0.390625,-0.1953125
24255,1.07421875,1.064453125,-0.1953125,-0.21484375
24256,1.26953125,1.162109375,-0.341796875,-0.25390625
24257,1.23046875,1.1328125,-0.3125,-0.322265625
24258,1.30859375,1.162109375,-0.3515625,-0.21484375
24259,1.220703125,1.064453125,-0.2734375,-0.21484375
24260,1.162109375,1.0546875,-0.33203125,-0.33203125
24261,1.171875,1.181640625,-0.3125,-0.205078125
24262,1.30859375,0.95703125,-0.302734375,-0.302734375
24263,1.171875,1.181640625,-0.3125,-0.107421875
24264,1.2109375,1.142578125,-0.33203125,-0.17578125
24265,1.1328125,1.201171875,-0.25390625,-0.2734375
24266,1.083984375,1.142578125,-0.3515625,-0.263671875
24267,1.162109375,1.19140625,-0.322265625,-0.263671875
24268,1.09375,1.220703125,-0.234375,-0.2734375
24269,1.11328125,1.142578125,-0.25390625,-0.234375
24270,1.279296875,1.201171875,-0.224609375,-0.283203125
24271,1.083984375,1.162109375,-0.380859375,-0.283203125
24272,1.162109375,1.15234375,-0.322265625,-0.3125
24273,1.25,1.19140625,-0.302734375,-0.205078125
24274,1.123046875,1.23046875,-0.302734375,-0.2734375
24275,1.201171875,1.162109375,-0.2734375,-0.244140625
24276,1.142578125,1.171875,-0.263671875,-0.25390625
24277,1.142578125,1.25,-0.1953125,-0.1953125
24278,1.162109375,1.201171875,-0.3515625,-0.37109375
24279,1.2890625,1.25,-0.361328125,-0.302734375
24280,1.162109375,1.083984375,-0.302734375,-0.302734375
24281,1.15234375,1.07421875,-0.29296875,-0.205078125
24282,1.162109375,1.064453125,-0.244140625,-0.244140625
24283,1.26953125,1.15234375,-0.21484375,-0.234375
24284,1.2109375,1.15234375,-0.29296875,-0.3125
24285,1.2109375,1.11328125,-0.25390625,-0.3125
24286,1.162109375,1.123046875,-0.283203125,-0.25390625
24287,1.2109375,1.09375,-0.29296875,-0.078125
24288,1.201171875,1.103515625,-0.244140625,-0.283203125
24289,1.298828125,1.220703125,-0.322265625,-0.33203125
24290,1.259765625,1.083984375,-0.37109375,-0.224609375
24291,1.2890625,1.1328125,-0.322265625,-0.17578125
24292,1.25,1.2109375,-0.25390625,-0.2734375
24293,1.2109375,1.181640625,-0.302734375,-0.107421875
24294,1.2109375,1.11328125,-0.33203125,-0.263671875
24295,1.2109375,1.07421875,-0.2734375,-0.224609375
24296,1.201171875,0.91796875,-0.4296875,-0.3515625
24297,1.25,1.15234375,-0.4296875,-0.41015625
24298,1.083984375,1.2109375,-0.283203125,-0.224609375
24299,1.2109375,1.11328125,-0.37109375,-0.37109375
24300,1.30859375,1.201171875,-0.29296875,-0.234375
24301,1.220703125,1.09375,-0.3515625,-0.205078125
24302,1.220703125,1.142578125,-0.4296875,-0.17578125
24303,1.38671875,1.123046875,-0.3125,-0.1171875
24304,1.240234375,1.123046875,-0.4296875,-0.244140625
24305,1.23046875,0.99609375,-0.3515625,-0.322265625
24306,1.240234375,1.279296875,-0.3515625,0.068359375
24307,1.38671875,1.298828125,-0.41015625,-0.361328125
24308,1.240234375,1.25,-0.498046875,-0.322265625
24309,1.279296875,1.171875,-0.2734375,-0.244140625
24310,1.318359375,1.201171875,-0.283203125,-0.2734375
24311,1.34765625,1.11328125,-0.44921875,-0.361328125
24312,1.26953125,1.064453125,-0.2734375,-0.341796875
24313,1.23046875,1.142578125,-0.234375,-0.29296875
24314,1.25,1.09375,-0.29296875,-0.25390625
24315,1.279296875,1.123046875,-0.29296875,-0.3125
24316,1.328125,1.181640625,-0.4296875,-0.244140625
24317,1.201171875,1.171875,-0.33203125,-0.29296875
24318,1.279296875,1.142578125,-0.2734375,-0.361328125
24319,1.2109375,1.083984375,-0.3125,-0.29296875
24320,1.26953125,1.201171875,-0.361328125,-0.4296875
24321,1.220703125,1.15234375,-0.390625,-0.25390625
24322,1.26953125,1.15234375,-0.33203125,-0.2734375
24323,1.2890625,1.25,-0.458984375,-0.263671875
24324,1.318359375,1.083984375,-0.25390625,-0.234375
24325,1.240234375,1.162109375,-0.25390625,-0.244140625
24326,1.26953125,1.142578125,-0.283203125,-0.3515625
24327,1.142578125,1.220703125,-0.29296875,-0.322265625
24328,1.2890625,1.181640625,-0.322265625,-0.25390625
24329,1.298828125,1.298828125,-0.21484375,-0.361328125
24330,1.19140625,1.123046875,-0.33203125,-0.1953125
24331,1.25,1.171875,-0.400390625,-0.322265625
24332,1.279296875,1.2109375,-0.29296875,-0.302734375
24333,1.23046875,1.142578125,-0.341796875,-0.37109375
24334,1.2109375,1.19140625,-0.341796875,-0.244140625
24335,1.298828125,1.162109375,-0.224609375,-0.37109375
24336,1.162109375,1.083984375,-0.37109375,-0.439453125
24337,1.25,1.09375,-0.2734375,-0.205078125
24338,1.2109375,1.09375,-0.322265625,-0.283203125
24339,1.259765625,1.162109375,-0.4296875,-0.283203125
24340,1.2890625,1.142578125,-0.2734375,-0.263671875
24341,1.26953125,1.03515625,-0.302734375,-0.302734375
24342,1.240234375,1.123046875,-0.390625,-0.263671875
24343,1.201171875,1.162109375,-0.302734375,-0.2734375
24344,1.259765625,1.11328125,-0.302734375,-0.3125
24345,1.298828125,1.103515625,-0.263671875,-0.48828125
24346,1.123046875,1.181640625,-0.33203125,-0.263671875
24347,1.181640625,1.142578125,-0.33203125,-0.302734375
24348,1.23046875,1.0546875,-0.2734375,-0.37109375
24349,1.162109375,1.171875,-0.21484375,-0.390625
24350,1.181640625,1.11328125,-0.126953125,-0.263671875
24351,1.259765625,1.123046875,-0.322265625,-0.390625
24352,1.201171875,1.123046875,-0.21484375,-0.390625
24353,1.181640625,1.11328125,-0.341796875,-0.3125
24354,1.19140625,1.15234375,-0.361328125,-0.37109375
24355,1.240234375,1.09375,-0.3125,-0.3515625
24356,1.318359375,1.07421875,-0.25390625,-0.29296875
24357,1.23046875,1.123046875,-0.17578125,-0.3125
24358,1.181640625,1.1328125,-0.244140625,-0.390625
24359,1.279296875,1.142578125,-0.33203125,-0.33203125
24360,1.25,1.083984375,-0.224609375,-0.29296875
24361,1.171875,1.1328125,-0.185546875,-0.283203125
24362,1.25,1.142578125,-0.33203125,-0.361328125
24363,1.123046875,1.044921875,-0.302734375,-0.283203125
24364,1.15234375,1.15234375,-0.25390625,-0.2734375
24365,1.171875,1.09375,-0.21484375,-0.234375
24366,1.181640625,1.19140625,-0.205078125,-0.390625
24367,1.025390625,1.162109375,-0.263671875,-0.439453125
24368,1.2109375,1.279296875,-0.15625,-0.302734375
24369,1.2109375,1.318359375,-0.33203125,-0.3125
24370,1.15234375,1.220703125,-0.25390625,-0.400390625
24371,1.171875,1.26953125,-0.263671875,-0.302734375
24372,1.181640625,1.2109375,-0.33203125,-0.25390625
24373,1.201171875,1.171875,-0.341796875,-0.3515625
24374,1.0546875,1.181640625,-0.380859375,-0.3125
24375,1.15234375,1.19140625,-0.41015625,-0.33203125
24376,1.26953125,1.25,-0.29296875,-0.302734375
24377,1.15234375,1.328125,-0.419921875,-0.3515625
24378,1.07421875,1.171875,-0.44921875,-0.302734375
24379,1.142578125,1.25,-0.3125,-0.41015625
24380,1.30859375,1.298828125,-0.341796875,-0.380859375
24381,1.181640625,1.279296875,-0.302734375,-0.322265625
24382,1.11328125,1.220703125,-0.2734375,-0.390625
24383,1.171875,1.23046875,-0.41015625,-0.302734375
24384,1.15234375,1.23046875,-0.166015625,-0.33203125
24385,1.083984375,1.23046875,-0.234375,-0.400390625
24386,1.142578125,1.240234375,-0.21484375,-0.3125
24387,1.1328125,1.298828125,-0.302734375,-0.29296875
24388,1.240234375,1.26953125,-0.263671875,-0.419921875
24389,1.240234375,1.220703125,-0.302734375,-0.458984375
24390,1.162109375,1.30859375,-0.380859375,-0.419921875
24391,1.220703125,1.171875,-0.2734375,-0.3125
24392,1.2109375,1.19140625,-0.244140625,-0.439453125
24393,1.171875,1.142578125,-0.302734375,-0.41015625
24394,1.171875,1.19140625,-0.302734375,-0.37109375
24395,1.2109375,1.123046875,-0.205078125,-0.48828125
24396,1.25,1.181640625,-0.244140625,-0.400390625
24397,1.171875,1.19140625,-0.205078125,-0.4296875
24398,1.15234375,1.11328125,-0.302734375,-0.478515625
24399,1.15234375,1.103515625,-0.2734375,-0.4296875
24400,1.220703125,1.201171875,-0.224609375,-0.52734375
24401,1.0546875,1.220703125,-0.263671875,-0.439453125
24402,1.279296875,1.15234375,-0.361328125,-0.458984375
24403,1.26953125,1.015625,-0.2734375,-0.439453125
24404,1.181640625,1.142578125,-0.2734375,-0.302734375
24405,1.1328125,1.318359375,-0.41015625,-0.37109375
24406,1.1328125,1.142578125,-0.29296875,-0.322265625
24407,1.103515625,1.162109375,-0.33203125,-0.33203125
24408,1.181640625,1.2109375,-0.17578125,-0.390625
24409,1.1328125,1.1328125,-0.361328125,-0.5078125
24410,1.181640625,1.19140625,-0.33203125,-0.3125
24411,1.044921875,1.201171875,-0.234375,-0.37109375
24412,1.0546875,1.220703125,-0.29296875,-0.419921875
24413,1.11328125,1.181640625,-0.263671875,-0.390625
24414,1.09375,1.279296875,-0.33203125,-0.390625
24415,1.083984375,1.103515625,-0.361328125,-0.341796875
24416,1.19140625,1.181640625,-0.234375,-0.341796875
24417,1.07421875,1.34765625,-0.234375,-0.33203125
24418,1.23046875,1.181640625,-0.25390625,-0.244140625
24419,1.34765625,1.19140625,-0.283203125,-0.439453125
24420,1.2890625,1.19140625,-0.3515625,-0.37109375
24421,1.23046875,1.11328125,-0.3125,-0.390625
24422,1.123046875,1.2109375,-0.224609375,-0.41015625
24423,1.220703125,1.171875,-0.2734375,-0.41015625
24424,1.25,1.2109375,-0.302734375,-0.44921875
24425,1.171875,1.181640625,-0.244140625,-0.48828125
24426,1.181640625,1.07421875,-0.322265625,-0.4296875
24427,1.240234375,1.162109375,-0.341796875,-0.458984375
24428,1.220703125,1.1328125,-0.25390625,-0.361328125
24429,1.259765625,1.15234375,-0.2734375,-0.400390625
24430,1.25,1.484375,-0.33203125,-0.29296875
24431,1.220703125,1.162109375,-0.3125,-0.478515625
24432,1.240234375,1.26953125,-0.244140625,-0.380859375
24433,1.15234375,1.181640625,-0.341796875,-0.390625
24434,1.201171875,1.171875,-0.33203125,-0.44921875
24435,1.396484375,1.103515625,-0.302734375,-0.361328125
24436,1.171875,1.11328125,-0.234375,-0.478515625
24437,1.220703125,1.19140625,-0.283203125,-0.498046875
24438,1.30859375,1.162109375,-0.341796875,-0.37109375
24439,1.083984375,1.40625,-0.33203125,-0.4296875
24440,1.23046875,1.162109375,-0.244140625,-0.390625
24441,1.181640625,1.2109375,-0.29296875,-0.41015625
24442,1.162109375,1.1328125,-0.29296875,-0.400390625
24443,1.26953125,1.083984375,-0.283203125,-0.283203125
24444,1.240234375,1.142578125,-0.263671875,-0.390625
24445,1.11328125,1.005859375,-0.1171875,-0.5078125
24446,1.083984375,1.083984375,-0.2734375,-0.361328125
24447,1.103515625,1.123046875,-0.3125,-0.46875
24448,1.064453125,1.0546875,-0.263671875,-0.458984375
24449,1.162109375,1.11328125,-0.244140625,-0.2734375
24450,1.103515625,1.09375,-0.390625,-0.44921875
24451,1.123046875,1.19140625,-0.224609375,-0.419921875
24452,1.142578125,1.083984375,-0.205078125,-0.341796875
24453,1.1328125,1.103515625,-0.322265625,-0.419921875
24454,1.23046875,1.044921875,-0.283203125,-0.439453125
24455,1.142578125,1.103515625,-0.341796875,-0.33203125
24456,1.171875,1.11328125,-0.29296875,-0.390625
24457,1.142578125,1.19140625,-0.2734375,-0.419921875
24458,1.11328125,1.123046875,-0.263671875,-0.234375
24459,1.1328125,1.11328125,-0.341796875,-0.3125
24460,1.2890625,1.11328125,-0.4296875,-0.458984375
24461,1.15234375,1.1328125,-0.37109375,-0.46875
24462,1.220703125,1.1328125,-0.33203125,-0.419921875
24463,1.15234375,1.11328125,-0.4296875,-0.458984375
24464,1.162109375,1.11328125,-0.17578125,-0.400390625
24465,0.99609375,1.142578125,-0.29296875,-0.380859375
24466,1.26953125,1.083984375,-0.087890625,-0.4296875
24467,1.2109375,1.11328125,-0.244140625,-0.390625
24468,1.181640625,1.11328125,-0.25390625,-0.400390625
24469,1.103515625,1.162109375,-0.21484375,-0.4296875
24470,1.171875,1.162109375,-0.361328125,-0.4296875
24471,1.298828125,1.103515625,-0.234375,-0.546875
24472,1.2109375,1.07421875,-0.2734375,-0.439453125
24473,1.259765625,1.34765625,-0.283203125,-0.2734375
24474,1.0546875,1.142578125,-0.2734375,-0.48828125
24475,1.2109375,1.03515625,-0.205078125,-0.48828125
24476,1.09375,1.1328125,-0.17578125,-0.46875
24477,1.181640625,1.171875,-0.224609375,-0.390625
24478,1.259765625,1.2109375,-0.4296875,-0.439453125
24479,1.083984375,1.044921875,-0.263671875,-0.390625
24480,1.083984375,1.15234375,-0.244140625,-0.458984375
24481,1.09375,1.123046875,-0.29296875,-0.380859375
24482,1.083984375,1.044921875,-0.263671875,-0.234375
24483,1.03515625,1.181640625,-0.322265625,-0.41015625
24484,1.103515625,1.201171875,-0.205078125,-0.419921875
24485,1.142578125,1.171875,-0.33203125,-0.439453125
24486,1.03515625,1.123046875,-0.263671875,-0.46875
24487,1.171875,1.181640625,-0.33203125,-0.3515625
24488,1.181640625,1.03515625,-0.41015625,-0.29296875
24489,1.279296875,1.181640625,-0.244140625,-0.25390625
24490,1.171875,1.19140625,-0.29296875,-0.3515625
24491,1.162109375,1.044921875,-0.25390625,-0.4296875
24492,1.2109375,1.09375,-0.25390625,-0.380859375
24493,1.171875,0.888671875,-0.2734375,-0.400390625
24494,1.19140625,1.142578125,-0.29296875,-0.3515625
24495,1.2109375,1.0546875,-0.400390625,-0.3125
24496,1.19140625,1.142578125,-0.21484375,-0.361328125
24497,1.1328125,1.03515625,-0.185546875,-0.3125
24498,1.201171875,1.11328125,-0.341796875,-0.390625
24499,1.162109375,1.19140625,-0.263671875,-0.41015625
24500,1.123046875,1.201171875,-0.234375,-0.361328125
24501,1.123046875,1.11328125,-0.244140625,-0.263671875
24502,1.162109375,1.171875,-0.234375,-0.458984375
24503,1.220703125,1.2109375,-0.13671875,-0.46875
24504,1.123046875,1.044921875,-0.244140625,-0.41015625
24505,1.279296875,1.15234375,-0.263671875,-0.390625
24506,1.142578125,1.1328125,-0.09765625,-0.390625
24507,1.15234375,1.044921875,-0.234375,-0.44921875
24508,1.11328125,1.044921875,-0.234375,-0.322265625
24509,1.083984375,1.15234375,-0.3125,-0.458984375
24510,1.2109375,1.103515625,-0.33203125,-0.537109375
24511,1.123046875,1.11328125,-0.341796875,-0.439453125
24512,1.2109375,1.0546875,-0.15625,-0.419921875
24513,1.19140625,1.123046875,-0.244140625,-0.3515625
24514,1.220703125,1.083984375,-0.3515625,-0.5078125
24515,1.15234375,1.09375,-0.33203125,-0.390625
24516,1.25,1.142578125,-0.244140625,-0.25390625
24517,1.240234375,1.083984375,-0.3125,-0.33203125
24518,1.162109375,1.09375,-0.185546875,-0.3515625
24519,1.15234375,1.103515625,-0.244140625,-0.2734375
24520,1.083984375,1.11328125,-0.244140625,-0.263671875
24521,1.15234375,1.0546875,-0.29296875,-0.3515625
24522,1.162109375,1.103515625,-0.205078125,-0.439453125
24523,1.259765625,1.083984375,-0.263671875,-0.4296875
24524,1.142578125,1.11328125,-0.263671875,-0.3515625
24525,1.162109375,1.11328125,-0.283203125,-0.400390625
24526,1.25,1.1328125,-0.263671875,-0.4296875
24527,1.2109375,1.3671875,-0.244140625,-0.341796875
24528,1.19140625,1.15234375,-0.263671875,-0.361328125
24529,1.142578125,1.083984375,-0.244140625,-0.263671875
24530,1.25,1.03515625,-0.205078125,-0.458984375
24531,1.2109375,1.064453125,-0.390625,-0.44921875
24532,1.11328125,1.201171875,-0.244140625,-0.3515625
24533,1.25,1.103515625,-0.205078125,-0.341796875
24534,1.19140625,1.11328125,-0.33203125,-0.4296875
24535,1.142578125,1.123046875,-0.25390625,-0.361328125
24536,1.123046875,1.025390625,-0.1953125,-0.33203125
24537,1.162109375,1.2109375,-0.1953125,-0.33203125
24538,1.220703125,1.1328125,-0.205078125,-0.556640625
24539,1.25,1.044921875,-0.1953125,-0.390625
24540,1.181640625,1.171875,-0.263671875,-0.3125
24541,0.986328125,1.1328125,-0.185546875,-0.283203125
24542,1.259765625,1.142578125,-0.15625,-0.33203125
24543,1.337890625,1.11328125,-0.224609375,-0.3515625
24544,1.337890625,1.15234375,-0.17578125,-0.224609375
24545,1.259765625,1.083984375,-0.283203125,-0.361328125
24546,1.259765625,0.9765625,-0.224609375,-0.44921875
24547,1.42578125,1.162109375,-0.234375,-0.41015625
24548,1.396484375,1.142578125,-0.29296875,-0.3515625
24549,1.25,0.9765625,-0.234375,-0.419921875
24550,1.357421875,1.142578125,-0.17578125,-0.37109375
24551,1.30859375,1.0546875,-0.21484375,-0.322265625
24552,1.328125,0.947265625,-0.283203125,-0.283203125
24553,1.328125,1.07421875,-0.25390625,-0.341796875
24554,1.259765625,1.0546875,-0.185546875,-0.380859375
24555,1.298828125,1.240234375,-0.15625,-0.458984375
24556,1.279296875,1.171875,-0.263671875,-0.33203125
24557,1.259765625,1.103515625,-0.25390625,-0.21484375
24558,1.279296875,1.201171875,-0.361328125,-0.419921875
24559,1.162109375,1.044921875,-0.33203125,-0.41015625
24560,1.2109375,1.19140625,-0.146484375,-0.302734375
24561,1.279296875,1.162109375,-0.1953125,-0.419921875
24562,1.2109375,1.103515625,-0.15625,-0.546875
24563,1.19140625,1.123046875,-0.2734375,-0.25390625
24564,1.19140625,1.09375,-0.244140625,-0.439453125
24565,1.142578125,1.044921875,-0.283203125,-0.458984375
24566,1.26953125,1.1328125,-0.234375,-0.37109375
24567,1.2890625,1.30859375,-0.322265625,-0.390625
24568,1.240234375,1.09375,-0.1171875,-0.439453125
24569,1.25,1.044921875,-0.3125,-0.33203125
24570,1.240234375,1.171875,-0.283203125,-0.3515625
24571,1.23046875,1.142578125,-0.244140625,-0.1171875
24572,1.25,1.1328125,-0.25390625,-0.25390625
24573,1.3671875,1.09375,-0.13671875,-0.37109375
24574,1.259765625,1.142578125,-0.302734375,-0.263671875
24575,1.337890625,1.11328125,-0.2734375,-0.244140625
24576,1.298828125,1.1328125,-0.13671875,-0.302734375
24577,1.240234375,1.15234375,-0.244140625,-0.2734375
24578,1.298828125,1.123046875,-0.185546875,-0.2734375
24579,1.34765625,1.1328125,-0.234375,-0.3125
24580,1.240234375,1.2109375,-0.224609375,-0.341796875
24581,1.220703125,1.142578125,-0.322265625,-0.439453125
24582,1.162109375,1.103515625,-0.126953125,-0.361328125
24583,1.259765625,1.201171875,-0.2734375,-0.2734375
24584,1.1328125,1.2109375,-0.2734375,-0.322265625
24585,1.19140625,1.064453125,-0.17578125,-0.390625
24586,1.240234375,1.123046875,-0.185546875,-0.3125
24587,1.171875,1.15234375,-0.29296875,-0.419921875
24588,1.142578125,1.15234375,-0.3125,-0.390625
24589,1.171875,1.1328125,-0.224609375,-0.400390625
24590,1.1328125,1.11328125,-0.21484375,-0.37109375
24591,1.201171875,1.005859375,-0.263671875,-0.400390625
24592,1.19140625,1.142578125,-0.13671875,-0.283203125
24593,1.19140625,1.15234375,-0.1953125,-0.458984375
24594,1.162109375,0.95703125,-0.13671875,-0.419921875
24595,1.064453125,1.2109375,-0.234375,-0.576171875
24596,1.2890625,1.162109375,-0.1171875,-0.5078125
24597,1.162109375,1.103515625,-0.068359375,-0.390625
24598,1.123046875,1.171875,-0.25390625,-0.380859375
24599,1.2109375,1.044921875,-0.13671875,-0.341796875
24600,1.162109375,1.15234375,-0.21484375,-0.302734375
24601,1.201171875,1.142578125,-0.078125,-0.41015625
24602,1.181640625,1.09375,-0.13671875,-0.33203125
24603,1.201171875,0.9765625,-0.17578125,-0.3515625
24604,1.220703125,1.103515625,-0.107421875,-0.41015625
24605,1.396484375,1.044921875,-0.15625,-0.1953125
24606,1.181640625,1.09375,-0.17578125,-0.29296875
24607,1.15234375,1.2109375,-0.17578125,-0.302734375
24608,1.220703125,1.064453125,-0.205078125,-0.400390625
24609,1.30859375,1.015625,-0.25390625,-0.283203125
24610,1.220703125,1.2109375,-0.2734375,-0.361328125
24611,1.19140625,1.03515625,-0.205078125,-0.2734375
24612,1.0546875,0.966796875,-0.29296875,-0.29296875
24613,1.162109375,0.986328125,-0.205078125,-0.361328125
24614,1.259765625,1.064453125,-0.29296875,-0.302734375
24615,1.044921875,1.0546875,-0.146484375,-0.302734375
24616,1.181640625,1.103515625,-0.25390625,-0.341796875
24617,1.11328125,0.9765625,-0.283203125,-0.322265625
24618,1.19140625,1.123046875,-0.37109375,-0.322265625
24619,1.181640625,1.064453125,-0.302734375,-0.29296875
24620,1.220703125,1.0546875,-0.21484375,-0.302734375
24621,1.23046875,1.162109375,-0.25390625,-0.3125
24622,1.259765625,1.15234375,-0.2734375,-0.439453125
24623,1.220703125,1.1328125,-0.2734375,-0.390625
24624,1.083984375,1.0546875,-0.21484375,-0.341796875
24625,1.19140625,1.044921875,-0.234375,-0.3125
24626,1.201171875,1.162109375,-0.37109375,-0.3515625
24627,1.0546875,1.015625,-0.283203125,-0.3125
24628,1.1328125,1.0546875,-0.224609375,-0.29296875
24629,1.171875,1.044921875,-0.390625,-0.439453125
24630,1.025390625,1.09375,-0.361328125,-0.3125
24631,1.26953125,1.09375,-0.244140625,-0.3515625
24632,1.15234375,1.09375,-0.341796875,-0.380859375
24633,1.15234375,1.064453125,-0.33203125,-0.283203125
24634,1.142578125,1.123046875,-0.263671875,-0.263671875
24635,1.279296875,1.064453125,-0.234375,-0.419921875
24636,0.9765625,1.1328125,-0.2734375,-0.380859375
24637,1.2109375,1.103515625,-0.25390625,-0.25390625
24638,1.123046875,0.986328125,-0.166015625,-0.341796875
24639,1.162109375,1.064453125,-0.244140625,-0.25390625
24640,1.220703125,1.142578125,-0.15625,-0.263671875
24641,1.2109375,0.966796875,-0.21484375,-0.25390625
24642,1.181640625,1.0546875,-0.205078125,-0.1953125
24643,1.171875,1.0546875,-0.361328125,-0.25390625
24644,1.15234375,1.07421875,-0.263671875,-0.25390625
24645,1.220703125,1.083984375,-0.244140625,-0.3125
24646,1.25,1.005859375,-0.29296875,-0.185546875
24647,1.25,1.0546875,-0.2734375,-0.5078125
24648,1.171875,1.09375,-0.322265625,-0.361328125
24649,1.19140625,0.869140625,-0.29296875,-0.25390625
24650,1.15234375,1.044921875,-0.302734375,-0.263671875
24651,1.23046875,1.064453125,-0.29296875,-0.244140625
24652,1.103515625,1.03515625,-0.29296875,-0.224609375
24653,1.220703125,1.064453125,-0.322265625,-0.17578125
24654,1.181640625,1.064453125,-0.29296875,-0.2734375
24655,1.298828125,1.064453125,-0.302734375,-0.29296875
24656,1.240234375,1.1328125,-0.46875,-0.302734375
24657,1.220703125,1.09375,-0.205078125,-0.3515625
24658,1.19140625,0.927734375,-0.283203125,-0.263671875
24659,1.162109375,1.025390625,-0.400390625,-0.41015625
24660,1.19140625,1.1328125,-0.29296875,-0.068359375
24661,1.25,1.162109375,-0.224609375,-0.380859375
24662,1.2890625,1.0546875,-0.390625,-0.17578125
24663,1.240234375,1.11328125,-0.29296875,-0.15625
24664,1.416015625,1.025390625,-0.322265625,-0.263671875
24665,1.240234375,1.123046875,-0.302734375,-0.21484375
24666,1.25,1.025390625,-0.224609375,-0.224609375
24667,1.2109375,1.083984375,-0.380859375,-0.224609375
24668,1.220703125,1.2109375,-0.302734375,-0.33203125
24669,1.26953125,1.09375,-0.322265625,-0.25390625
24670,1.30859375,1.083984375,-0.302734375,-0.302734375
24671,1.181640625,0.947265625,-0.263671875,-0.29296875
24672,1.2109375,1.07421875,-0.361328125,-0.361328125
24673,1.162109375,1.181640625,-0.341796875,-0.302734375
24674,1.162109375,0.99609375,-0.46875,-0.361328125
24675,1.318359375,1.064453125,-0.3515625,-0.185546875
24676,1.171875,1.044921875,-0.33203125,-0.29296875
24677,1.23046875,1.123046875,-0.37109375,-0.3515625
24678,1.23046875,1.123046875,-0.29296875,-0.3125
24679,1.181640625,1.11328125,-0.380859375,-0.3125
24680,1.30859375,1.09375,-0.322265625,-0.29296875
24681,1.220703125,1.0546875,-0.361328125,-0.107421875
24682,1.19140625,1.201171875,-0.37109375,-0.244140625
24683,1.19140625,1.025390625,-0.390625,-0.224609375
24684,1.171875,1.1328125,-0.3125,-0.029296875
24685,1.2109375,1.09375,-0.3125,-0.21484375
24686,1.298828125,1.201171875,-0.41015625,-0.244140625
24687,1.123046875,1.123046875,-0.419921875,-0.234375
24688,1.171875,1.07421875,-0.33203125,-0.234375
24689,1.240234375,1.142578125,-0.46875,-0.224609375
24690,1.220703125,1.103515625,-0.37109375,-0.380859375
24691,1.142578125,1.123046875,-0.283203125,-0.21484375
24692,1.201171875,1.123046875,-0.3125,-0.224609375
24693,1.298828125,1.11328125,-0.33203125,-0.107421875
24694,1.181640625,1.123046875,-0.244140625,-0.2734375
24695,1.2890625,1.3671875,-0.33203125,-0.25390625
24696,1.201171875,1.064453125,-0.33203125,-0.234375
24697,1.19140625,1.103515625,-0.283203125,-0.283203125
24698,1.11328125,1.15234375,-0.322265625,-0.2734375
24699,1.201171875,1.171875,-0.29296875,-0.1953125
24700,1.005859375,1.103515625,-0.263671875,-0.224609375
24701,1.25,1.15234375,-0.322265625,-0.29296875
24702,1.1328125,1.171875,-0.29296875,-0.1953125
24703,1.19140625,1.15234375,-0.283203125,-0.302734375
24704,1.162109375,1.1328125,-0.48828125,-0.244140625
24705,1.201171875,1.0546875,-0.322265625,-0.390625
24706,1.2109375,1.201171875,-0.234375,-0.244140625
24707,1.025390625,1.181640625,-0.302734375,-0.234375
24708,1.171875,1.025390625,-0.361328125,-0.263671875
24709,1.25,1.15234375,-0.29296875,-0.234375
24710,1.240234375,1.142578125,-0.361328125,-0.263671875
24711,1.201171875,1.15234375,-0.146484375,-0.087890625
24712,1.240234375,1.0546875,-0.29296875,-0.322265625
24713,1.07421875,1.11328125,-0.302734375,-0.224609375
24714,1.23046875,1.0546875,-0.25390625,-0.341796875
24715,1.23046875,1.07421875,-0.224609375,-0.21484375
24716,1.201171875,0.947265625,-0.234375,-0.322265625
24717,1.220703125,1.03515625,-0.283203125,-0.107421875
24718,1.220703125,1.064453125,-0.234375,-0.263671875
24719,1.259765625,1.005859375,-0.419921875,-0.25390625
24720,1.23046875,0.8984375,-0.17578125,-0.37109375
24721,1.357421875,1.083984375,-0.283203125,-0.3125
24722,1.181640625,1.123046875,-0.205078125,-0.322265625
24723,1.171875,1.15234375,-0.322265625,-0.322265625
24724,1.1328125,1.07421875,-0.2734375,-0.205078125
24725,1.15234375,1.103515625,-0.244140625,-0.25390625
24726,1.19140625,0.9765625,-0.37109375,-0.21484375
24727,1.2890625,1.07421875,-0.29296875,-0.234375
24728,1.25,1.083984375,-0.33203125,-0.2734375
24729,1.357421875,1.005859375,-0.283203125,-0.15625
24730,1.142578125,1.11328125,-0.322265625,-0.29296875
24731,1.15234375,0.986328125,-0.283203125,-0.2734375
24732,1.240234375,1.07421875,-0.263671875,-0.283203125
24733,1.328125,1.142578125,-0.263671875,-0.185546875
24734,1.34765625,1.005859375,-0.3515625,-0.1953125
24735,1.30859375,0.986328125,-0.224609375,-0.283203125
24736,1.2109375,1.19140625,-0.33203125,-0.244140625
24737,1.25,1.171875,-0.29296875,-0.224609375
24738,1.181640625,1.19140625,-0.263671875,-0.3125
24739,1.23046875,1.15234375,-0.3125,-0.390625
24740,1.220703125,1.201171875,-0.283203125,-0.361328125
24741,1.30859375,1.240234375,-0.234375,-0.3125
24742,1.259765625,1.1328125,-0.21484375,-0.302734375
24743,1.240234375,1.083984375,-0.33203125,-0.3515625
24744,1.279296875,1.03515625,-0.244140625,-0.29296875
24745,1.15234375,1.123046875,-0.341796875,-0.283203125
24746,1.2109375,1.220703125,-0.302734375,-0.25390625
24747,1.220703125,1.142578125,-0.2734375,-0.283203125
24748,1.25,1.123046875,-0.33203125,-0.2734375
24749,1.279296875,1.123046875,-0.166015625,-0.3125
24750,1.318359375,1.07421875,-0.263671875,-0.3125
24751,1.30859375,1.142578125,-0.3515625,-0.29296875
24752,1.259765625,1.1328125,-0.29296875,-0.244140625
24753,1.23046875,1.201171875,-0.244140625,-0.244140625
24754,1.279296875,1.181640625,-0.234375,-0.341796875
24755,1.259765625,1.19140625,-0.263671875,-0.224609375
24756,1.19140625,1.083984375,-0.2734375,-0.322265625
24757,1.142578125,1.181640625,-0.25390625,-0.166015625
24758,1.2109375,1.2109375,-0.322265625,-0.29296875
24759,1.162109375,1.2109375,-0.458984375,-0.2734375
24760,1.201171875,1.142578125,-0.17578125,-0.419921875
24761,1.328125,1.171875,-0.341796875,-0.322265625
24762,1.142578125,1.103515625,-0.29296875,-0.29296875
24763,1.220703125,1.162109375,-0.380859375,-0.224609375
24764,1.240234375,1.201171875,-0.341796875,-0.185546875
24765,1.240234375,1.201171875,-0.29296875,-0.2734375
24766,1.201171875,1.181640625,-0.400390625,-0.3125
24767,1.318359375,1.11328125,-0.341796875,-0.29296875
24768,1.240234375,1.171875,-0.4296875,-0.33203125
24769,1.23046875,1.15234375,-0.29296875,-0.224609375
24770,1.220703125,1.1328125,-0.361328125,-0.2734375
24771,1.2890625,1.09375,-0.400390625,-0.390625
24772,1.220703125,1.044921875,-0.29296875,-0.25390625
24773,1.162109375,1.1328125,-0.283203125,-0.166015625
24774,1.19140625,0.91796875,-0.2734375,-0.380859375
24775,1.220703125,0.9765625,-0.341796875,-0.46875
24776,1.2109375,1.142578125,-0.29296875,-0.41015625
24777,1.240234375,1.142578125,-0.322265625,-0.380859375
24778,1.181640625,1.142578125,-0.234375,-0.4296875
24779,1.23046875,1.123046875,-0.25390625,-0.283203125
24780,1.083984375,1.171875,-0.166015625,-0.33203125
24781,1.181640625,0.966796875,-0.25390625,-0.17578125
24782,1.298828125,1.1328125,-0.263671875,-0.322265625
24783,1.298828125,1.201171875,-0.29296875,-0.3125
24784,1.123046875,1.07421875,-0.166015625,-0.419921875
24785,1.2890625,1.044921875,-0.2734375,-0.244140625
24786,1.103515625,1.025390625,-0.234375,-0.37109375
24787,1.142578125,1.11328125,-0.205078125,-0.33203125
24788,1.220703125,1.103515625,-0.234375,-0.322265625
24789,1.201171875,1.064453125,-0.302734375,-0.341796875
24790,1.19140625,1.11328125,-0.21484375,-0.185546875
24791,1.23046875,1.103515625,-0.322265625,-0.3515625
24792,1.318359375,1.015625,-0.15625,-0.29296875
24793,1.171875,1.0546875,-0.380859375,-0.33203125
24794,1.03515625,1.083984375,-0.224609375,-0.33203125
24795,1.337890625,1.15234375,-0.263671875,-0.29296875
24796,1.181640625,0.9765625,-0.13671875,-0.419921875
24797,1.2109375,1.1328125,-0.3125,-0.322265625
24798,1.2890625,1.171875,-0.263671875,-0.380859375
24799,1.09375,1.2109375,-0.263671875,-0.4296875
24800,1.19140625,1.19140625,-0.25390625,-0.33203125
24801,1.1328125,1.11328125,-0.341796875,-0.3125
24802,1.15234375,1.171875,-0.458984375,-0.341796875
24803,1.279296875,1.123046875,-0.341796875,-0.09765625
24804,1.171875,1.1328125,-0.283203125,-0.21484375
24805,1.201171875,1.30859375,-0.341796875,-0.41015625
24806,1.162109375,1.220703125,-0.33203125,-0.361328125
24807,1.162109375,1.220703125,-0.380859375,-0.263671875
24808,1.181640625,1.07421875,-0.3515625,-0.341796875
24809,1.171875,1.083984375,-0.25390625,-0.458984375
24810,1.201171875,1.19140625,-0.400390625,-0.390625
24811,1.142578125,1.1328125,-0.322265625,-0.37109375
24812,1.123046875,1.220703125,-0.302734375,-0.263671875
24813,1.171875,1.220703125,-0.380859375,-0.33203125
24814,1.083984375,1.26953125,-0.361328125,-0.33203125
24815,1.220703125,1.376953125,-0.41015625,-0.29296875
24816,1.15234375,1.25,-0.234375,-0.341796875
24817,1.142578125,1.162109375,-0.234375,-0.3515625
24818,1.19140625,1.2890625,-0.25390625,-0.29296875
24819,1.015625,1.181640625,-0.17578125,-0.283203125
24820,1.1328125,1.30859375,-0.21484375,-0.302734375
24821,1.1328125,1.298828125,-0.21484375,-0.361328125
24822,1.220703125,1.201171875,-0.33203125,-0.3125
24823,1.142578125,1.181640625,-0.322265625,-0.400390625
24824,1.2109375,1.142578125,-0.13671875,-0.33203125
24825,1.220703125,1.142578125,-0.2734375,-0.33203125
24826,1.162109375,1.1328125,-0.078125,-0.380859375
24827,1.2109375,1.15234375,-0.224609375,-0.48828125
24828,1.2109375,1.15234375,-0.29296875,-0.380859375
24829,1.181640625,1.142578125,-0.361328125,-0.41015625
24830,1.083984375,1.09375,-0.33203125,-0.498046875
24831,1.0546875,1.1328125,-0.322265625,-0.341796875
24832,1.171875,1.083984375,-0.361328125,-0.380859375
24833,1.064453125,1.19140625,-0.302734375,-0.439453125
24834,1.09375,1.171875,-0.3125,-0.419921875
24835,1.2109375,1.162109375,-0.234375,-0.361328125
24836,1.083984375,1.2109375,-0.29296875,-0.341796875
24837,1.15234375,1.220703125,-0.205078125,-0.419921875
24838,1.064453125,1.23046875,-0.44921875,-0.380859375
24839,1.07421875,1.30859375,-0.2734375,-0.400390625
24840,1.0546875,1.25,-0.283203125,-0.5078125
24841,1.19140625,1.15234375,-0.234375,-0.33203125
24842,1.044921875,1.142578125,-0.1953125,-0.537109375
24843,1.0546875,1.26953125,-0.25390625,-0.3125
24844,1.005859375,1.376953125,-0.21484375,-0.380859375
24845,1.083984375,1.2890625,-0.302734375,-0.5078125
24846,1.201171875,1.19140625,-0.2734375,-0.33203125
24847,1.064453125,1.123046875,-0.166015625,-0.44921875
24848,1.201171875,1.26953125,-0.380859375,-0.341796875
24849,1.259765625,1.2109375,-0.224609375,-0.29296875
24850,1.201171875,1.1328125,-0.41015625,-0.3515625
24851,1.220703125,1.181640625,-0.263671875,-0.33203125
24852,1.201171875,1.23046875,-0.21484375,-0.263671875
24853,1.162109375,1.064453125,-0.29296875,-0.419921875
24854,1.25,1.2109375,-0.234375,-0.3125
24855,1.201171875,1.259765625,-0.17578125,-0.52734375
24856,1.171875,1.19140625,-0.41015625,-0.302734375
24857,1.298828125,1.25,-0.341796875,-0.361328125
24858,1.201171875,1.26953125,-0.458984375,-0.29296875
24859,1.259765625,1.181640625,-0.25390625,-0.37109375
24860,1.25,1.26953125,-0.283203125,-0.390625
24861,1.298828125,1.181640625,-0.302734375,-0.322265625
24862,1.07421875,1.181640625,-0.341796875,-0.390625
24863,1.2109375,1.240234375,-0.3125,-0.3515625
24864,1.15234375,1.201171875,-0.244140625,-0.48828125
24865,1.19140625,1.171875,-0.25390625,-0.46875
24866,1.103515625,1.142578125,-0.25390625,-0.400390625
24867,1.25,1.1328125,-0.29296875,-0.37109375
24868,1.181640625,1.142578125,-0.1953125,-0.3515625
24869,1.171875,1.103515625,-0.283203125,-0.48828125
24870,1.123046875,1.0546875,-0.25390625,-0.380859375
24871,1.123046875,1.123046875,-0.244140625,-0.439453125
24872,1.15234375,1.25,-0.21484375,-0.37109375
24873,1.2109375,1.123046875,-0.2734375,-0.244140625
24874,1.25,1.171875,-0.302734375,-0.419921875
24875,1.162109375,0.888671875,-0.341796875,-0.390625
24876,1.1328125,1.07421875,-0.29296875,-0.322265625
24877,1.064453125,1.23046875,-0.33203125,-0.322265625
24878,1.171875,1.15234375,-0.263671875,-0.44921875
24879,1.103515625,1.201171875,-0.419921875,-0.29296875
24880,1.103515625,1.103515625,-0.2734375,-0.3515625
24881,1.123046875,1.19140625,-0.33203125,-0.44921875
24882,1.142578125,1.044921875,-0.2734375,-0.46875
24883,1.11328125,1.123046875,-0.1953125,-0.37109375
24884,1.03515625,1.2109375,-0.3125,-0.41015625
24885,1.09375,1.083984375,-0.3515625,-0.419921875
24886,1.044921875,1.26953125,-0.244140625,-0.361328125
24887,1.15234375,1.103515625,-0.15625,-0.419921875
24888,1.123046875,1.0546875,-0.263671875,-0.3125
24889,1.11328125,1.15234375,-0.263671875,-0.33203125
24890,1.07421875,1.09375,-0.224609375,-0.4296875
24891,1.11328125,1.083984375,-0.29296875,-0.732421875
24892,1.162109375,1.171875,-0.25390625,-0.322265625
24893,1.142578125,1.181640625,-0.263671875,-0.4296875
24894,1.171875,1.181640625,-0.224609375,-0.419921875
24895,1.0546875,1.1328125,-0.25390625,-0.390625
24896,1.201171875,1.064453125,-0.25390625,-0.5078125
24897,1.15234375,1.11328125,-0.205078125,-0.37109375
24898,1.162109375,1.123046875,-0.3125,-0.419921875
24899,1.25,1.201171875,-0.361328125,-0.380859375
24900,1.171875,1.171875,-0.263671875,-0.458984375
24901,1.1328125,1.162109375,-0.2734375,-0.41015625
24902,1.220703125,1.201171875,-0.322265625,-0.458984375
24903,1.09375,1.103515625,-0.25390625,-0.537109375
24904,1.103515625,1.162109375,-0.263671875,-0.44921875
24905,0.966796875,1.15234375,-0.244140625,-0.41015625
24906,1.083984375,1.0546875,-0.15625,-0.390625
24907,1.11328125,1.15234375,-0.263671875,-0.244140625
24908,1.09375,1.09375,-0.33203125,-0.37109375
24909,1.103515625,1.328125,-0.283203125,-0.4296875
24910,1.11328125,1.171875,-0.302734375,-0.322265625
24911,1.09375,1.0546875,-0.3125,-0.380859375
24912,1.1328125,1.19140625,-0.25390625,-0.595703125
24913,0.986328125,1.123046875,-0.263671875,-0.439453125
24914,1.044921875,1.171875,-0.21484375,-0.48828125
24915,1.11328125,1.025390625,-0.3125,-0.419921875
24916,1.103515625,1.201171875,-0.263671875,-0.29296875
24917,1.201171875,1.005859375,-0.322265625,-0.439453125
24918,1.279296875,1.11328125,-0.478515625,-0.380859375
24919,1.2109375,1.083984375,-0.341796875,-0.21484375
24920,1.162109375,1.0546875,-0.341796875,-0.400390625
24921,1.201171875,1.083984375,-0.21484375,-0.390625
24922,1.123046875,1.123046875,-0.263671875,-0.244140625
24923,1.171875,1.201171875,-0.3125,-0.41015625
24924,1.1328125,1.25,-0.263671875,-0.44921875
24925,1.15234375,1.19140625,-0.2734375,-0.400390625
24926,1.0546875,1.083984375,-0.3125,-0.283203125
24927,1.201171875,1.064453125,-0.302734375,-0.498046875
24928,1.083984375,1.07421875,-0.1953125,-0.478515625
24929,1.279296875,1.11328125,-0.244140625,-0.302734375
24930,1.142578125,1.03515625,-0.0390625,-0.341796875
24931,1.201171875,1.064453125,-0.29296875,-0.3125
24932,1.2109375,1.11328125,-0.166015625,-0.322265625
24933,1.19140625,1.220703125,-0.107421875,-0.439453125
24934,1.220703125,1.123046875,-0.17578125,-0.400390625
24935,1.2109375,1.0546875,-0.224609375,-0.322265625
24936,1.11328125,1.09375,-0.13671875,-0.390625
24937,1.142578125,1.005859375,-0.244140625,-0.3515625
24938,1.11328125,1.142578125,-0.234375,-0.458984375
24939,1.142578125,1.1328125,-0.263671875,-0.3125
24940,1.240234375,1.162109375,-0.205078125,-0.380859375
24941,1.25,1.09375,-0.29296875,-0.390625
24942,1.142578125,1.07421875,-0.3515625,-0.458984375
24943,1.19140625,1.142578125,-0.263671875,-0.419921875
24944,1.2109375,1.0546875,-0.3125,-0.3515625
24945,1.0546875,1.083984375,-0.33203125,-0.341796875
24946,1.142578125,1.064453125,-0.33203125,-0.341796875
24947,1.26953125,1.142578125,-0.33203125,-0.322265625
24948,1.123046875,1.044921875,-0.33203125,-0.341796875
24949,1.201171875,1.240234375,-0.3125,-0.3125
24950,1.25,1.11328125,-0.33203125,-0.2734375
24951,1.23046875,1.03515625,-0.37109375,-0.380859375
24952,1.162109375,1.123046875,-0.205078125,-0.1953125
24953,1.142578125,1.123046875,-0.283203125,-0.33203125
24954,1.181640625,1.328125,-0.17578125,-0.390625
24955,1.142578125,1.171875,-0.283203125,-0.2734375
24956,1.23046875,1.1328125,-0.234375,-0.361328125
24957,1.142578125,1.044921875,-0.3125,-0.341796875
24958,1.201171875,1.1328125,-0.341796875,-0.234375
24959,1.142578125,1.162109375,-0.2734375,-0.322265625
24960,1.15234375,1.064453125,-0.244140625,-0.302734375
24961,1.15234375,1.07421875,-0.3515625,-0.33203125
24962,1.0546875,1.123046875,-0.29296875,-0.37109375
24963,1.318359375,1.103515625,-0.283203125,-0.390625
24964,1.259765625,1.142578125,-0.361328125,-0.322265625
24965,1.259765625,1.03515625,-0.263671875,-0.2734375
24966,1.005859375,1.23046875,-0.302734375,-0.361328125
24967,1.25,0.99609375,-0.263671875,-0.322265625
24968,1.044921875,1.1328125,-0.29296875,-0.478515625
24969,1.1328125,1.181640625,-0.3515625,-0.33203125
24970,1.15234375,1.11328125,-0.234375,-0.361328125
24971,1.19140625,1.181640625,-0.2734375,-0.537109375
24972,1.26953125,0.9765625,-0.3125,-0.3125
24973,1.259765625,1.25,-0.21484375,-0.3515625
24974,1.259765625,1.162109375,-0.263671875,-0.244140625
24975,1.328125,1.19140625,-0.25390625,-0.361328125
24976,1.259765625,1.2109375,-0.29296875,-0.37109375
24977,1.298828125,1.201171875,-0.302734375,-0.25390625
24978,1.2109375,1.044921875,-0.3125,-0.33203125
24979,1.15234375,1.181640625,-0.283203125,-0.3125
24980,1.240234375,1.2890625,-0.263671875,-0.400390625
24981,1.181640625,1.103515625,-0.3125,-0.263671875
24982,1.376953125,1.044921875,-0.234375,-0.33203125
24983,1.26953125,1.123046875,-0.244140625,-0.400390625
24984,1.318359375,1.15234375,-0.283203125,-0.33203125
24985,1.279296875,1.162109375,-0.166015625,-0.361328125
24986,1.142578125,1.162109375,-0.234375,-0.283203125
24987,1.201171875,1.25,-0.25390625,-0.390625
24988,1.23046875,1.3671875,-0.244140625,-0.380859375
24989,1.181640625,1.103515625,-0.234375,-0.390625
24990,1.279296875,1.2109375,-0.17578125,-0.419921875
24991,1.2109375,1.03515625,-0.166015625,-0.380859375
24992,1.15234375,1.083984375,-0.25390625,-0.322265625
24993,1.2109375,1.11328125,-0.283203125,-0.478515625
24994,1.240234375,1.123046875,-0.1953125,-0.283203125
24995,1.2109375,1.162109375,-0.224609375,-0.263671875
24996,1.123046875,1.15234375,-0.244140625,-0.33203125
24997,1.23046875,1.064453125,-0.25390625,-0.41015625
24998,1.19140625,1.11328125,-0.13671875,-0.390625
24999,1.318359375,1.15234375,-0.1953125,-0.3515625
25000,1.201171875,1.103515625,-0.25390625,-0.341796875
25001,1.23046875,1.15234375,-0.21484375,-0.341796875
25002,1.23046875,1.11328125,-0.224609375,-0.3515625
25003,1.279296875,1.171875,-0.205078125,-0.33203125
25004,1.2890625,1.220703125,-0.25390625,-0.33203125
25005,1.240234375,1.15234375,-0.205078125,-0.33203125
25006,1.240234375,1.103515625,-0.13671875,-0.283203125
25007,1.279296875,1.15234375,-0.263671875,-0.361328125
25008,1.201171875,1.07421875,-0.126953125,-0.322265625
25009,1.25,1.07421875,-0.068359375,-0.37109375
25010,1.25,1.19140625,-0.3125,-0.4296875
25011,1.25,1.11328125,-0.21484375,-0.25390625
25012,1.23046875,1.142578125,-0.2734375,-0.37109375
25013,1.2890625,1.15234375,-0.21484375,-0.380859375
25014,1.2109375,1.103515625,-0.2734375,-0.185546875
25015,1.220703125,1.25,-0.205078125,-0.322265625
25016,1.181640625,1.240234375,-0.09765625,-0.33203125
25017,1.201171875,1.162109375,-0.263671875,-0.400390625
25018,1.162109375,1.181640625,-0.1171875,-0.3515625
25019,1.19140625,1.181640625,-0.3515625,-0.302734375
25020,1.11328125,1.142578125,-0.29296875,-0.33203125
25021,1.11328125,1.0546875,-0.205078125,-0.37109375
25022,1.181640625,1.0546875,-0.29296875,-0.537109375
25023,1.103515625,1.2109375,-0.244140625,-0.419921875
25024,1.298828125,1.044921875,-0.3125,-0.439453125
25025,1.2109375,1.201171875,-0.244140625,-0.439453125
25026,1.26953125,1.142578125,-0.2734375,-0.46875
25027,1.123046875,1.259765625,-0.3125,-0.341796875
25028,1.181640625,1.15234375,-0.15625,-0.458984375
25029,1.181640625,1.171875,-0.17578125,-0.390625
25030,1.240234375,1.181640625,-0.25390625,-0.380859375
25031,1.279296875,1.162109375,-0.390625,-0.244140625
25032,1.1328125,1.15234375,-0.1953125,-0.29296875
25033,1.25,1.064453125,-0.234375,-0.322265625
25034,1.103515625,1.318359375,-0.0390625,-0.3515625
25035,1.279296875,1.162109375,-0.263671875,-0.283203125
25036,1.083984375,1.0546875,-0.107421875,-0.2734375
25037,1.201171875,1.025390625,-0.283203125,-0.283203125
25038,1.2109375,1.083984375,-0.234375,-0.33203125
25039,1.123046875,1.07421875,-0.205078125,-0.283203125
25040,1.162109375,1.11328125,-0.1953125,-0.146484375
25041,1.26953125,0.986328125,-0.224609375,-0.224609375
25042,1.220703125,1.015625,-0.244140625,-0.263671875
25043,1.181640625,1.064453125,-0.283203125,-0.283203125
25044,1.220703125,1.0546875,-0.21484375,-0.48828125
25045,1.30859375,1.171875,-0.25390625,-0.3125
25046,1.19140625,1.025390625,-0.107421875,-0.322265625
25047,1.298828125,1.123046875,-0.263671875,-0.5078125
25048,1.30859375,1.07421875,-0.224609375,-0.283203125
25049,1.259765625,1.162109375,-0.107421875,-0.37109375
25050,1.171875,0.99609375,-0.263671875,-0.37109375
25051,1.11328125,1.11328125,-0.25390625,-0.283203125
25052,1.201171875,1.142578125,-0.2734375,-0.380859375
25053,1.220703125,1.015625,-0.185546875,-0.185546875
25054,1.279296875,1.025390625,-0.341796875,-0.37109375
25055,1.171875,1.181640625,-0.25390625,-0.341796875
25056,1.2109375,1.025390625,-0.3515625,-0.380859375
25057,1.142578125,1.09375,-0.3125,-0.3515625
25058,1.220703125,1.0546875,-0.29296875,-0.224609375
25059,1.181640625,1.103515625,-0.29296875,-0.322265625
25060,1.19140625,1.123046875,-0.2734375,-0.25390625
25061,1.181640625,1.083984375,-0.400390625,-0.2734375
25062,1.162109375,1.044921875,-0.283203125,-0.302734375
25063,1.23046875,1.015625,-0.302734375,-0.185546875
25064,1.15234375,1.083984375,-0.2734375,-0.3125
25065,1.181640625,1.083984375,-0.25390625,-0.2734375
25066,1.015625,1.07421875,-0.234375,-0.263671875
25067,1.220703125,1.15234375,-0.13671875,-0.2734375
25068,1.1328125,1.03515625,-0.302734375,-0.166015625
25069,1.142578125,1.07421875,-0.166015625,-0.263671875
25070,1.220703125,1.1328125,-0.1953125,-0.341796875
25071,1.25,1.015625,-0.234375,-0.21484375
25072,1.11328125,1.103515625,-0.15625,-0.3125
25073,1.2109375,1.123046875,-0.17578125,-0.2734375
25074,1.220703125,1.0546875,-0.17578125,-0.29296875
25075,1.220703125,1.07421875,-0.224609375,-0.322265625
25076,1.26953125,0.986328125,-0.234375,-0.263671875
25077,1.162109375,1.220703125,-0.302734375,-0.2734375
25078,1.064453125,1.03515625,-0.224609375,-0.302734375
25079,1.2890625,1.005859375,-0.234375,-0.234375
25080,1.220703125,1.025390625,-0.283203125,-0.2734375
25081,1.25,0.986328125,-0.341796875,-0.234375
25082,1.19140625,0.99609375,-0.419921875,-0.3125
25083,1.23046875,1.162109375,-0.283203125,-0.283203125
25084,1.240234375,1.044921875,-0.3515625,-0.244140625
25085,1.083984375,0.947265625,-0.390625,-0.29296875
25086,1.25,1.103515625,-0.33203125,-0.166015625
25087,1.26953125,1.03515625,-0.33203125,-0.224609375
25088,1.15234375,0.888671875,-0.3125,-0.15625
25089,1.064453125,1.03515625,-0.29296875,-0.234375
25090,1.19140625,1.15234375,-0.361328125,-0.41015625
25091,1.42578125,1.11328125,-0.302734375,-0.322265625
25092,1.26953125,1.220703125,-0.3125,-0.341796875
25093,1.201171875,1.09375,-0.263671875,-0.09765625
25094,1.2109375,1.0546875,-0.400390625,-0.29296875
25095,1.30859375,1.09375,-0.17578125,-0.263671875
25096,1.142578125,1.162109375,-0.3515625,-0.263671875
25097,1.25,1.025390625,-0.1953125,-0.2734375
25098,1.25,1.171875,-0.478515625,-0.244140625
25099,1.357421875,1.201171875,-0.234375,-0.234375
25100,1.23046875,1.11328125,-0.263671875,-0.185546875
25101,1.259765625,1.09375,-0.3515625,-0.234375
25102,1.240234375,1.1328125,-0.3125,-0.244140625
25103,1.240234375,0.9765625,-0.302734375,-0.25390625
25104,1.181640625,1.044921875,-0.3125,-0.263671875
25105,1.201171875,1.044921875,-0.390625,-0.1953125
25106,1.26953125,1.07421875,-0.48828125,-0.234375
25107,1.298828125,1.083984375,-0.419921875,-0.283203125
25108,1.2890625,1.0546875,-0.302734375,-0.537109375
25109,1.30859375,1.0546875,-0.419921875,-0.244140625
25110,1.171875,1.09375,-0.48828125,-0.21484375
25111,1.19140625,1.07421875,-0.3515625,-0.263671875
25112,1.09375,1.220703125,-0.46875,-0.322265625
25113,1.25,1.2890625,-0.41015625,-0.244140625
25114,1.259765625,1.09375,-0.439453125,-0.263671875
25115,1.162109375,1.07421875,-0.400390625,-0.283203125
25116,1.2109375,1.025390625,-0.458984375,-0.126953125
25117,1.26953125,1.07421875,-0.302734375,-0.087890625
25118,1.03515625,1.123046875,-0.4296875,-0.25390625
25119,1.279296875,1.11328125,-0.498046875,-0.21484375
25120,1.19140625,1.083984375,-0.33203125,-0.29296875
25121,1.201171875,1.083984375,-0.302734375,-0.263671875
25122,1.181640625,1.220703125,-0.283203125,-0.1953125
25123,1.19140625,1.0546875,-0.244140625,0.05859375
25124,1.25,1.03515625,-0.2734375,-0.15625
25125,1.044921875,0.9375,-0.25390625,-0.185546875
25126,1.259765625,1.123046875,-0.3125,-0.126953125
25127,1.26953125,1.11328125,-0.33203125,-0.21484375
25128,1.181640625,1.083984375,-0.361328125,-0.322265625
25129,1.171875,1.11328125,-0.263671875,-0.21484375
25130,1.220703125,1.23046875,-0.361328125,-0.400390625
25131,1.09375,1.181640625,-0.302734375,-0.244140625
25132,1.2109375,1.201171875,-0.302734375,-0.185546875
25133,1.181640625,1.181640625,-0.341796875,-0.107421875
25134,1.2109375,1.201171875,-0.41015625,-0.29296875
25135,1.23046875,1.064453125,-0.2734375,-0.283203125
25136,1.03515625,1.15234375,-0.302734375,-0.3125
25137,1.11328125,1.162109375,-0.283203125,-0.166015625
25138,1.2109375,1.07421875,-0.44921875,-0.33203125
25139,1.1328125,1.201171875,-0.341796875,-0.205078125
25140,1.171875,1.15234375,-0.322265625,-0.283203125
25141,1.26953125,1.162109375,-0.29296875,-0.185546875
25142,1.318359375,1.142578125,-0.234375,-0.146484375
25143,1.15234375,1.23046875,-0.25390625,-0.29296875
25144,1.201171875,1.23046875,-0.33203125,-0.341796875
25145,1.171875,1.083984375,-0.302734375,-0.224609375
25146,1.181640625,1.03515625,-0.263671875,-0.263671875
25147,1.123046875,1.015625,-0.17578125,-0.3125
25148,1.23046875,1.0546875,-0.25390625,-0.302734375
25149,1.279296875,1.07421875,-0.283203125,-0.166015625
25150,1.240234375,1.328125,-0.283203125,-0.25390625
25151,1.220703125,1.103515625,-0.244140625,-0.3125
25152,0.9765625,1.025390625,-0.302734375,-0.21484375
25153,1.171875,1.19140625,-0.244140625,-0.17578125
25154,1.162109375,1.09375,-0.2734375,0.01953125
25155,1.1328125,1.0546875,-0.234375,-0.283203125
25156,1.19140625,1.044921875,-0.126953125,-0.390625
25157,1.03515625,1.044921875,-0.2734375,-0.400390625
25158,1.123046875,1.0546875,-0.29296875,-0.244140625
25159,1.201171875,1.103515625,-0.166015625,-0.263671875
25160,1.09375,1.162109375,-0.3515625,-0.3125
25161,1.15234375,1.0546875,-0.33203125,-0.380859375
25162,1.19140625,1.142578125,-0.2734375,-0.3515625
25163,1.0546875,1.09375,-0.419921875,-0.3125
25164,1.142578125,1.044921875,-0.2734375,-0.33203125
25165,1.23046875,1.1328125,-0.166015625,-0.244140625
25166,1.123046875,1.142578125,-0.185546875,-0.17578125
25167,1.259765625,1.044921875,-0.283203125,-0.224609375
25168,1.30859375,1.044921875,-0.341796875,-0.234375
25169,1.23046875,1.103515625,-0.2734375,-0.205078125
25170,1.240234375,1.162109375,-0.3515625,-0.283203125
25171,1.38671875,0.99609375,-0.224609375,-0.302734375
25172,1.279296875,1.07421875,-0.1953125,-0.263671875
25173,1.25,1.083984375,-0.29296875,-0.322265625
25174,1.279296875,0.91796875,-0.234375,-0.380859375
25175,1.23046875,1.09375,-0.244140625,-0.21484375
25176,1.298828125,1.123046875,-0.263671875,-0.234375
25177,1.279296875,1.09375,-0.37109375,-0.224609375
25178,1.279296875,1.23046875,-0.224609375,-0.25390625
25179,1.259765625,1.1328125,-0.302734375,-0.2734375
25180,1.298828125,1.240234375,-0.283203125,-0.244140625
25181,1.201171875,1.123046875,-0.283203125,-0.2734375
25182,1.220703125,1.123046875,-0.29296875,-0.166015625
25183,1.34765625,1.103515625,-0.2734375,-0.263671875
25184,1.162109375,1.1328125,-0.3125,-0.3515625
25185,1.23046875,1.171875,-0.3125,-0.302734375
25186,1.171875,1.201171875,-0.3515625,-0.3125
25187,1.1328125,1.2109375,-0.234375,-0.263671875
25188,1.181640625,1.15234375,-0.283203125,-0.283203125
25189,1.171875,1.318359375,-0.166015625,-0.29296875
25190,1.26953125,1.15234375,-0.361328125,-0.41015625
25191,1.201171875,1.162109375,-0.3515625,-0.3125
25192,1.19140625,1.201171875,-0.37109375,-0.1953125
25193,1.2109375,1.09375,-0.224609375,-0.21484375
25194,1.279296875,1.162109375,-0.3125,-0.322265625
25195,1.201171875,1.064453125,-0.322265625,-0.3125
25196,1.220703125,1.181640625,-0.33203125,-0.263671875
25197,1.2109375,1.181640625,-0.3125,-0.3125
25198,1.298828125,1.171875,-0.3515625,-0.224609375
25199,1.2890625,1.005859375,-0.3125,-0.33203125
25200,1.25,1.044921875,-0.283203125,-0.263671875
25201,1.220703125,1.083984375,-0.302734375,-0.361328125
25202,1.240234375,1.07421875,-0.33203125,-0.283203125
25203,1.298828125,1.0546875,-0.302734375,-0.4296875
25204,1.279296875,1.26953125,-0.361328125,-0.263671875
25205,1.23046875,1.1328125,-0.224609375,-0.205078125
25206,1.2890625,1.103515625,-0.29296875,-0.2734375
25207,1.23046875,0.830078125,-0.09765625,-0.234375
25208,1.26953125,1.09375,-0.205078125,-0.341796875
25209,1.259765625,1.0546875,-0.2734375,-0.595703125
25210,1.279296875,1.025390625,-0.244140625,-0.302734375
25211,1.19140625,1.07421875,-0.29296875,-0.361328125
25212,1.162109375,1.142578125,-0.244140625,-0.390625
25213,1.181640625,0.986328125,-0.29296875,-0.33203125
25214,1.162109375,1.005859375,-0.13671875,-0.41015625
25215,1.11328125,1.11328125,-0.29296875,-0.390625
25216,1.181640625,1.123046875,-0.322265625,-0.380859375
25217,1.240234375,1.09375,-0.33203125,-0.2734375
25218,1.279296875,1.15234375,-0.302734375,-0.48828125
25219,1.201171875,1.15234375,-0.2734375,-0.322265625
25220,1.220703125,1.15234375,-0.068359375,-0.341796875
25221,1.298828125,1.123046875,-0.2734375,-0.361328125
25222,1.181640625,1.0546875,-0.21484375,-0.361328125
25223,1.15234375,1.064453125,-0.21484375,-0.3125
25224,1.2109375,1.201171875,-0.234375,-0.263671875
25225,1.19140625,1.201171875,-0.25390625,-0.478515625
25226,1.181640625,1.240234375,-0.37109375,-0.25390625
25227,1.15234375,1.083984375,-0.205078125,-0.283203125
25228,1.220703125,1.25,-0.13671875,-0.3125
25229,1.25,1.240234375,-0.2734375,-0.29296875
25230,1.181640625,1.23046875,-0.3515625,-0.322265625
25231,1.142578125,1.142578125,-0.400390625,-0.29296875
25232,1.298828125,1.19140625,-0.33203125,-0.3515625
25233,1.240234375,1.181640625,-0.302734375,-0.244140625
25234,1.083984375,1.162109375,-0.322265625,-0.302734375
25235,1.201171875,1.220703125,-0.3515625,-0.33203125
25236,1.181640625,1.259765625,-0.205078125,-0.556640625
25237,1.19140625,1.171875,-0.322265625,-0.263671875
25238,1.1328125,1.201171875,-0.2734375,-0.302734375
25239,1.103515625,1.201171875,-0.302734375,-0.390625
25240,1.19140625,1.162109375,-0.283203125,-0.5078125
25241,1.1328125,1.2109375,-0.283203125,-0.400390625
25242,1.171875,1.279296875,-0.37109375,-0.400390625
25243,1.2109375,1.240234375,-0.33203125,-0.390625
25244,1.07421875,1.38671875,-0.224609375,-0.390625
25245,1.142578125,1.1328125,-0.25390625,-0.380859375
25246,0.986328125,1.23046875,-0.283203125,-0.33203125
25247,1.171875,1.279296875,-0.263671875,-0.419921875
25248,1.162109375,1.2109375,-0.283203125,-0.341796875
25249,1.162109375,1.220703125,-0.263671875,-0.185546875
25250,1.123046875,1.201171875,-0.185546875,-0.341796875
25251,1.162109375,1.19140625,-0.302734375,-0.322265625
25252,1.240234375,1.220703125,-0.244140625,-0.44921875
25253,1.15234375,1.220703125,-0.341796875,-0.37109375
25254,1.142578125,1.416015625,-0.29296875,-0.3515625
25255,1.142578125,1.30859375,-0.263671875,-0.498046875
25256,1.09375,1.220703125,-0.224609375,-0.439453125
25257,1.162109375,1.181640625,-0.205078125,-0.400390625
25258,1.171875,1.15234375,-0.2734375,-0.498046875
25259,1.083984375,1.298828125,-0.419921875,-0.390625
25260,1.279296875,1.376953125,-0.25390625,-0.37109375
25261,1.19140625,1.23046875,-0.3125,-0.234375
25262,1.240234375,0.966796875,-0.21484375,-0.33203125
25263,1.30859375,1.0546875,-0.29296875,-0.576171875
25264,1.044921875,1.181640625,-0.25390625,-0.44921875
25265,1.181640625,1.162109375,-0.322265625,-0.41015625
25266,1.09375,1.279296875,-0.166015625,-0.478515625
25267,1.1328125,1.181640625,-0.3125,-0.302734375
25268,1.30859375,1.11328125,-0.33203125,-0.41015625
25269,1.15234375,1.15234375,-0.33203125,-0.37109375
25270,1.142578125,1.201171875,-0.17578125,-0.4296875
25271,1.279296875,1.396484375,-0.341796875,-0.361328125
25272,1.142578125,1.123046875,-0.263671875,-0.15625
25273,1.298828125,1.26953125,-0.380859375,-0.21484375
25274,1.15234375,1.220703125,-0.302734375,-0.4296875
25275,1.19140625,1.279296875,-0.341796875,-0.556640625
25276,1.123046875,1.19140625,-0.29296875,-0.244140625
25277,1.201171875,1.171875,-0.322265625,-0.263671875
25278,1.09375,1.259765625,-0.1953125,-0.2734375
25279,1.07421875,1.19140625,-0.400390625,-0.29296875
25280,1.162109375,1.201171875,-0.341796875,-0.419921875
25281,1.083984375,1.4453125,-0.322265625,-0.390625
25282,1.181640625,1.171875,-0.17578125,-0.498046875
25283,1.19140625,1.142578125,-0.25390625,-0.302734375
25284,1.123046875,1.103515625,-0.302734375,-0.322265625
25285,1.201171875,1.142578125,-0.234375,-0.400390625
25286,1.2109375,1.19140625,-0.283203125,-0.341796875
25287,1.201171875,1.2890625,-0.224609375,-0.3125
25288,1.279296875,1.2109375,-0.234375,-0.5078125
25289,1.279296875,1.171875,-0.263671875,-0.46875
25290,1.298828125,1.25,-0.29296875,-0.3125
25291,1.240234375,1.123046875,-0.302734375,-0.380859375
25292,1.15234375,1.201171875,-0.3515625,-0.380859375
25293,1.181640625,1.044921875,-0.283203125,-0.361328125
25294,1.103515625,1.25,-0.234375,-0.400390625
25295,1.171875,1.279296875,-0.263671875,-0.4296875
25296,1.044921875,1.23046875,-0.2734375,-0.4296875
25297,1.171875,1.2109375,-0.2734375,-0.41015625
25298,1.025390625,1.171875,-0.322265625,-0.46875
25299,1.2109375,1.1328125,-0.244140625,-0.41015625
25300,1.044921875,1.181640625,-0.17578125,-0.400390625
25301,1.142578125,1.181640625,-0.322265625,-0.556640625
25302,1.19140625,1.2109375,-0.380859375,-0.390625
25303,1.15234375,1.201171875,-0.283203125,-0.419921875
25304,1.09375,1.162109375,-0.205078125,-0.439453125
25305,1.23046875,1.171875,-0.25390625,-0.439453125
25306,1.181640625,1.15234375,-0.322265625,-0.390625
25307,0.9765625,1.181640625,-0.263671875,-0.4296875
25308,1.09375,1.181640625,-0.244140625,-0.400390625
25309,1.142578125,1.220703125,-0.33203125,-0.361328125
25310,1.240234375,1.240234375,-0.2734375,-0.390625
25311,1.044921875,1.1328125,-0.234375,-0.44921875
25312,1.11328125,1.220703125,-0.263671875,-0.52734375
25313,1.23046875,1.123046875,-0.263671875,-0.390625
25314,1.15234375,1.2890625,-0.234375,-0.44921875
25315,1.083984375,1.044921875,-0.33203125,-0.361328125
25316,1.240234375,1.083984375,-0.21484375,-0.478515625
25317,1.09375,1.03515625,-0.44921875,-0.361328125
25318,1.162109375,1.11328125,-0.126953125,-0.478515625
25319,1.1328125,1.103515625,-0.302734375,-0.44921875
25320,1.162109375,1.201171875,-0.15625,-0.37109375
25321,1.19140625,1.0546875,-0.478515625,-0.41015625
25322,1.298828125,1.103515625,-0.224609375,-0.390625
25323,1.1328125,1.044921875,-0.224609375,-0.44921875
25324,1.15234375,1.171875,-0.21484375,-0.419921875
25325,1.0546875,1.1328125,-0.205078125,-0.52734375
25326,1.181640625,1.09375,-0.302734375,-0.439453125
25327,1.0546875,1.11328125,-0.283203125,-0.390625
25328,1.19140625,1.19140625,-0.224609375,-0.419921875
25329,1.11328125,1.09375,-0.2734375,-0.44921875
25330,1.005859375,1.279296875,-0.1953125,-0.419921875
25331,1.328125,1.19140625,-0.25390625,-0.439453125
25332,1.19140625,1.064453125,-0.29296875,-0.361328125
25333,1.162109375,1.11328125,-0.390625,-0.5078125
25334,1.162109375,1.171875,-0.25390625,-0.390625
25335,1.07421875,1.11328125,-0.1953125,-0.498046875
25336,1.123046875,1.064453125,-0.380859375,-0.419921875
25337,1.025390625,1.162109375,-0.234375,-0.439453125
25338,1.123046875,1.044921875,-0.283203125,-0.341796875
25339,1.142578125,1.15234375,-0.15625,-0.3125
25340,1.26953125,1.240234375,-0.302734375,-0.458984375
25341,1.171875,0.99609375,-0.29296875,-0.4296875
25342,1.201171875,1.15234375,-0.33203125,-0.302734375
25343,1.1328125,1.201171875,-0.29296875,-0.48828125
25344,1.03515625,1.23046875,-0.25390625,-0.478515625
25345,1.07421875,1.19140625,-0.185546875,-0.3515625
25346,1.162109375,1.07421875,-0.341796875,-0.537109375
25347,1.15234375,1.171875,-0.283203125,-0.33203125
25348,1.23046875,1.142578125,-0.390625,-0.361328125
25349,1.19140625,1.25,-0.21484375,-0.439453125
25350,1.15234375,1.103515625,-0.1953125,-0.37109375
25351,1.181640625,1.19140625,-0.13671875,-0.37109375
25352,1.064453125,1.220703125,-0.3125,-0.3125
25353,1.142578125,1.0546875,-0.283203125,-0.4296875
25354,1.07421875,1.15234375,-0.25390625,-0.3125
25355,1.083984375,1.181640625,-0.234375,-0.4296875
25356,1.181640625,1.142578125,-0.224609375,-0.400390625
25357,1.162109375,1.103515625,-0.234375,-0.4296875
25358,1.142578125,1.005859375,-0.341796875,-0.33203125
25359,1.142578125,1.11328125,-0.205078125,-0.37109375
25360,1.15234375,1.162109375,-0.341796875,-0.341796875
25361,1.171875,1.083984375,-0.21484375,-0.498046875
25362,1.171875,1.11328125,-0.224609375,-0.41015625
25363,1.181640625,1.11328125,-0.234375,-0.4296875
25364,1.201171875,1.064453125,-0.3125,-0.44921875
25365,1.298828125,1.044921875,-0.1953125,-0.498046875
25366,1.201171875,1.103515625,-0.224609375,-0.419921875
25367,1.259765625,1.1328125,-0.3125,-0.439453125
25368,1.259765625,1.064453125,-0.263671875,-0.41015625
25369,1.07421875,1.103515625,-0.283203125,-0.400390625
25370,1.19140625,1.103515625,-0.234375,-0.361328125
25371,1.23046875,1.201171875,-0.283203125,-0.46875
25372,1.1328125,1.103515625,-0.29296875,-0.361328125
25373,1.201171875,1.09375,-0.3515625,-0.41015625
25374,1.123046875,1.083984375,-0.3125,-0.498046875
25375,1.171875,1.025390625,-0.1953125,-0.478515625
25376,1.181640625,1.162109375,-0.3515625,-0.419921875
25377,1.2109375,1.123046875,-0.2734375,-0.439453125
25378,1.123046875,1.142578125,-0.283203125,-0.390625
25379,1.162109375,1.083984375,-0.166015625,-0.3125
25380,1.240234375,1.142578125,-0.244140625,-0.37109375
25381,1.201171875,1.025390625,-0.244140625,-0.361328125
25382,1.142578125,1.162109375,-0.29296875,-0.25390625
25383,1.162109375,1.1328125,-0.29296875,-0.3125
25384,1.25,0.99609375,-0.15625,-0.29296875
25385,1.171875,1.123046875,-0.146484375,-0.33203125
25386,1.09375,1.11328125,-0.29296875,-0.341796875
25387,1.162109375,0.986328125,-0.302734375,-0.361328125
25388,1.201171875,1.03515625,-0.126953125,-0.3125
25389,1.15234375,1.19140625,-0.263671875,-0.46875
25390,1.259765625,1.142578125,-0.400390625,-0.380859375
25391,1.2109375,1.162109375,-0.263671875,-0.3515625
25392,1.123046875,1.11328125,-0.283203125,-0.341796875
25393,1.162109375,0.9375,-0.29296875,-0.361328125
25394,1.259765625,1.298828125,-0.21484375,-0.2734375
25395,1.181640625,1.11328125,-0.3125,-0.302734375
25396,1.07421875,1.09375,-0.302734375,-0.41015625
25397,1.15234375,0.9765625,-0.46875,-0.458984375
25398,1.162109375,1.03515625,-0.3125,-0.3125
25399,1.09375,1.103515625,-0.341796875,-0.3515625
25400,1.11328125,1.11328125,-0.400390625,-0.361328125
25401,1.181640625,1.07421875,-0.283203125,-0.4296875
25402,1.1328125,1.0546875,-0.263671875,-0.322265625
25403,1.103515625,1.15234375,-0.21484375,-0.41015625
25404,1.142578125,1.064453125,-0.21484375,-0.205078125
25405,1.23046875,1.044921875,-0.33203125,-0.29296875
25406,1.25,1.2109375,-0.322265625,-0.4296875
25407,1.103515625,1.103515625,-0.263671875,-0.361328125
25408,1.240234375,1.09375,-0.2734375,-0.400390625
25409,1.23046875,1.23046875,-0.322265625,-0.33203125
25410,1.2109375,1.064453125,-0.361328125,-0.390625
25411,1.298828125,1.142578125,-0.263671875,-0.380859375
25412,1.064453125,1.123046875,-0.21484375,-0.302734375
25413,1.201171875,1.103515625,-0.1953125,-0.1953125
25414,1.09375,1.11328125,-0.283203125,-0.322265625
25415,1.25,1.09375,-0.361328125,-0.380859375
25416,1.220703125,1.201171875,-0.4296875,-0.263671875
25417,1.220703125,1.1328125,-0.3515625,-0.380859375
25418,1.220703125,1.142578125,-0.419921875,-0.341796875
25419,1.2109375,1.162109375,-0.419921875,-0.390625
25420,1.23046875,1.171875,-0.25390625,-0.380859375
25421,1.220703125,0.9765625,-0.302734375,-0.390625
25422,1.240234375,1.044921875,-0.33203125,-0.390625
25423,1.25,1.09375,-0.322265625,-0.341796875
25424,1.259765625,1.123046875,-0.37109375,-0.37109375
25425,1.318359375,1.07421875,-0.263671875,-0.498046875
25426,1.279296875,1.142578125,-0.283203125,-0.33203125
25427,1.240234375,1.171875,-0.400390625,-0.400390625
25428,1.337890625,1.064453125,-0.185546875,-0.439453125
25429,1.23046875,1.11328125,-0.263671875,-0.380859375
25430,1.25,1.09375,-0.244140625,-0.37109375
25431,1.279296875,1.064453125,-0.322265625,-0.322265625
25432,1.25,1.123046875,-0.283203125,-0.400390625
25433,1.25,1.11328125,-0.205078125,-0.3125
25434,1.259765625,1.11328125,-0.166015625,-0.458984375
25435,1.2890625,1.123046875,-0.263671875,-0.3515625
25436,1.259765625,1.07421875,-0.234375,-0.224609375
25437,1.220703125,1.19140625,-0.283203125,-0.556640625
25438,1.083984375,1.123046875,-0.244140625,-0.380859375
25439,1.318359375,0.9375,-0.263671875,-0.29296875
25440,1.26953125,1.142578125,-0.2734375,-0.2734375
25441,1.30859375,0.99609375,-0.224609375,-0.390625
25442,1.328125,1.240234375,-0.25390625,-0.3515625
25443,1.201171875,1.181640625,-0.17578125,-0.380859375
25444,1.259765625,1.1328125,-0.244140625,-0.29296875
25445,1.298828125,1.15234375,-0.224609375,-0.361328125
25446,1.26953125,1.07421875,-0.2734375,-0.29296875
25447,1.23046875,1.162109375,-0.283203125,-0.390625
25448,1.2890625,1.259765625,-0.380859375,-0.3125
25449,1.19140625,1.09375,-0.29296875,-0.25390625
25450,1.220703125,1.09375,-0.1953125,-0.322265625
25451,1.376953125,1.09375,-0.244140625,-0.3125
25452,1.279296875,1.103515625,-0.2734375,-0.33203125
25453,1.201171875,1.044921875,-0.263671875,-0.302734375
25454,1.220703125,1.19140625,-0.302734375,-0.380859375
25455,1.220703125,1.142578125,-0.185546875,-0.4296875
25456,1.2109375,1.123046875,-0.2734375,-0.44921875
25457,1.181640625,1.044921875,-0.302734375,-0.390625
25458,1.240234375,1.337890625,-0.224609375,-0.361328125
25459,1.328125,1.123046875,-0.302734375,-0.5078125
25460,1.171875,1.26953125,-0.205078125,-0.380859375
25461,1.2109375,1.0546875,-0.234375,-0.380859375
25462,1.171875,1.171875,-0.29296875,-0.458984375
25463,1.3671875,1.123046875,-0.4296875,-0.33203125
25464,1.1328125,0.99609375,-0.17578125,-0.302734375
25465,1.201171875,1.171875,-0.283203125,-0.2734375
25466,1.181640625,1.171875,-0.17578125,-0.25390625
25467,1.103515625,1.103515625,-0.1171875,-0.25390625
25468,1.15234375,1.083984375,-0.3515625,-0.2734375
25469,1.279296875,1.1328125,-0.205078125,-0.302734375
25470,1.279296875,1.064453125,-0.224609375,-0.29296875
25471,1.2109375,1.103515625,-0.283203125,-0.33203125
25472,1.279296875,1.11328125,-0.29296875,-0.390625
25473,1.240234375,0.888671875,-0.21484375,-0.263671875
25474,1.142578125,1.09375,-0.283203125,-0.283203125
25475,1.220703125,1.123046875,-0.224609375,-0.380859375
25476,1.181640625,1.064453125,-0.15625,-0.263671875
25477,1.19140625,1.142578125,-0.1953125,-0.29296875
25478,1.15234375,1.064453125,-0.341796875,-0.341796875
25479,1.2109375,1.26953125,-0.2734375,-0.322265625
25480,1.220703125,1.07421875,-0.244140625,-0.478515625
25481,1.220703125,1.064453125,-0.400390625,-0.322265625
25482,1.162109375,0.947265625,-0.302734375,-0.3125
25483,1.2109375,1.103515625,-0.25390625,-0.361328125
25484,1.181640625,1.044921875,-0.341796875,-0.44921875
25485,1.171875,1.1328125,-0.302734375,-0.3515625
25486,1.123046875,1.103515625,-0.263671875,-0.5078125
25487,1.181640625,1.044921875,-0.33203125,-0.302734375
25488,1.240234375,1.005859375,-0.3515625,-0.3125
25489,1.171875,1.07421875,-0.322265625,-0.3125
25490,1.201171875,1.044921875,-0.283203125,-0.29296875
25491,1.044921875,1.025390625,-0.302734375,-0.2734375
25492,1.162109375,0.9375,-0.37109375,-0.33203125
25493,1.1328125,1.103515625,-0.234375,-0.263671875
25494,1.09375,1.03515625,-0.2734375,-0.263671875
25495,1.23046875,0.966796875,-0.224609375,-0.37109375
25496,1.171875,1.044921875,-0.205078125,-0.380859375
25497,1.201171875,1.1328125,-0.2734375,-0.244140625
25498,1.07421875,1.083984375,-0.29296875,-0.341796875
25499,1.171875,1.07421875,-0.21484375,-0.37109375
25500,1.23046875,1.240234375,-0.15625,-0.29296875
25501,1.2109375,0.859375,-0.185546875,-0.13671875
25502,1.1328125,1.07421875,-0.263671875,-0.380859375
25503,1.298828125,1.083984375,-0.126953125,-0.302734375
25504,1.23046875,1.025390625,-0.146484375,-0.341796875
25505,1.240234375,1.07421875,-0.1953125,-0.25390625
25506,1.201171875,0.830078125,-0.2734375,-0.283203125
25507,1.07421875,0.986328125,-0.17578125,-0.263671875
25508,1.220703125,1.0546875,-0.25390625,-0.224609375
25509,1.240234375,1.171875,-0.37109375,-0.263671875
25510,1.220703125,0.986328125,-0.400390625,-0.29296875
25511,1.318359375,1.064453125,-0.3125,-0.244140625
25512,1.23046875,1.083984375,-0.29296875,-0.283203125
25513,1.23046875,0.888671875,-0.234375,-0.166015625
25514,1.259765625,1.044921875,-0.224609375,-0.322265625
25515,1.19140625,1.09375,-0.341796875,-0.2734375
25516,1.259765625,0.986328125,-0.419921875,-0.322265625
25517,1.1328125,1.11328125,-0.341796875,-0.1171875
25518,1.2109375,0.99609375,-0.390625,-0.3125
25519,1.171875,1.171875,-0.419921875,-0.322265625
25520,1.201171875,1.0546875,-0.3515625,-0.21484375
25521,1.2890625,1.103515625,-0.1953125,-0.244140625
25522,1.26953125,1.064453125,-0.2734375,-0.283203125
25523,1.220703125,1.083984375,-0.3515625,-0.419921875
25524,1.201171875,1.103515625,-0.302734375,-0.2734375
25525,1.15234375,1.11328125,-0.29296875,-0.3515625
25526,1.103515625,1.123046875,-0.3125,-0.25390625
25527,1.23046875,1.162109375,-0.302734375,-0.224609375
25528,1.123046875,1.1328125,-0.322265625,-0.205078125
25529,1.23046875,1.103515625,-0.283203125,-0.283203125
25530,1.240234375,1.005859375,-0.25390625,-0.205078125
25531,1.171875,1.25,-0.322265625,-0.244140625
25532,1.2109375,1.103515625,-0.302734375,-0.322265625
25533,1.201171875,1.064453125,-0.33203125,-0.25390625
25534,1.23046875,1.09375,-0.244140625,-0.1953125
25535,1.2109375,1.083984375,-0.361328125,-0.3125
25536,1.11328125,1.11328125,-0.361328125,-0.244140625
25537,1.240234375,1.0546875,-0.1171875,-0.400390625
25538,1.26953125,0.986328125,-0.37109375,-0.185546875
25539,1.2109375,1.064453125,-0.390625,-0.234375
25540,1.279296875,1.103515625,-0.283203125,-0.244140625
25541,1.142578125,1.0546875,-0.4296875,-0.185546875
25542,1.171875,1.09375,-0.361328125,-0.205078125
25543,1.279296875,1.07421875,-0.419921875,-0.29296875
25544,1.19140625,1.103515625,-0.37109375,-0.185546875
25545,1.15234375,1.0546875,-0.283203125,-0.17578125
25546,1.2109375,1.015625,-0.3125,-0.3125
25547,1.259765625,1.09375,-0.37109375,-0.341796875
25548,1.201171875,1.07421875,-0.322265625,-0.224609375
25549,1.181640625,1.064453125,-0.29296875,-0.1953125
25550,1.23046875,1.025390625,-0.3125,-0.17578125
25551,1.279296875,1.103515625,-0.322265625,-0.185546875
25552,1.30859375,1.09375,-0.478515625,-0.205078125
25553,1.181640625,1.201171875,-0.341796875,-0.2734375
25554,1.123046875,1.11328125,-0.33203125,-0.146484375
25555,1.201171875,1.201171875,-0.341796875,-0.25390625
25556,1.162109375,0.95703125,-0.302734375,-0.322265625
25557,1.09375,1.083984375,-0.33203125,-0.146484375
25558,1.1328125,1.103515625,-0.283203125,-0.2734375
25559,1.162109375,1.03515625,-0.498046875,-0.37109375
25560,1.279296875,1.123046875,-0.341796875,-0.234375
25561,1.181640625,1.0546875,-0.41015625,-0.21484375
25562,1.142578125,1.044921875,-0.29296875,-0.302734375
25563,1.181640625,1.142578125,-0.3515625,-0.458984375
25564,1.162109375,1.044921875,-0.380859375,-0.283203125
25565,1.34765625,1.171875,-0.3125,-0.15625
25566,1.30859375,1.142578125,-0.2734375,-0.361328125
25567,1.07421875,1.2109375,-0.302734375,-0.2734375
25568,1.1328125,1.123046875,-0.37109375,-0.283203125
25569,1.064453125,1.07421875,-0.283203125,-0.3125
25570,1.123046875,1.201171875,-0.41015625,-0.283203125
25571,1.162109375,0.908203125,-0.244140625,-0.2734375
25572,1.0546875,1.11328125,-0.29296875,-0.361328125
25573,1.162109375,1.2109375,-0.2734375,-0.2734375
25574,1.0546875,1.11328125,-0.322265625,-0.234375
25575,1.171875,1.15234375,-0.2734375,-0.087890625
25576,1.142578125,1.162109375,-0.341796875,-0.283203125
25577,1.162109375,1.083984375,-0.126953125,-0.283203125
25578,1.123046875,1.07421875,-0.29296875,-0.17578125
25579,1.15234375,1.15234375,-0.21484375,-0.302734375
25580,1.23046875,1.11328125,-0.1953125,-0.283203125
25581,1.259765625,1.005859375,-0.205078125,-0.3515625
25582,0.9765625,1.0546875,-0.21484375,-0.3125
25583,1.171875,1.025390625,-0.25390625,-0.341796875
25584,1.240234375,1.1328125,-0.234375,-0.185546875
25585,1.25,1.1328125,-0.205078125,-0.3125
25586,1.11328125,1.09375,-0.2734375,-0.322265625
25587,1.2109375,1.015625,-0.21484375,-0.1953125
25588,1.142578125,1.07421875,-0.29296875,-0.3125
25589,1.162109375,1.11328125,-0.21484375,-0.33203125
25590,1.220703125,1.11328125,-0.29296875,-0.244140625
25591,1.123046875,1.171875,-0.244140625,-0.361328125
25592,1.19140625,1.2109375,-0.25390625,-0.234375
25593,1.23046875,1.142578125,-0.380859375,-0.458984375
25594,1.162109375,1.171875,-0.3515625,-0.263671875
25595,1.318359375,1.19140625,-0.283203125,-0.2734375
25596,1.26953125,1.220703125,-0.46875,-0.283203125
25597,1.2109375,1.15234375,-0.263671875,-0.2734375
25598,1.181640625,1.015625,-0.419921875,-0.244140625
25599,1.279296875,1.064453125,-0.263671875,-0.283203125
25600,1.171875,1.19140625,-0.322265625,-0.2734375
25601,1.328125,1.15234375,-0.25390625,-0.29296875
25602,1.26953125,1.11328125,-0.3125,-0.1953125
25603,1.23046875,1.064453125,-0.283203125,-0.2734375
25604,1.23046875,1.142578125,-0.46875,-0.2734375
25605,1.23046875,1.103515625,-0.234375,-0.400390625
25606,1.19140625,1.0546875,-0.283203125,-0.244140625
25607,1.19140625,1.318359375,-0.263671875,-0.283203125
25608,1.279296875,1.123046875,-0.322265625,-0.37109375
25609,1.220703125,1.123046875,-0.302734375,-0.2734375
25610,1.162109375,0.966796875,-0.322265625,-0.3515625
25611,1.201171875,1.103515625,-0.33203125,-0.390625
25612,1.15234375,1.142578125,-0.234375,-0.3515625
25613,1.25,1.09375,-0.224609375,-0.2734375
25614,1.162109375,1.259765625,-0.29296875,-0.283203125
25615,1.259765625,1.123046875,-0.322265625,-0.2734375
25616,1.171875,1.11328125,-0.302734375,-0.29296875
25617,1.142578125,1.15234375,-0.234375,-0.21484375
25618,1.220703125,1.083984375,-0.29296875,-0.224609375
25619,1.083984375,1.298828125,-0.234375,-0.244140625
25620,1.220703125,1.1328125,-0.3125,-0.29296875
25621,1.15234375,1.181640625,-0.361328125,-0.439453125
25622,1.15234375,1.142578125,-0.33203125,-0.33203125
25623,1.162109375,1.2109375,-0.1953125,-0.400390625
25624,1.25,1.15234375,-0.244140625,-0.17578125
25625,1.23046875,1.1328125,-0.322265625,-0.3125
25626,1.30859375,1.142578125,-0.3125,-0.244140625
25627,1.2890625,1.19140625,-0.322265625,-0.390625
25628,1.2109375,1.064453125,-0.263671875,-0.33203125
25629,1.240234375,1.15234375,-0.185546875,-0.302734375
25630,1.376953125,1.142578125,-0.283203125,-0.3515625
25631,1.2109375,1.083984375,-0.29296875,-0.283203125
25632,1.259765625,1.025390625,-0.478515625,-0.361328125
25633,1.11328125,1.09375,-0.244140625,-0.068359375
25634,1.40625,1.0546875,-0.234375,-0.3125
25635,1.318359375,1.162109375,-0.33203125,-0.25390625
25636,1.240234375,1.03515625,-0.361328125,-0.263671875
25637,1.2890625,1.0546875,-0.234375,-0.283203125
25638,1.279296875,1.09375,-0.439453125,-0.3515625
25639,1.240234375,1.11328125,-0.283203125,-0.5078125
25640,1.220703125,1.1328125,-0.3125,-0.361328125
25641,1.34765625,1.11328125,-0.25390625,-0.341796875
25642,1.2890625,1.083984375,-0.263671875,-0.37109375
25643,1.123046875,1.083984375,-0.3515625,-0.361328125
25644,1.15234375,1.201171875,-0.234375,-0.33203125
25645,1.337890625,1.09375,-0.3125,-0.380859375
25646,1.23046875,1.103515625,-0.302734375,-0.341796875
25647,1.23046875,1.07421875,-0.21484375,-0.322265625
25648,1.220703125,1.1328125,-0.29296875,-0.205078125
25649,1.181640625,1.162109375,-0.3125,-0.341796875
25650,1.220703125,1.083984375,-0.25390625,-0.37109375
25651,1.1328125,1.142578125,-0.302734375,-0.244140625
25652,1.201171875,1.1328125,-0.244140625,-0.29296875
25653,1.2109375,1.11328125,-0.46875,-0.3125
25654,1.19140625,1.142578125,-0.302734375,-0.498046875
25655,1.025390625,1.142578125,-0.322265625,-0.283203125
25656,1.201171875,1.142578125,-0.419921875,-0.263671875
25657,1.25,1.064453125,-0.263671875,-0.419921875
25658,1.201171875,1.1328125,-0.3515625,-0.361328125
25659,1.15234375,1.484375,-0.341796875,-0.322265625
25660,1.1328125,1.2109375,-0.302734375,-0.3515625
25661,1.1328125,1.19140625,-0.322265625,-0.2734375
25662,1.162109375,1.142578125,-0.263671875,-0.2734375
25663,1.123046875,1.201171875,-0.263671875,-0.302734375
25664,1.259765625,1.201171875,-0.302734375,-0.361328125
25665,1.2109375,1.162109375,-0.3125,-0.29296875
25666,1.181640625,1.162109375,-0.33203125,-0.17578125
25667,1.3671875,1.220703125,-0.224609375,-0.3125
25668,1.15234375,1.2890625,-0.37109375,-0.3125
25669,1.142578125,1.171875,-0.263671875,-0.390625
25670,1.064453125,1.19140625,-0.3515625,-0.29296875
25671,1.171875,1.19140625,-0.234375,-0.33203125
25672,1.2109375,1.03515625,-0.25390625,-0.419921875
25673,1.103515625,1.2109375,-0.3125,-0.341796875
25674,1.15234375,1.279296875,-0.361328125,-0.380859375
25675,1.1328125,1.240234375,-0.3125,-0.41015625
25676,1.123046875,1.26953125,-0.244140625,-0.4296875
25677,1.15234375,1.220703125,-0.15625,-0.3515625
25678,1.11328125,1.34765625,-0.087890625,-0.205078125
25679,1.1328125,1.201171875,-0.234375,-0.400390625
25680,1.142578125,1.162109375,-0.2734375,-0.3515625
25681,1.15234375,1.09375,-0.185546875,-0.361328125
25682,1.220703125,1.181640625,-0.361328125,-0.419921875
25683,1.181640625,1.181640625,-0.107421875,-0.400390625
25684,1.19140625,1.279296875,-0.17578125,-0.44921875
25685,1.07421875,1.26953125,-0.185546875,-0.556640625
25686,1.162109375,1.34765625,-0.33203125,-0.439453125
25687,1.07421875,1.162109375,-0.1953125,-0.458984375
25688,1.11328125,1.220703125,-0.25390625,-0.48828125
25689,1.11328125,1.2109375,-0.2734375,-0.390625
25690,1.201171875,1.123046875,-0.3125,-0.4296875
25691,1.171875,1.23046875,-0.2734375,-0.21484375
25692,1.123046875,1.328125,-0.2734375,-0.419921875
25693,1.259765625,1.23046875,-0.2734375,-0.3515625
25694,1.1328125,1.23046875,-0.29296875,-0.283203125
25695,1.2890625,1.171875,-0.361328125,-0.46875
25696,1.162109375,1.220703125,-0.33203125,-0.29296875
25697,1.19140625,1.298828125,-0.33203125,-0.341796875
25698,1.34765625,1.23046875,-0.205078125,-0.361328125
25699,1.19140625,1.220703125,-0.33203125,-0.341796875
25700,1.162109375,1.259765625,-0.205078125,-0.546875
25701,1.2109375,1.15234375,-0.126953125,-0.341796875
25702,1.142578125,1.23046875,-0.25390625,-0.322265625
25703,1.25,1.2890625,-0.263671875,-0.595703125
25704,1.318359375,1.19140625,-0.302734375,-0.390625
25705,1.181640625,1.26953125,-0.322265625,-0.33203125
25706,1.162109375,1.26953125,-0.3515625,-0.400390625
25707,1.181640625,1.23046875,-0.37109375,-0.341796875
25708,1.19140625,1.25,-0.322265625,-0.33203125
25709,1.162109375,1.259765625,-0.33203125,-0.380859375
25710,1.201171875,1.298828125,-0.41015625,-0.361328125
25711,1.220703125,1.201171875,-0.322265625,-0.390625
25712,1.162109375,1.2890625,-0.361328125,-0.478515625
25713,1.19140625,1.19140625,-0.244140625,-0.380859375
25714,1.201171875,1.240234375,-0.244140625,-0.4296875
25715,1.123046875,1.201171875,-0.29296875,-0.380859375
25716,1.15234375,1.23046875,-0.33203125,-0.46875
25717,1.142578125,1.2109375,-0.322265625,-0.322265625
25718,1.142578125,1.2109375,-0.283203125,-0.390625
25719,1.083984375,1.23046875,-0.25390625,-0.3515625
25720,1.162109375,1.201171875,-0.205078125,-0.361328125
25721,1.15234375,1.23046875,-0.263671875,-0.400390625
25722,1.142578125,1.162109375,-0.2734375,-0.37109375
25723,1.1328125,1.19140625,-0.29296875,-0.380859375
25724,1.15234375,1.171875,-0.21484375,-0.224609375
25725,1.07421875,1.19140625,-0.283203125,-0.361328125
25726,1.142578125,1.279296875,-0.224609375,-0.33203125
25727,1.23046875,1.171875,-0.234375,-0.46875
25728,1.171875,1.259765625,-0.322265625,-0.41015625
25729,1.142578125,1.171875,-0.126953125,-0.390625
25730,1.1328125,1.15234375,-0.3515625,-0.56640625
25731,1.171875,1.181640625,-0.29296875,-0.400390625
25732,1.103515625,1.259765625,-0.21484375,-0.439453125
25733,1.123046875,1.259765625,-0.29296875,-0.458984375
25734,1.025390625,1.201171875,-0.3125,-0.361328125
25735,1.09375,1.171875,-0.302734375,-0.46875
25736,1.201171875,1.201171875,-0.283203125,-0.400390625
25737,1.162109375,1.171875,-0.224609375,-0.41015625
25738,1.220703125,1.03515625,-0.107421875,-0.400390625
25739,1.220703125,1.220703125,-0.29296875,-0.4296875
25740,1.25,1.1328125,-0.3515625,-0.48828125
25741,1.30859375,1.201171875,-0.361328125,-0.439453125
25742,1.11328125,1.220703125,-0.322265625,-0.419921875
25743,1.220703125,1.181640625,-0.3125,-0.41015625
25744,1.259765625,1.083984375,-0.244140625,-0.380859375
25745,1.2109375,1.298828125,-0.185546875,-0.52734375
25746,1.064453125,1.181640625,-0.283203125,-0.48828125
25747,1.376953125,1.0546875,-0.244140625,-0.41015625
25748,1.142578125,1.15234375,-0.126953125,-0.546875
25749,1.23046875,1.15234375,-0.15625,-0.33203125
25750,1.0546875,1.044921875,-0.2734375,-0.380859375
25751,1.2109375,1.0546875,-0.126953125,-0.380859375
25752,1.298828125,1.15234375,-0.185546875,-0.361328125
25753,1.162109375,1.15234375,-0.2734375,-0.439453125
25754,1.279296875,1.15234375,-0.166015625,-0.458984375
25755,1.19140625,1.11328125,-0.205078125,-0.37109375
25756,1.15234375,1.11328125,-0.15625,-0.41015625
25757,1.171875,1.171875,-0.322265625,-0.390625
25758,1.103515625,1.181640625,-0.1953125,-0.478515625
25759,1.19140625,1.162109375,-0.302734375,-0.478515625
25760,1.2109375,1.34765625,-0.25390625,-0.380859375
25761,1.181640625,1.19140625,-0.2734375,-0.37109375
25762,1.25,1.19140625,-0.224609375,-0.41015625
25763,1.201171875,1.2109375,-0.283203125,-0.37109375
25764,1.07421875,1.171875,-0.283203125,-0.439453125
25765,1.376953125,1.2109375,-0.302734375,-0.458984375
25766,1.220703125,1.15234375,-0.1953125,-0.48828125
25767,0.99609375,1.201171875,-0.3515625,-0.44921875
25768,1.09375,1.201171875,-0.302734375,-0.361328125
25769,1.1328125,1.19140625,-0.283203125,-0.517578125
25770,1.09375,1.19140625,-0.302734375,-0.44921875
25771,1.1328125,1.171875,-0.3125,-0.478515625
25772,1.162109375,1.201171875,-0.185546875,-0.37109375
25773,1.15234375,1.162109375,-0.302734375,-0.380859375
25774,1.38671875,1.15234375,-0.21484375,-0.46875
25775,1.09375,1.09375,-0.15625,-0.341796875
25776,1.19140625,1.181640625,-0.166015625,-0.478515625
25777,1.083984375,1.171875,-0.244140625,-0.341796875
25778,1.162109375,1.25,0.009765625,-0.361328125
25779,1.083984375,1.123046875,-0.2734375,-0.44921875
25780,1.181640625,1.142578125,-0.234375,-0.3515625
25781,1.1328125,1.1328125,-0.1953125,-0.361328125
25782,1.19140625,1.26953125,-0.244140625,-0.3515625
25783,1.171875,1.123046875,-0.185546875,-0.419921875
25784,1.103515625,1.181640625,-0.2734375,-0.4296875
25785,1.23046875,1.07421875,-0.2734375,-0.517578125
25786,1.1328125,1.103515625,-0.234375,-0.419921875
25787,1.103515625,1.279296875,-0.400390625,-0.361328125
25788,1.162109375,1.064453125,-0.2734375,-0.419921875
25789,1.142578125,1.1328125,-0.2734375,-0.390625
25790,1.142578125,1.15234375,-0.2734375,-0.4296875
25791,1.103515625,0.947265625,-0.25390625,-0.400390625
25792,1.171875,1.123046875,-0.302734375,-0.390625
25793,1.19140625,1.240234375,-0.419921875,-0.3515625
25794,1.171875,1.171875,-0.29296875,-0.263671875
25795,1.240234375,1.123046875,-0.224609375,-0.3125
25796,1.2109375,1.025390625,-0.185546875,-0.400390625
25797,1.171875,1.09375,-0.3125,-0.3515625
25798,1.162109375,1.123046875,-0.3515625,-0.400390625
25799,1.25,1.015625,-0.33203125,-0.458984375
25800,1.201171875,1.064453125,-0.234375,-0.546875
25801,1.171875,1.171875,-0.2734375,-0.41015625
25802,1.103515625,1.1328125,-0.17578125,-0.400390625
25803,1.19140625,1.25,-0.458984375,-0.33203125
25804,1.220703125,1.064453125,-0.2734375,-0.380859375
25805,1.19140625,0.888671875,-0.234375,-0.361328125
25806,1.2109375,1.09375,-0.361328125,-0.380859375
25807,1.1328125,1.142578125,-0.302734375,-0.37109375
25808,1.240234375,1.103515625,-0.33203125,-0.46875
25809,1.201171875,1.03515625,-0.25390625,-0.2734375
25810,1.11328125,1.11328125,-0.21484375,-0.46875
25811,1.123046875,1.181640625,-0.322265625,-0.302734375
25812,1.15234375,1.19140625,-0.166015625,-0.380859375
25813,1.19140625,1.15234375,-0.21484375,-0.341796875
25814,1.181640625,1.15234375,-0.21484375,-0.37109375
25815,1.259765625,1.15234375,-0.380859375,-0.41015625
25816,1.220703125,1.103515625,-0.29296875,-0.33203125
25817,1.259765625,1.103515625,-0.244140625,-0.341796875
25818,1.26953125,1.181640625,-0.33203125,-0.44921875
25819,1.259765625,1.2890625,-0.283203125,-0.48828125
25820,1.162109375,1.2109375,-0.33203125,-0.3125
25821,1.25,1.162109375,-0.234375,-0.302734375
25822,1.162109375,1.220703125,-0.234375,-0.361328125
25823,1.2109375,1.181640625,-0.283203125,-0.380859375
25824,1.171875,1.09375,-0.29296875,-0.302734375
25825,1.201171875,1.25,-0.283203125,-0.361328125
25826,1.181640625,1.181640625,-0.29296875,-0.41015625
25827,1.1328125,1.123046875,-0.29296875,-0.41015625
25828,1.201171875,1.09375,-0.244140625,-0.361328125
25829,1.201171875,1.162109375,-0.29296875,-0.3125
25830,1.201171875,1.09375,-0.341796875,-0.361328125
25831,1.15234375,1.025390625,-0.37109375,-0.478515625
25832,1.298828125,1.103515625,-0.322265625,-0.380859375
25833,1.318359375,1.123046875,-0.48828125,-0.380859375
25834,1.2109375,1.103515625,-0.33203125,-0.400390625
25835,1.083984375,1.11328125,-0.341796875,-0.3125
25836,1.19140625,1.142578125,-0.37109375,-0.3515625
25837,1.19140625,1.103515625,-0.361328125,-0.537109375
25838,1.201171875,1.123046875,-0.29296875,-0.283203125
25839,1.2109375,1.1328125,-0.361328125,-0.341796875
25840,1.2109375,1.07421875,-0.33203125,-0.41015625
25841,1.15234375,1.0546875,-0.3125,-0.33203125
25842,1.328125,1.083984375,-0.244140625,-0.380859375
25843,1.171875,0.99609375,-0.244140625,-0.439453125
25844,1.298828125,1.123046875,-0.25390625,-0.3515625
25845,1.103515625,1.083984375,-0.263671875,-0.3515625
25846,1.19140625,1.15234375,-0.33203125,-0.244140625
25847,1.162109375,1.1328125,-0.33203125,-0.3515625
25848,1.40625,1.15234375,-0.166015625,-0.361328125
25849,1.30859375,1.07421875,-0.205078125,-0.2734375
25850,1.240234375,1.123046875,-0.283203125,-0.400390625
25851,1.2109375,1.142578125,-0.224609375,-0.3515625
25852,1.25,1.162109375,-0.322265625,-0.341796875
25853,1.2109375,1.15234375,-0.224609375,-0.3515625
25854,1.201171875,1.103515625,-0.41015625,-0.361328125
25855,1.2890625,1.19140625,-0.263671875,-0.3125
25856,1.259765625,1.25,-0.3125,-0.341796875
25857,1.337890625,1.19140625,-0.283203125,-0.341796875
25858,1.328125,1.23046875,-0.37109375,-0.302734375
25859,1.25,1.201171875,-0.33203125,-0.48828125
25860,1.40625,1.2109375,-0.302734375,-0.390625
25861,1.26953125,1.103515625,-0.283203125,-0.361328125
25862,1.279296875,1.181640625,-0.341796875,-0.419921875
25863,1.2890625,1.064453125,-0.302734375,-0.3515625
25864,1.2890625,1.064453125,-0.3125,-0.390625
25865,1.240234375,1.220703125,-0.322265625,-0.341796875
25866,1.162109375,1.142578125,-0.29296875,-0.3515625
25867,1.220703125,1.181640625,-0.33203125,-0.33203125
25868,1.103515625,1.171875,-0.224609375,-0.44921875
25869,1.240234375,1.07421875,-0.322265625,-0.302734375
25870,1.2890625,1.11328125,-0.244140625,-0.439453125
25871,1.279296875,1.181640625,-0.1171875,-0.322265625
25872,1.376953125,1.083984375,-0.1171875,-0.341796875
25873,1.19140625,1.19140625,-0.205078125,-0.3515625
25874,1.337890625,1.171875,-0.205078125,-0.48828125
25875,1.46484375,1.240234375,-0.1953125,-0.37109375
25876,1.2890625,1.123046875,-0.263671875,-0.3515625
25877,1.162109375,1.181640625,-0.380859375,-0.33203125
25878,1.3671875,1.1328125,-0.283203125,-0.3515625
25879,1.201171875,1.123046875,-0.234375,-0.3125
25880,1.34765625,1.11328125,-0.1171875,-0.29296875
25881,1.30859375,1.162109375,-0.09765625,-0.478515625
25882,1.220703125,1.2109375,-0.21484375,-0.380859375
25883,1.328125,1.0546875,-0.234375,-0.4296875
25884,1.259765625,1.09375,-0.263671875,-0.37109375
25885,1.201171875,1.142578125,-0.09765625,-0.44921875
25886,1.15234375,1.15234375,-0.224609375,-0.41015625
25887,1.259765625,1.181640625,-0.17578125,-0.380859375
25888,1.201171875,1.0546875,-0.3125,-0.458984375
25889,1.240234375,1.15234375,-0.244140625,-0.400390625
25890,1.19140625,1.103515625,-0.29296875,-0.419921875
25891,1.259765625,1.015625,-0.205078125,-0.46875
25892,1.259765625,1.103515625,-0.126953125,-0.44921875
25893,1.1328125,1.15234375,-0.224609375,-0.44921875
25894,1.279296875,1.162109375,-0.2734375,-0.41015625
25895,1.162109375,1.07421875,-0.1953125,-0.2734375
25896,1.201171875,1.03515625,-0.322265625,-0.322265625
25897,1.25,1.25,-0.13671875,-0.302734375
25898,1.259765625,1.1328125,-0.2734375,-0.458984375
25899,1.201171875,1.1328125,-0.3515625,-0.224609375
25900,1.3671875,1.064453125,-0.244140625,-0.33203125
25901,1.220703125,1.103515625,-0.17578125,-0.3125
25902,1.201171875,1.083984375,-0.33203125,-0.29296875
25903,1.201171875,1.103515625,-0.244140625,-0.322265625
25904,1.220703125,1.171875,-0.185546875,-0.29296875
25905,1.123046875,1.07421875,-0.21484375,-0.341796875
25906,1.142578125,0.888671875,-0.21484375,-0.3125
25907,1.123046875,1.07421875,-0.2734375,-0.361328125
25908,1.162109375,1.11328125,-0.21484375,-0.390625
25909,1.103515625,1.162109375,-0.244140625,-0.322265625
25910,1.2109375,1.220703125,-0.205078125,-0.361328125
25911,1.23046875,1.083984375,-0.205078125,-0.341796875
25912,1.103515625,1.005859375,-0.1953125,-0.3515625
25913,1.2109375,1.005859375,-0.2734375,-0.400390625
25914,1.298828125,1.083984375,-0.25390625,-0.263671875
25915,1.26953125,1.220703125,-0.17578125,-0.33203125
25916,1.181640625,0.91796875,-0.205078125,-0.263671875
25917,1.220703125,1.005859375,-0.234375,-0.2734375
25918,1.181640625,0.986328125,-0.3125,-0.322265625
25919,1.162109375,1.123046875,0.048828125,-0.390625
25920,1.103515625,1.083984375,-0.205078125,-0.322265625
25921,1.162109375,1.07421875,-0.361328125,-0.3125
25922,1.162109375,1.03515625,-0.205078125,-0.3125
25923,1.220703125,1.083984375,-0.234375,-0.400390625
25924,1.279296875,1.15234375,-0.078125,-0.33203125
25925,1.30859375,1.083984375,-0.107421875,-0.439453125
25926,1.19140625,1.044921875,-0.234375,-0.361328125
25927,1.07421875,1.064453125,-0.3125,-0.302734375
25928,1.220703125,1.025390625,-0.244140625,-0.41015625
25929,1.15234375,1.03515625,-0.29296875,-0.185546875
25930,1.0546875,1.025390625,-0.341796875,-0.3515625
25931,1.240234375,1.15234375,-0.166015625,-0.25390625
25932,1.064453125,1.103515625,-0.2734375,-0.361328125
25933,1.23046875,0.966796875,-0.2734375,-0.283203125
25934,1.240234375,1.09375,-0.419921875,-0.3125
25935,1.11328125,1.09375,-0.2734375,-0.205078125
25936,1.181640625,1.15234375,-0.15625,-0.29296875
25937,1.30859375,1.005859375,-0.283203125,-0.29296875
25938,1.19140625,1.083984375,-0.25390625,-0.185546875
25939,1.23046875,1.0546875,-0.2734375,-0.205078125
25940,1.15234375,1.03515625,-0.283203125,-0.33203125
25941,1.26953125,1.064453125,-0.2734375,-0.263671875
25942,1.171875,1.07421875,-0.263671875,-0.224609375
25943,1.171875,1.0546875,-0.205078125,-0.361328125
25944,1.23046875,1.11328125,-0.2734375,-0.537109375
25945,1.2109375,1.03515625,-0.3125,-0.283203125
25946,1.123046875,1.044921875,-0.400390625,-0.244140625
25947,1.142578125,1.03515625,-0.33203125,-0.17578125
25948,1.357421875,1.0546875,-0.341796875,-0.205078125
25949,1.15234375,1.083984375,-0.25390625,-0.302734375
25950,1.1328125,1.07421875,-0.361328125,-0.33203125
25951,1.201171875,1.142578125,-0.2734375,-0.17578125
25952,1.201171875,1.25,-0.25390625,-0.185546875
25953,1.171875,1.103515625,-0.29296875,-0.205078125
25954,1.2890625,1.083984375,-0.29296875,-0.166015625
25955,1.181640625,1.11328125,-0.205078125,-0.263671875
25956,1.15234375,1.083984375,-0.283203125,-0.2734375
25957,1.25,1.03515625,-0.244140625,-0.1953125
25958,1.2109375,0.99609375,-0.21484375,-0.21484375
25959,1.201171875,1.083984375,-0.234375,-0.029296875
25960,1.2890625,1.07421875,-0.41015625,-0.25390625
25961,1.279296875,1.123046875,-0.400390625,-0.283203125
25962,1.19140625,1.044921875,-0.390625,-0.234375
25963,1.220703125,1.103515625,-0.341796875,-0.25390625
25964,1.19140625,1.1328125,-0.2734375,-0.29296875
25965,1.23046875,1.103515625,-0.341796875,-0.3125
25966,1.2109375,1.025390625,-0.263671875,-0.234375
25967,1.337890625,1.259765625,-0.29296875,-0.29296875
25968,1.181640625,1.07421875,-0.25390625,-0.380859375
25969,1.220703125,1.11328125,-0.3515625,-0.3125
25970,1.19140625,1.1328125,-0.33203125,-0.361328125
25971,1.328125,1.07421875,-0.341796875,-0.283203125
25972,1.328125,1.09375,-0.322265625,-0.25390625
25973,1.19140625,1.142578125,-0.302734375,-0.302734375
25974,1.201171875,1.044921875,-0.341796875,-0.322265625
25975,1.279296875,1.064453125,-0.361328125,-0.244140625
25976,1.1328125,1.11328125,-0.185546875,-0.224609375
25977,1.25,1.083984375,-0.400390625,-0.322265625
25978,1.201171875,1.03515625,-0.3515625,-0.205078125
25979,1.19140625,1.11328125,-0.380859375,-0.224609375
25980,1.09375,1.103515625,-0.33203125,-0.21484375
25981,1.103515625,1.15234375,-0.41015625,-0.146484375
25982,1.142578125,1.240234375,-0.302734375,-0.224609375
25983,1.181640625,1.07421875,-0.322265625,-0.15625
25984,1.2890625,1.07421875,-0.302734375,-0.263671875
25985,1.2109375,1.201171875,-0.380859375,-0.205078125
25986,1.171875,1.03515625,-0.302734375,-0.263671875
25987,1.259765625,1.123046875,-0.341796875,-0.25390625
25988,1.171875,1.09375,-0.41015625,-0.21484375
25989,1.162109375,0.908203125,-0.25390625,-0.29296875
25990,1.26953125,1.201171875,-0.283203125,-0.263671875
25991,1.201171875,1.123046875,-0.4296875,-0.224609375
25992,1.2109375,1.2109375,-0.41015625,-0.29296875
25993,1.162109375,1.1328125,-0.3515625,-0.09765625
25994,1.07421875,1.1328125,-0.283203125,-0.2734375
25995,1.162109375,1.005859375,-0.2734375,-0.33203125
25996,1.11328125,1.0546875,-0.3125,-0.341796875
25997,1.09375,1.083984375,-0.322265625,-0.361328125
25998,1.19140625,0.986328125,-0.13671875,-0.3515625
25999,1.09375,1.09375,-0.302734375,-0.107421875
26000,1.19140625,1.15234375,-0.33203125,-0.244140625
26001,1.083984375,1.162109375,-0.3515625,-0.33203125
26002,1.123046875,1.171875,-0.3125,-0.33203125
26003,1.123046875,1.123046875,-0.263671875,-0.29296875
26004,1.171875,1.181640625,-0.283203125,-0.25390625
26005,1.0546875,1.142578125,-0.302734375,-0.263671875
26006,1.279296875,1.201171875,-0.341796875,-0.302734375
26007,1.103515625,1.03515625,-0.15625,-0.302734375
26008,1.26953125,1.0546875,-0.3125,-0.1953125
26009,1.11328125,1.09375,-0.3515625,-0.1953125
26010,1.15234375,1.0546875,-0.341796875,-0.2734375
26011,1.1328125,1.1328125,-0.029296875,-0.09765625
26012,1.15234375,1.07421875,-0.263671875,-0.33203125
26013,1.123046875,1.09375,-0.2734375,-0.283203125
26014,1.15234375,1.083984375,-0.224609375,-0.2734375
26015,1.19140625,1.11328125,-0.29296875,-0.205078125
26016,1.2109375,1.03515625,-0.3125,-0.25390625
26017,1.220703125,1.123046875,-0.33203125,-0.29296875
26018,1.240234375,1.11328125,-0.361328125,-0.3125
26019,1.220703125,1.07421875,-0.263671875,-0.3125
26020,1.19140625,1.03515625,-0.185546875,-0.2734375
26021,1.07421875,1.07421875,-0.263671875,-0.283203125
26022,1.25,1.201171875,-0.419921875,-0.29296875
26023,1.23046875,1.318359375,-0.322265625,-0.283203125
26024,1.259765625,1.171875,-0.302734375,-0.302734375
26025,1.2109375,1.09375,-0.41015625,-0.33203125
26026,1.162109375,1.162109375,-0.205078125,-0.322265625
26027,1.25,1.15234375,-0.283203125,-0.205078125
26028,1.25,1.181640625,-0.29296875,-0.21484375
26029,1.15234375,1.181640625,-0.4296875,-0.263671875
26030,1.2109375,1.142578125,-0.419921875,-0.322265625
26031,1.201171875,1.181640625,-0.302734375,-0.263671875
26032,1.181640625,1.171875,-0.25390625,-0.498046875
26033,1.220703125,1.181640625,-0.33203125,-0.29296875
26034,1.171875,1.19140625,-0.3515625,-0.302734375
26035,1.220703125,1.357421875,-0.283203125,-0.322265625
26036,1.220703125,1.19140625,-0.283203125,-0.09765625
26037,1.162109375,1.11328125,-0.13671875,-0.263671875
26038,1.220703125,0.986328125,-0.283203125,-0.2734375
26039,1.220703125,1.11328125,-0.3515625,-0.263671875
26040,1.298828125,1.181640625,-0.322265625,-0.283203125
26041,1.25,1.123046875,-0.302734375,-0.302734375
26042,1.142578125,1.142578125,-0.341796875,-0.234375
26043,1.298828125,1.044921875,-0.3125,-0.2734375
26044,1.34765625,1.15234375,-0.244140625,-0.2734375
26045,1.298828125,1.142578125,-0.25390625,-0.380859375
26046,1.30859375,0.986328125,-0.37109375,-0.283203125
26047,1.26953125,1.15234375,-0.33203125,-0.25390625
26048,1.181640625,1.083984375,-0.3125,-0.244140625
26049,1.259765625,1.298828125,-0.361328125,-0.29296875
26050,1.25,1.064453125,-0.13671875,-0.2734375
26051,1.318359375,1.15234375,-0.322265625,-0.29296875
26052,1.259765625,1.015625,-0.3515625,-0.3515625
26053,1.23046875,1.2109375,-0.390625,-0.361328125
26054,1.201171875,1.2109375,-0.302734375,-0.3125
26055,1.318359375,1.162109375,-0.185546875,-0.3125
26056,1.220703125,1.25,-0.224609375,-0.3125
26057,1.25,1.19140625,-0.400390625,-0.302734375
26058,1.123046875,1.171875,-0.244140625,-0.3515625
26059,1.30859375,1.318359375,-0.37109375,-0.322265625
26060,1.2109375,1.2109375,-0.2734375,-0.3515625
26061,1.25,1.240234375,-0.13671875,-0.3125
26062,1.279296875,1.15234375,-0.29296875,-0.322265625
26063,1.26953125,1.181640625,-0.185546875,-0.263671875
26064,1.298828125,1.083984375,-0.37109375,-0.380859375
26065,1.376953125,1.142578125,-0.185546875,-0.322265625
26066,1.30859375,1.103515625,-0.322265625,-0.400390625
26067,1.083984375,1.123046875,-0.390625,-0.361328125
26068,1.26953125,1.171875,-0.283203125,-0.33203125
26069,1.26953125,1.162109375,-0.302734375,-0.361328125
26070,1.298828125,1.123046875,-0.33203125,-0.3125
26071,1.201171875,1.064453125,-0.234375,-0.322265625
26072,1.318359375,1.07421875,-0.126953125,-0.322265625
26073,1.19140625,1.1328125,-0.283203125,-0.3515625
26074,1.23046875,1.11328125,-0.146484375,-0.29296875
26075,1.25,1.1328125,-0.341796875,-0.234375
26076,1.171875,1.09375,-0.322265625,-0.29296875
26077,1.26953125,1.25,-0.439453125,-0.283203125
26078,1.23046875,1.064453125,-0.2734375,-0.419921875
26079,1.25,1.142578125,-0.3125,-0.322265625
26080,1.23046875,1.123046875,-0.1953125,-0.33203125
26081,1.181640625,1.1328125,-0.2734375,-0.0390625
26082,1.15234375,1.142578125,-0.322265625,-0.44921875
26083,1.181640625,1.162109375,-0.380859375,-0.3125
26084,1.162109375,1.171875,-0.33203125,-0.29296875
26085,1.2109375,1.09375,-0.25390625,-0.44921875
26086,1.2890625,1.1328125,-0.2734375,-0.341796875
26087,1.201171875,1.201171875,-0.25390625,-0.2734375
26088,1.103515625,1.15234375,-0.283203125,-0.3515625
26089,1.19140625,0.986328125,-0.3515625,-0.322265625
26090,1.220703125,1.181640625,-0.3125,-0.29296875
26091,1.26953125,1.11328125,-0.1953125,-0.322265625
26092,1.11328125,1.1328125,-0.3125,-0.341796875
26093,1.162109375,1.19140625,-0.341796875,-0.068359375
26094,1.181640625,1.19140625,-0.3125,-0.302734375
26095,1.2890625,0.947265625,-0.361328125,-0.244140625
26096,1.26953125,1.30859375,-0.283203125,-0.341796875
26097,1.142578125,1.2109375,-0.263671875,-0.244140625
26098,1.142578125,1.2109375,-0.21484375,-0.283203125
26099,1.142578125,1.240234375,-0.41015625,-0.185546875
26100,1.19140625,1.220703125,-0.302734375,-0.205078125
26101,1.23046875,1.162109375,-0.205078125,-0.302734375
26102,1.162109375,1.162109375,-0.322265625,-0.263671875
26103,1.181640625,1.240234375,-0.1953125,-0.2734375
26104,1.181640625,1.142578125,-0.341796875,-0.439453125
26105,1.19140625,1.25,-0.21484375,-0.498046875
26106,1.083984375,1.2890625,-0.185546875,-0.3125
26107,1.279296875,1.142578125,-0.224609375,-0.44921875
26108,1.162109375,1.1328125,-0.15625,-0.322265625
26109,1.2890625,1.259765625,-0.21484375,-0.439453125
26110,1.103515625,1.26953125,-0.25390625,-0.400390625
26111,1.162109375,1.279296875,-0.166015625,-0.400390625
26112,1.240234375,1.26953125,-0.3125,-0.322265625
26113,1.015625,1.240234375,-0.283203125,-0.380859375
26114,1.25,1.162109375,-0.2734375,-0.33203125
26115,1.044921875,1.259765625,-0.21484375,-0.25390625
26116,1.220703125,1.298828125,-0.380859375,-0.41015625
26117,1.259765625,1.240234375,-0.41015625,-0.48828125
26118,1.171875,1.279296875,-0.17578125,-0.341796875
26119,1.2109375,1.26953125,-0.322265625,-0.322265625
26120,1.201171875,1.259765625,-0.244140625,-0.48828125
26121,1.083984375,1.2890625,-0.21484375,-0.341796875
26122,1.162109375,1.2890625,-0.205078125,-0.439453125
26123,1.15234375,1.181640625,-0.29296875,-0.400390625
26124,1.26953125,1.220703125,-0.205078125,-0.400390625
26125,1.279296875,1.181640625,-0.234375,-0.37109375
26126,1.2890625,1.1328125,-0.166015625,-0.390625
26127,1.142578125,1.162109375,-0.400390625,-0.400390625
26128,1.201171875,1.220703125,-0.302734375,-0.3125
26129,1.220703125,1.064453125,-0.4296875,-0.2734375
26130,1.171875,1.279296875,-0.322265625,-0.3515625
26131,1.2890625,1.25,-0.29296875,-0.419921875
26132,1.279296875,1.298828125,-0.2734375,-0.3515625
26133,1.181640625,1.162109375,-0.322265625,-0.380859375
26134,1.162109375,1.201171875,-0.29296875,-0.3125
26135,1.1328125,1.2109375,-0.302734375,-0.390625
26136,1.201171875,1.298828125,-0.33203125,-0.41015625
26137,1.2109375,1.2109375,-0.322265625,-0.439453125
26138,1.171875,1.240234375,-0.15625,-0.3515625
26139,1.162109375,1.240234375,-0.2734375,-0.263671875
26140,1.220703125,1.279296875,-0.322265625,-0.322265625
26141,1.1328125,1.26953125,-0.322265625,-0.361328125
26142,1.064453125,1.30859375,-0.283203125,-0.400390625
26143,1.15234375,1.30859375,-0.263671875,-0.33203125
26144,1.09375,1.15234375,-0.361328125,-0.41015625
26145,1.142578125,1.15234375,-0.25390625,-0.263671875
26146,1.181640625,1.162109375,-0.37109375,-0.322265625
26147,1.181640625,1.240234375,-0.361328125,-0.33203125
26148,1.123046875,1.15234375,-0.29296875,-0.419921875
26149,1.025390625,1.201171875,-0.234375,-0.380859375
26150,1.201171875,1.23046875,-0.185546875,-0.3515625
26151,1.123046875,1.220703125,-0.25390625,-0.390625
26152,1.162109375,1.15234375,-0.25390625,-0.41015625
26153,1.220703125,1.181640625,-0.390625,-0.41015625
26154,1.201171875,1.328125,-0.234375,-0.283203125
26155,1.11328125,1.162109375,-0.234375,-0.458984375
26156,1.123046875,1.19140625,-0.224609375,-0.400390625
26157,1.1328125,1.0546875,-0.224609375,-0.380859375
26158,1.1328125,1.2109375,-0.283203125,-0.37109375
26159,1.171875,1.2109375,-0.322265625,-0.341796875
26160,1.25,1.11328125,-0.341796875,-0.33203125
26161,1.34765625,1.142578125,-0.185546875,-0.478515625
26162,1.220703125,1.240234375,-0.4296875,-0.44921875
26163,1.162109375,1.2109375,-0.224609375,-0.478515625
26164,1.19140625,1.1328125,-0.29296875,-0.400390625
26165,1.171875,1.171875,-0.1953125,-0.458984375
26166,1.181640625,1.15234375,-0.302734375,-0.537109375
26167,1.064453125,1.171875,-0.302734375,-0.517578125
26168,1.162109375,1.181640625,-0.263671875,-0.41015625
26169,1.240234375,1.26953125,-0.44921875,-0.5078125
26170,1.19140625,1.11328125,-0.33203125,-0.60546875
26171,1.171875,1.162109375,-0.21484375,-0.33203125
26172,1.083984375,1.279296875,-0.341796875,-0.419921875
26173,1.201171875,1.220703125,-0.21484375,-0.52734375
26174,1.328125,1.240234375,-0.224609375,-0.322265625
26175,1.171875,1.025390625,-0.33203125,-0.283203125
26176,1.2890625,1.103515625,-0.283203125,-0.263671875
26177,1.171875,1.025390625,-0.2734375,-0.478515625
26178,1.2109375,1.240234375,-0.15625,-0.48828125
26179,1.142578125,1.171875,-0.341796875,-0.33203125
26180,1.30859375,1.07421875,-0.15625,-0.390625
26181,1.181640625,1.19140625,-0.283203125,-0.400390625
26182,1.2109375,1.19140625,-0.302734375,-0.439453125
26183,1.11328125,1.2109375,-0.29296875,-0.439453125
26184,1.2109375,1.19140625,-0.33203125,-0.37109375
26185,1.0546875,1.103515625,-0.341796875,-0.498046875
26186,1.142578125,1.25,-0.244140625,-0.2734375
26187,1.07421875,1.103515625,-0.29296875,-0.478515625
26188,1.11328125,1.240234375,-0.25390625,-0.458984375
26189,1.083984375,1.15234375,-0.25390625,-0.44921875
26190,1.2109375,1.162109375,-0.33203125,-0.390625
26191,1.181640625,1.162109375,-0.3515625,-0.5078125
26192,1.09375,1.25,-0.390625,-0.46875
26193,1.201171875,1.181640625,-0.2734375,-0.3125
26194,1.2109375,1.220703125,-0.3515625,-0.3515625
26195,1.142578125,1.162109375,-0.2734375,-0.361328125
26196,1.142578125,1.181640625,-0.400390625,-0.48828125
26197,1.23046875,1.2109375,-0.3515625,-0.458984375
26198,1.171875,1.279296875,-0.29296875,-0.41015625
26199,1.162109375,1.15234375,-0.25390625,-0.41015625
26200,1.181640625,1.23046875,-0.283203125,-0.3125
26201,1.181640625,1.201171875,-0.302734375,-0.439453125
26202,1.23046875,1.19140625,-0.380859375,-0.419921875
26203,1.23046875,1.171875,-0.185546875,-0.41015625
26204,1.19140625,1.19140625,-0.2734375,-0.576171875
26205,1.23046875,1.162109375,-0.224609375,-0.33203125
26206,1.240234375,1.328125,-0.21484375,-0.263671875
26207,1.23046875,1.103515625,-0.25390625,-0.4296875
26208,1.171875,1.025390625,-0.224609375,-0.361328125
26209,1.19140625,1.181640625,-0.25390625,-0.37109375
26210,1.181640625,1.181640625,-0.25390625,-0.3515625
26211,1.19140625,1.07421875,-0.205078125,-0.390625
26212,1.123046875,1.2109375,-0.2734375,-0.4296875
26213,1.240234375,1.181640625,-0.224609375,-0.15625
26214,1.181640625,1.416015625,-0.205078125,-0.3515625
26215,1.2109375,1.181640625,-0.21484375,-0.41015625
26216,1.1328125,1.123046875,-0.244140625,-0.390625
26217,1.30859375,1.0546875,-0.234375,-0.419921875
26218,1.181640625,1.2109375,-0.2734375,-0.546875
26219,1.15234375,1.15234375,-0.205078125,-0.517578125
26220,1.1328125,1.171875,-0.3125,-0.4296875
26221,1.220703125,1.103515625,-0.322265625,-0.458984375
26222,1.259765625,1.19140625,-0.29296875,-0.380859375
26223,1.240234375,1.064453125,-0.15625,-0.41015625
26224,1.220703125,1.064453125,-0.234375,-0.37109375
26225,1.25,1.19140625,-0.322265625,-0.478515625
26226,1.259765625,1.26953125,-0.2734375,-0.419921875
26227,1.23046875,1.23046875,-0.33203125,-0.400390625
26228,1.298828125,1.171875,-0.25390625,-0.419921875
26229,1.19140625,1.181640625,-0.283203125,-0.390625
26230,1.201171875,1.044921875,-0.263671875,-0.4296875
26231,1.25,1.23046875,-0.263671875,-0.361328125
26232,0.95703125,1.201171875,-0.25390625,-0.41015625
26233,1.25,1.15234375,-0.263671875,-0.419921875
26234,1.259765625,1.1328125,-0.1953125,-0.41015625
26235,1.26953125,1.19140625,-0.302734375,-0.48828125
26236,1.15234375,1.1328125,-0.361328125,-0.37109375
26237,1.1328125,1.19140625,-0.234375,-0.390625
26238,1.181640625,1.171875,-0.25390625,-0.44921875
26239,1.220703125,1.162109375,-0.3125,-0.48828125
26240,1.181640625,1.11328125,-0.1953125,-0.498046875
26241,1.23046875,1.259765625,-0.263671875,-0.361328125
26242,1.123046875,0.986328125,-0.322265625,-0.46875
26243,1.2109375,1.259765625,-0.244140625,-0.498046875
26244,1.11328125,1.11328125,-0.3515625,-0.25390625
26245,1.083984375,1.23046875,-0.25390625,-0.3515625
26246,1.142578125,1.19140625,-0.244140625,-0.37109375
26247,1.2109375,1.220703125,-0.263671875,-0.302734375
26248,1.142578125,1.11328125,-0.390625,-0.322265625
26249,1.171875,1.25,-0.2734375,-0.25390625
26250,1.279296875,1.201171875,-0.361328125,-0.4296875
26251,1.181640625,1.220703125,-0.419921875,-0.341796875
26252,1.240234375,1.15234375,-0.25390625,-0.361328125
26253,1.19140625,1.15234375,-0.263671875,-0.263671875
26254,1.2109375,1.171875,-0.37109375,-0.33203125
26255,1.240234375,1.259765625,-0.263671875,-0.29296875
26256,1.30859375,1.1328125,-0.3125,-0.419921875
26257,1.220703125,0.8984375,-0.126953125,-0.419921875
26258,1.19140625,1.240234375,-0.3125,-0.546875
26259,1.220703125,1.23046875,-0.25390625,-0.380859375
26260,1.376953125,1.083984375,-0.25390625,-0.400390625
26261,1.220703125,1.181640625,-0.322265625,-0.4296875
26262,1.318359375,1.142578125,-0.302734375,-0.302734375
26263,1.181640625,1.162109375,-0.224609375,-0.341796875
26264,1.171875,1.123046875,-0.400390625,-0.361328125
26265,1.23046875,1.103515625,-0.21484375,-0.37109375
26266,1.259765625,1.15234375,-0.205078125,-0.33203125
26267,1.201171875,1.07421875,-0.244140625,-0.5078125
26268,1.15234375,1.142578125,-0.263671875,-0.322265625
26269,1.240234375,1.19140625,-0.21484375,-0.400390625
26270,1.220703125,0.908203125,-0.263671875,-0.478515625
26271,1.2109375,1.1328125,-0.263671875,-0.44921875
26272,1.240234375,1.15234375,-0.244140625,-0.37109375
26273,1.23046875,1.15234375,-0.166015625,-0.29296875
26274,1.142578125,1.1328125,-0.21484375,-0.361328125
26275,1.298828125,1.2109375,-0.2734375,-0.33203125
26276,1.220703125,1.162109375,-0.283203125,-0.380859375
26277,1.220703125,1.171875,-0.322265625,-0.361328125
26278,1.357421875,1.171875,-0.283203125,-0.419921875
26279,1.279296875,1.1328125,-0.3125,-0.44921875
26280,1.318359375,1.1328125,-0.17578125,-0.3125
26281,1.357421875,1.07421875,-0.244140625,-0.341796875
26282,1.34765625,0.91796875,-0.244140625,-0.390625
26283,1.357421875,1.181640625,-0.244140625,-0.37109375
26284,1.376953125,1.1328125,-0.33203125,-0.390625
26285,1.46484375,1.1328125,-0.15625,-0.37109375
26286,1.38671875,1.19140625,-0.33203125,-0.46875
26287,1.474609375,1.201171875,-0.244140625,-0.3125
26288,1.3671875,1.220703125,-0.419921875,-0.263671875
26289,1.376953125,1.171875,-0.25390625,-0.302734375
26290,1.40625,1.337890625,-0.341796875,-0.3125
26291,1.318359375,1.1328125,-0.400390625,-0.41015625
26292,1.3671875,1.181640625,-0.3515625,-0.4296875
26293,1.376953125,1.2109375,-0.224609375,-0.390625
26294,1.2890625,1.23046875,-0.400390625,-0.37109375
26295,1.298828125,1.201171875,-0.2734375,-0.341796875
26296,1.357421875,1.220703125,-0.244140625,-0.322265625
26297,1.279296875,1.11328125,-0.1171875,-0.322265625
26298,1.2890625,1.201171875,-0.302734375,-0.625
26299,1.279296875,1.142578125,-0.234375,-0.380859375
26300,1.201171875,1.11328125,-0.390625,-0.400390625
26301,1.328125,1.201171875,-0.1953125,-0.556640625
26302,1.416015625,1.083984375,-0.234375,-0.33203125
26303,1.26953125,1.201171875,-0.166015625,-0.390625
26304,1.26953125,1.23046875,-0.21484375,-0.224609375
26305,1.328125,1.15234375,-0.166015625,-0.419921875
26306,1.328125,1.23046875,-0.107421875,-0.380859375
26307,1.328125,1.19140625,-0.2734375,-0.41015625
26308,1.25,1.15234375,-0.107421875,-0.302734375
26309,1.318359375,1.38671875,-0.234375,-0.322265625
26310,1.2890625,1.162109375,-0.3125,-0.498046875
26311,1.279296875,1.279296875,-0.1953125,-0.400390625
26312,1.259765625,1.171875,-0.205078125,-0.33203125
26313,1.2890625,1.2890625,-0.439453125,-0.224609375
26314,1.26953125,1.19140625,-0.17578125,-0.439453125
26315,1.2890625,1.2890625,-0.1953125,-0.458984375
26316,1.23046875,1.103515625,-0.25390625,-0.390625
26317,1.259765625,1.1328125,-0.205078125,-0.458984375
26318,1.2890625,1.171875,-0.244140625,-0.400390625
26319,1.2109375,1.142578125,-0.361328125,-0.078125
26320,1.259765625,1.09375,-0.244140625,-0.33203125
26321,1.1328125,1.15234375,-0.1953125,-0.390625
26322,1.220703125,1.23046875,-0.244140625,-0.322265625
26323,1.162109375,1.015625,-0.3125,-0.41015625
26324,1.201171875,1.044921875,-0.1953125,-0.361328125
26325,1.201171875,1.15234375,-0.283203125,-0.439453125
26326,1.142578125,1.142578125,-0.244140625,-0.41015625
26327,1.357421875,1.201171875,-0.146484375,-0.380859375
26328,1.15234375,1.240234375,-0.107421875,-0.302734375
26329,1.2109375,1.083984375,-0.224609375,-0.29296875
26330,1.25,1.123046875,-0.1171875,-0.29296875
26331,1.1328125,1.083984375,-0.17578125,-0.33203125
26332,1.220703125,1.142578125,-0.244140625,-0.33203125
26333,1.181640625,1.025390625,-0.17578125,-0.37109375
26334,1.11328125,1.103515625,-0.1953125,-0.3515625
26335,1.15234375,1.11328125,-0.166015625,-0.419921875
26336,1.259765625,1.201171875,-0.224609375,-0.29296875
26337,1.19140625,1.03515625,-0.21484375,-0.263671875
26338,1.142578125,1.11328125,-0.1953125,-0.4296875
26339,1.025390625,1.123046875,-0.107421875,-0.341796875
26340,1.181640625,1.044921875,-0.283203125,-0.361328125
26341,1.162109375,1.123046875,-0.2734375,-0.234375
26342,1.279296875,1.30859375,-0.224609375,-0.29296875
26343,1.142578125,1.142578125,-0.1953125,-0.146484375
26344,1.181640625,1.11328125,-0.283203125,-0.380859375
26345,1.201171875,1.11328125,-0.3125,-0.3125
26346,1.123046875,1.044921875,-0.2734375,-0.3125
26347,1.15234375,1.103515625,-0.21484375,-0.380859375
26348,1.123046875,1.142578125,-0.224609375,-0.263671875
26349,1.25,1.005859375,-0.17578125,-0.400390625
26350,1.220703125,1.09375,-0.17578125,-0.390625
26351,1.220703125,1.03515625,-0.224609375,-0.3515625
26352,1.201171875,1.03515625,-0.048828125,-0.419921875
26353,1.181640625,1.201171875,-0.283203125,-0.263671875
26354,1.19140625,1.07421875,-0.224609375,-0.3125
26355,1.2109375,0.927734375,-0.283203125,-0.33203125
26356,1.162109375,1.09375,-0.361328125,-0.3515625
26357,1.162109375,1.03515625,-0.21484375,-0.263671875
26358,1.15234375,0.986328125,-0.390625,-0.390625
26359,1.201171875,1.11328125,-0.37109375,-0.498046875
26360,1.103515625,1.03515625,-0.33203125,-0.263671875
26361,1.19140625,1.044921875,-0.29296875,-0.33203125
26362,1.19140625,1.03515625,-0.263671875,-0.302734375
26363,1.279296875,1.064453125,-0.3125,-0.29296875
26364,1.318359375,1.015625,-0.302734375,-0.3125
26365,1.328125,0.9765625,-0.263671875,-0.234375
26366,1.26953125,1.123046875,-0.29296875,-0.322265625
26367,1.162109375,1.25,-0.478515625,-0.341796875
26368,1.240234375,1.1328125,-0.29296875,-0.390625
26369,1.240234375,1.03515625,-0.29296875,-0.2734375
26370,1.15234375,1.162109375,-0.234375,-0.2734375
26371,1.240234375,1.005859375,-0.2734375,-0.224609375
26372,1.11328125,1.015625,-0.283203125,-0.3125
26373,1.19140625,1.005859375,-0.322265625,-0.25390625
26374,1.19140625,1.11328125,-0.302734375,-0.2734375
26375,1.298828125,1.044921875,-0.1953125,-0.146484375
26376,1.240234375,1.005859375,-0.322265625,-0.263671875
26377,1.25,1.1328125,-0.3125,-0.205078125
26378,1.2109375,1.064453125,-0.234375,-0.3515625
26379,1.25,1.083984375,-0.25390625,-0.341796875
26380,1.181640625,1.0546875,-0.25390625,-0.302734375
26381,1.15234375,1.064453125,-0.3125,-0.2734375
26382,1.259765625,1.07421875,-0.46875,-0.322265625
26383,1.19140625,1.09375,-0.517578125,-0.224609375
26384,1.201171875,1.09375,-0.439453125,-0.126953125
26385,1.259765625,1.09375,-0.439453125,-0.234375
26386,1.201171875,1.201171875,-0.341796875,-0.107421875
26387,1.201171875,1.142578125,-0.33203125,-0.3125
26388,1.34765625,1.11328125,-0.224609375,-0.2734375
26389,1.220703125,1.15234375,-0.341796875,-0.439453125
26390,1.220703125,1.09375,-0.33203125,-0.185546875
26391,1.30859375,1.083984375,-0.52734375,-0.29296875
26392,1.25,1.103515625,-0.458984375,-0.263671875
26393,1.2890625,1.123046875,-0.29296875,-0.3515625
26394,1.142578125,1.1328125,-0.341796875,-0.224609375
26395,1.240234375,1.123046875,-0.37109375,-0.29296875
26396,1.181640625,1.064453125,-0.390625,-0.107421875
26397,1.11328125,1.025390625,-0.458984375,-0.29296875
26398,1.259765625,1.103515625,-0.400390625,-0.283203125
26399,1.25,1.162109375,-0.302734375,-0.21484375
26400,1.30859375,1.07421875,-0.419921875,-0.302734375
26401,1.2109375,1.064453125,-0.458984375,-0.25390625
26402,1.337890625,1.15234375,-0.33203125,-0.244140625
26403,1.07421875,1.09375,-0.3125,-0.25390625
26404,1.220703125,1.103515625,-0.283203125,-0.1953125
26405,1.259765625,1.26953125,-0.322265625,-0.13671875
26406,1.298828125,1.015625,-0.3515625,-0.283203125
26407,1.171875,1.171875,-0.361328125,-0.3515625
26408,1.083984375,1.0546875,-0.33203125,-0.29296875
26409,1.142578125,1.15234375,-0.224609375,-0.234375
26410,1.30859375,1.123046875,-0.3125,-0.234375
26411,1.2109375,1.15234375,-0.33203125,-0.205078125
26412,1.23046875,1.044921875,-0.283203125,-0.244140625
26413,1.181640625,0.9765625,-0.322265625,-0.15625
26414,1.11328125,1.1328125,-0.341796875,-0.2734375
26415,1.11328125,1.07421875,-0.390625,-0.263671875
26416,1.2890625,1.103515625,-0.439453125,-0.205078125
26417,1.19140625,1.103515625,-0.263671875,-0.234375
26418,1.2890625,1.142578125,-0.322265625,-0.283203125
26419,1.259765625,1.142578125,-0.25390625,-0.1953125
26420,1.220703125,1.142578125,-0.263671875,-0.17578125
26421,1.11328125,1.064453125,-0.3125,-0.234375
26422,1.2109375,1.220703125,-0.3515625,-0.2734375
26423,1.279296875,1.083984375,-0.29296875,-0.205078125
26424,1.19140625,1.07421875,-0.361328125,-0.25390625
26425,1.181640625,1.162109375,-0.322265625,-0.25390625
26426,1.240234375,0.99609375,-0.33203125,-0.2734375
26427,1.123046875,1.19140625,-0.3515625,-0.3125
26428,1.201171875,1.25,-0.17578125,-0.33203125
26429,1.162109375,1.162109375,-0.224609375,-0.33203125
26430,1.23046875,1.181640625,-0.263671875,-0.3125
26431,1.181640625,1.103515625,-0.283203125,-0.29296875
26432,1.103515625,1.11328125,-0.244140625,-0.302734375
26433,1.171875,1.1328125,-0.205078125,-0.302734375
26434,1.171875,1.34765625,-0.341796875,-0.263671875
26435,1.1328125,1.162109375,-0.283203125,-0.33203125
26436,1.240234375,1.2109375,-0.21484375,-0.322265625
26437,1.162109375,1.142578125,-0.361328125,-0.15625
26438,1.19140625,1.201171875,-0.263671875,-0.2734375
26439,1.142578125,1.142578125,-0.322265625,-0.302734375
26440,1.1328125,1.162109375,-0.341796875,-0.185546875
26441,1.15234375,1.1328125,-0.3125,-0.21484375
26442,1.162109375,1.03515625,-0.361328125,-0.341796875
26443,1.19140625,1.23046875,-0.205078125,-0.283203125
26444,1.279296875,1.083984375,-0.1953125,-0.09765625
26445,1.34765625,1.15234375,-0.25390625,-0.25390625
26446,1.279296875,1.181640625,-0.263671875,-0.244140625
26447,1.201171875,1.123046875,-0.37109375,-0.185546875
26448,1.201171875,1.162109375,-0.15625,-0.205078125
26449,1.279296875,1.162109375,-0.3125,-0.244140625
26450,1.23046875,1.103515625,-0.302734375,-0.3515625
26451,1.220703125,1.09375,-0.21484375,-0.244140625
26452,1.25,1.0546875,-0.33203125,-0.25390625
26453,1.298828125,1.171875,-0.361328125,-0.244140625
26454,1.259765625,1.1328125,-0.2734375,-0.1171875
26455,1.2890625,1.09375,-0.37109375,-0.37109375
26456,1.30859375,1.044921875,-0.244140625,-0.33203125
26457,1.240234375,1.0546875,-0.3515625,-0.224609375
26458,1.25,1.1328125,-0.37109375,-0.283203125
26459,1.201171875,1.259765625,-0.205078125,-0.37109375
26460,1.19140625,1.19140625,-0.283203125,-0.33203125
26461,1.162109375,1.064453125,-0.25390625,-0.33203125
26462,1.220703125,1.162109375,-0.361328125,-0.1953125
26463,1.26953125,1.2109375,-0.263671875,-0.361328125
26464,1.240234375,1.083984375,-0.380859375,-0.33203125
26465,1.220703125,1.298828125,-0.244140625,-0.380859375
26466,1.2890625,1.103515625,-0.3125,-0.283203125
26467,1.103515625,1.259765625,-0.25390625,-0.283203125
26468,1.201171875,1.2109375,-0.341796875,-0.29296875
26469,1.09375,1.123046875,-0.302734375,-0.205078125
26470,1.279296875,1.23046875,-0.25390625,-0.37109375
26471,1.279296875,1.15234375,-0.33203125,-0.263671875
26472,1.279296875,1.09375,-0.234375,-0.3125
26473,1.279296875,1.15234375,-0.322265625,-0.263671875
26474,1.26953125,0.986328125,-0.3515625,-0.3515625
26475,1.357421875,1.162109375,-0.21484375,-0.078125
26476,1.26953125,1.15234375,-0.341796875,-0.263671875
26477,1.298828125,1.142578125,-0.263671875,-0.29296875
26478,1.259765625,1.162109375,-0.322265625,-0.322265625
26479,1.3671875,1.171875,-0.302734375,-0.263671875
26480,1.220703125,1.103515625,-0.17578125,-0.205078125
26481,1.25,1.083984375,-0.224609375,-0.0390625
26482,1.1328125,1.201171875,-0.2734375,-0.244140625
26483,1.11328125,1.11328125,-0.341796875,-0.33203125
26484,1.25,1.181640625,-0.283203125,-0.244140625
26485,1.328125,1.07421875,-0.4296875,-0.302734375
26486,1.435546875,1.171875,-0.25390625,-0.2734375
26487,1.259765625,1.162109375,-0.244140625,-0.185546875
26488,1.376953125,1.240234375,-0.37109375,-0.322265625
26489,1.279296875,1.123046875,-0.29296875,-0.25390625
26490,1.2890625,1.171875,-0.400390625,-0.263671875
26491,1.15234375,1.162109375,-0.263671875,-0.29296875
26492,1.279296875,1.201171875,-0.419921875,-0.3125
26493,1.23046875,1.181640625,-0.3125,-0.341796875
26494,1.201171875,1.201171875,-0.390625,-0.37109375
26495,1.2890625,1.07421875,-0.263671875,-0.3125
26496,1.279296875,1.123046875,-0.322265625,-0.13671875
26497,1.240234375,1.064453125,-0.283203125,-0.390625
26498,1.484375,1.083984375,-0.2734375,-0.37109375
26499,1.171875,1.123046875,-0.380859375,-0.361328125
26500,1.171875,1.103515625,-0.361328125,-0.302734375
26501,1.240234375,1.11328125,-0.46875,-0.29296875
26502,1.2890625,1.11328125,-0.146484375,-0.302734375
26503,1.25,1.15234375,-0.341796875,-0.41015625
26504,1.240234375,1.025390625,-0.302734375,-0.361328125
26505,1.220703125,1.1328125,-0.33203125,-0.46875
26506,1.357421875,1.044921875,-0.3515625,-0.322265625
26507,1.34765625,1.11328125,-0.1953125,-0.322265625
26508,1.26953125,1.142578125,-0.146484375,-0.25390625
26509,1.26953125,1.123046875,-0.2734375,-0.3125
26510,1.2890625,1.142578125,-0.1171875,-0.341796875
26511,1.259765625,1.044921875,-0.25390625,-0.068359375
26512,1.2890625,1.1328125,-0.322265625,-0.361328125
26513,1.259765625,0.869140625,-0.2734375,-0.322265625
26514,1.142578125,1.142578125,-0.283203125,-0.166015625
26515,1.19140625,1.162109375,-0.322265625,-0.3125
26516,1.162109375,1.162109375,-0.25390625,-0.2734375
26517,1.25,1.142578125,-0.2734375,-0.263671875
26518,1.259765625,1.279296875,-0.244140625,-0.361328125
26519,1.171875,1.0546875,-0.41015625,-0.33203125
26520,1.240234375,1.123046875,-0.13671875,-0.478515625
26521,1.220703125,1.220703125,-0.322265625,-0.361328125
26522,1.064453125,1.318359375,-0.390625,-0.29296875
26523,1.357421875,1.220703125,-0.2734375,-0.341796875
26524,1.201171875,1.142578125,-0.244140625,-0.283203125
26525,1.19140625,1.26953125,-0.302734375,-0.244140625
26526,1.2109375,1.240234375,-0.33203125,-0.380859375
26527,1.162109375,1.25,-0.1953125,-0.2734375
26528,1.220703125,1.123046875,-0.263671875,-0.2734375
26529,1.142578125,1.30859375,-0.21484375,-0.25390625
26530,1.240234375,1.2109375,-0.263671875,-0.44921875
26531,1.220703125,1.0546875,-0.13671875,-0.3125
26532,1.142578125,1.25,-0.078125,-0.283203125
26533,1.15234375,1.19140625,-0.33203125,-0.283203125
26534,1.19140625,1.201171875,-0.322265625,-0.234375
26535,1.259765625,1.1328125,-0.283203125,-0.3515625
26536,1.103515625,1.1328125,-0.25390625,-0.3125
26537,1.1328125,1.171875,-0.185546875,-0.224609375
26538,1.26953125,1.220703125,-0.205078125,-0.44921875
26539,1.298828125,1.26953125,-0.244140625,-0.1953125
26540,1.26953125,1.2890625,-0.2734375,-0.380859375
26541,1.220703125,1.162109375,-0.556640625,-0.4296875
26542,1.11328125,1.240234375,-0.21484375,-0.419921875
26543,1.07421875,1.2109375,-0.283203125,-0.283203125
26544,1.103515625,1.142578125,-0.361328125,-0.380859375
26545,1.1328125,1.19140625,-0.302734375,-0.419921875
26546,1.083984375,1.26953125,-0.283203125,-0.322265625
26547,1.201171875,1.201171875,-0.37109375,-0.44921875
26548,1.1328125,1.259765625,-0.361328125,-0.3125
26549,1.044921875,1.298828125,-0.41015625,-0.48828125
26550,1.15234375,1.2890625,-0.263671875,-0.361328125
26551,1.19140625,1.23046875,-0.29296875,-0.380859375
26552,1.240234375,1.142578125,-0.15625,-0.4296875
26553,1.142578125,1.220703125,-0.234375,-0.380859375
26554,1.1328125,1.181640625,-0.25390625,-0.29296875
26555,1.142578125,1.26953125,-0.3125,-0.5078125
26556,1.07421875,1.34765625,-0.205078125,-0.41015625
26557,1.171875,1.25,-0.146484375,-0.263671875
26558,1.15234375,1.25,-0.3125,-0.478515625
26559,1.26953125,1.318359375,-0.1953125,-0.4296875
26560,1.171875,1.26953125,-0.205078125,-0.33203125
26561,1.162109375,1.2890625,-0.29296875,-0.41015625
26562,1.171875,1.07421875,-0.37109375,-0.380859375
26563,1.220703125,1.298828125,-0.380859375,-0.15625
26564,1.142578125,1.318359375,-0.1953125,-0.400390625
26565,1.220703125,1.162109375,-0.322265625,-0.419921875
26566,1.171875,1.25,-0.302734375,-0.380859375
26567,1.123046875,1.23046875,-0.322265625,-0.37109375
26568,1.171875,1.181640625,-0.244140625,-0.37109375
26569,1.201171875,1.23046875,-0.283203125,-0.419921875
26570,1.220703125,1.26953125,-0.302734375,-0.400390625
26571,1.1328125,1.337890625,-0.29296875,-0.390625
26572,1.1328125,1.298828125,-0.283203125,-0.400390625
26573,1.142578125,1.279296875,-0.25390625,-0.380859375
26574,1.15234375,1.162109375,-0.3125,-0.46875
26575,1.11328125,1.25,-0.322265625,-0.322265625
26576,1.171875,1.2890625,-0.33203125,-0.517578125
26577,1.123046875,1.3671875,-0.263671875,-0.322265625
26578,1.09375,1.23046875,-0.361328125,-0.29296875
26579,1.142578125,1.2890625,-0.224609375,-0.29296875
26580,1.1328125,1.30859375,-0.166015625,-0.33203125
26581,1.171875,1.220703125,-0.1953125,-0.380859375
26582,1.220703125,1.162109375,-0.29296875,-0.33203125
26583,1.19140625,1.298828125,-0.25390625,-0.419921875
26584,1.23046875,1.15234375,-0.205078125,-0.400390625
26585,1.15234375,1.2890625,-0.224609375,-0.224609375
26586,1.3671875,1.26953125,-0.263671875,-0.419921875
26587,1.279296875,1.2890625,-0.13671875,-0.322265625
26588,1.240234375,1.220703125,-0.302734375,-0.322265625
26589,1.2890625,1.201171875,-0.234375,-0.390625
26590,1.259765625,1.25,-0.1953125,-0.341796875
26591,1.26953125,1.181640625,-0.244140625,-0.29296875
26592,1.30859375,0.99609375,-0.29296875,-0.29296875
26593,1.259765625,1.1328125,-0.1953125,-0.3515625
26594,1.19140625,1.181640625,-0.302734375,-0.517578125
26595,1.2109375,1.328125,-0.302734375,-0.37109375
26596,1.15234375,0.966796875,-0.3515625,-0.46875
26597,1.298828125,1.142578125,-0.322265625,-0.341796875
26598,1.259765625,1.1328125,-0.283203125,-0.44921875
26599,1.240234375,1.15234375,-0.224609375,-0.29296875
26600,1.2109375,1.103515625,-0.283203125,-0.41015625
26601,1.123046875,1.279296875,-0.21484375,-0.48828125
26602,1.279296875,1.162109375,-0.37109375,-0.419921875
26603,1.171875,1.19140625,-0.3515625,-0.390625
26604,1.279296875,1.201171875,-0.263671875,-0.44921875
26605,1.2109375,1.162109375,-0.302734375,-0.380859375
26606,1.123046875,1.103515625,-0.263671875,-0.439453125
26607,1.2109375,1.162109375,-0.25390625,-0.439453125
26608,1.2890625,1.19140625,-0.341796875,-0.498046875
26609,1.25,1.162109375,-0.3125,-0.3515625
26610,1.220703125,1.142578125,-0.244140625,-0.419921875
26611,1.19140625,1.25,-0.224609375,-0.41015625
26612,1.0546875,1.09375,-0.263671875,-0.458984375
26613,1.220703125,1.220703125,-0.283203125,-0.4296875
26614,1.083984375,0.986328125,-0.126953125,-0.3515625
26615,1.15234375,1.181640625,-0.380859375,-0.3125
26616,1.083984375,1.171875,-0.244140625,-0.380859375
26617,1.2109375,1.201171875,-0.107421875,-0.33203125
26618,1.201171875,1.162109375,-0.283203125,-0.29296875
26619,1.083984375,1.171875,-0.185546875,-0.41015625
26620,1.1328125,1.162109375,-0.302734375,-0.44921875
26621,1.19140625,1.19140625,-0.2734375,-0.458984375
26622,1.240234375,1.25,-0.283203125,-0.419921875
26623,1.11328125,1.220703125,-0.244140625,-0.3515625
26624,1.181640625,1.25,-0.3125,-0.703125
26625,1.171875,1.220703125,-0.2734375,-0.46875
26626,1.259765625,1.220703125,-0.1953125,-0.4296875
26627,1.26953125,1.1328125,-0.29296875,-0.41015625
26628,1.123046875,1.15234375,-0.283203125,-0.439453125
26629,1.25,1.07421875,-0.205078125,-0.390625
26630,1.23046875,1.162109375,-0.263671875,-0.361328125
26631,1.279296875,1.23046875,-0.3125,-0.33203125
26632,1.171875,1.2109375,-0.21484375,-0.439453125
26633,1.328125,1.064453125,-0.234375,-0.56640625
26634,1.279296875,1.201171875,-0.263671875,-0.439453125
26635,1.25,1.15234375,-0.1953125,-0.3515625
26636,1.259765625,1.142578125,0.068359375,-0.21484375
26637,1.2109375,1.171875,-0.244140625,-0.44921875
26638,1.2109375,1.318359375,-0.29296875,-0.4296875
26639,1.220703125,1.240234375,-0.283203125,-0.3515625
26640,1.15234375,1.220703125,-0.234375,-0.439453125
26641,1.09375,1.2109375,-0.1171875,-0.400390625
26642,1.201171875,1.09375,-0.09765625,-0.302734375
26643,1.19140625,1.162109375,-0.205078125,-0.380859375
26644,1.171875,1.201171875,-0.2734375,-0.29296875
26645,1.181640625,1.07421875,-0.15625,-0.419921875
26646,1.181640625,1.19140625,-0.25390625,-0.283203125
26647,1.083984375,1.142578125,-0.244140625,-0.41015625
26648,1.171875,1.259765625,-0.205078125,-0.4296875
26649,1.181640625,1.171875,-0.244140625,-0.25390625
26650,1.171875,1.103515625,-0.3125,-0.44921875
26651,1.220703125,1.1328125,-0.146484375,-0.458984375
26652,1.240234375,1.1328125,-0.283203125,-0.37109375
26653,1.23046875,1.07421875,-0.25390625,-0.439453125
26654,1.103515625,1.19140625,-0.234375,-0.341796875
26655,1.181640625,1.1328125,-0.2734375,-0.390625
26656,1.083984375,1.103515625,-0.3125,-0.400390625
26657,1.318359375,1.2109375,-0.3125,-0.37109375
26658,1.23046875,1.083984375,-0.341796875,-0.33203125
26659,1.103515625,0.99609375,-0.3125,-0.4296875
26660,1.25,1.2109375,-0.263671875,-0.3515625
26661,1.19140625,1.1328125,-0.1953125,-0.390625
26662,1.25,1.103515625,-0.185546875,-0.4296875
26663,1.2109375,1.015625,-0.3125,-0.4296875
26664,1.181640625,1.201171875,-0.224609375,-0.3515625
26665,1.3671875,1.07421875,-0.185546875,-0.380859375
26666,1.26953125,1.083984375,-0.185546875,-0.41015625
26667,1.19140625,1.162109375,-0.29296875,-0.478515625
26668,1.30859375,1.15234375,-0.234375,-0.44921875
26669,1.220703125,1.11328125,-0.25390625,-0.361328125
26670,1.25,1.162109375,-0.166015625,-0.4296875
26671,1.240234375,1.025390625,-0.1953125,-0.33203125
26672,1.19140625,1.220703125,-0.13671875,-0.419921875
26673,1.2109375,1.171875,-0.29296875,-0.439453125
26674,1.220703125,1.19140625,-0.283203125,-0.439453125
26675,1.23046875,1.1328125,-0.2734375,-0.419921875
26676,1.201171875,1.19140625,-0.283203125,-0.634765625
26677,1.220703125,1.220703125,-0.29296875,-0.33203125
26678,1.171875,1.181640625,-0.25390625,-0.390625
26679,1.201171875,1.083984375,-0.29296875,-0.3125
26680,1.142578125,1.19140625,-0.361328125,-0.3125
26681,1.181640625,1.1328125,-0.224609375,-0.33203125
26682,1.19140625,1.15234375,-0.361328125,-0.419921875
26683,1.259765625,1.162109375,-0.302734375,-0.361328125
26684,1.171875,1.044921875,-0.322265625,-0.361328125
26685,1.19140625,1.240234375,-0.3125,-0.205078125
26686,1.19140625,1.123046875,-0.29296875,-0.263671875
26687,1.259765625,1.30859375,-0.25390625,-0.37109375
26688,1.201171875,1.103515625,-0.224609375,-0.390625
26689,1.240234375,1.181640625,-0.2734375,-0.4296875
26690,1.220703125,1.181640625,-0.234375,-0.390625
26691,1.181640625,1.064453125,-0.25390625,-0.3515625
26692,1.26953125,1.15234375,-0.302734375,-0.3125
26693,1.25,0.947265625,-0.400390625,-0.400390625
26694,1.298828125,1.064453125,-0.2734375,-0.439453125
26695,1.279296875,1.083984375,-0.390625,-0.556640625
26696,1.19140625,1.1328125,-0.234375,-0.4296875
26697,1.25,1.19140625,-0.244140625,-0.390625
26698,1.123046875,1.171875,-0.21484375,-0.380859375
26699,1.30859375,1.318359375,-0.2734375,-0.380859375
26700,1.259765625,0.849609375,-0.2734375,-0.4296875
26701,1.162109375,1.11328125,-0.1953125,-0.419921875
26702,1.201171875,0.947265625,-0.166015625,-0.3515625
26703,1.328125,1.2890625,-0.322265625,-0.25390625
26704,1.23046875,1.09375,-0.17578125,-0.21484375
26705,1.1328125,1.083984375,-0.15625,-0.361328125
26706,1.259765625,1.1328125,-0.224609375,-0.33203125
26707,1.34765625,1.123046875,-0.1953125,-0.44921875
26708,1.298828125,1.0546875,-0.17578125,-0.361328125
26709,1.376953125,1.171875,-0.185546875,-0.439453125
26710,1.42578125,1.1328125,-0.283203125,-0.29296875
26711,1.26953125,1.26953125,-0.37109375,-0.361328125
26712,1.337890625,1.337890625,-0.234375,-0.224609375
26713,1.416015625,1.15234375,-0.244140625,-0.244140625
26714,1.2890625,1.2109375,-0.21484375,-0.390625
26715,1.337890625,1.03515625,-0.29296875,-0.419921875
26716,1.240234375,1.123046875,-0.341796875,-0.302734375
26717,1.328125,0.9765625,-0.234375,-0.41015625
26718,1.357421875,1.123046875,-0.3515625,-0.3125
26719,1.26953125,1.103515625,-0.244140625,-0.341796875
26720,1.259765625,1.23046875,-0.224609375,-0.37109375
26721,1.357421875,1.11328125,-0.33203125,-0.44921875
26722,1.162109375,1.220703125,-0.263671875,-0.3515625
26723,1.2890625,1.171875,-0.302734375,-0.37109375
26724,1.123046875,1.279296875,-0.185546875,-0.419921875
26725,1.142578125,1.2109375,-0.302734375,-0.400390625
26726,1.298828125,1.142578125,-0.302734375,-0.48828125
26727,1.279296875,1.044921875,-0.1953125,-0.380859375
26728,1.298828125,1.220703125,-0.3125,-0.44921875
26729,1.298828125,1.181640625,-0.3125,-0.33203125
26730,1.19140625,1.15234375,-0.21484375,-0.37109375
26731,1.15234375,1.19140625,-0.166015625,-0.361328125
26732,1.2109375,1.220703125,-0.17578125,-0.361328125
26733,1.2109375,1.162109375,-0.244140625,-0.322265625
26734,1.2109375,1.2109375,-0.205078125,-0.41015625
26735,1.162109375,1.1328125,-0.2734375,-0.400390625
26736,1.318359375,1.123046875,-0.2734375,-0.3515625
26737,1.26953125,1.142578125,-0.33203125,-0.361328125
26738,1.435546875,1.162109375,-0.224609375,-0.3125
26739,1.259765625,1.09375,-0.283203125,-0.3515625
26740,1.25,1.09375,-0.21484375,-0.37109375
26741,1.337890625,1.201171875,-0.244140625,-0.380859375
26742,1.318359375,1.26953125,-0.25390625,-0.439453125
26743,1.328125,1.171875,-0.2734375,-0.498046875
26744,1.328125,1.09375,-0.234375,-0.4296875
26745,1.19140625,1.103515625,-0.263671875,-0.37109375
26746,1.26953125,1.2109375,-0.302734375,-0.283203125
26747,1.376953125,1.11328125,-0.234375,-0.41015625
26748,1.298828125,1.2890625,-0.234375,-0.4296875
26749,1.30859375,1.09375,-0.205078125,-0.46875
26750,1.171875,1.103515625,-0.283203125,-0.2734375
26751,1.201171875,1.103515625,-0.1953125,-0.390625
26752,1.201171875,1.181640625,-0.25390625,-0.283203125
26753,1.171875,1.09375,-0.3125,-0.400390625
26754,1.2109375,1.083984375,-0.09765625,-0.380859375
26755,1.103515625,1.025390625,-0.17578125,-0.33203125
26756,1.162109375,1.162109375,-0.25390625,-0.341796875
26757,1.30859375,1.11328125,-0.078125,-0.44921875
26758,1.2109375,1.0546875,-0.263671875,-0.400390625
26759,1.23046875,1.09375,-0.224609375,-0.3515625
26760,1.181640625,0.947265625,-0.185546875,-0.390625
26761,1.1328125,1.11328125,-0.2734375,-0.3125
26762,1.162109375,1.103515625,-0.13671875,-0.2734375
26763,1.40625,1.1328125,-0.244140625,-0.322265625
26764,1.2109375,1.083984375,-0.205078125,-0.0390625
26765,1.26953125,1.162109375,-0.224609375,-0.37109375
26766,1.259765625,1.103515625,-0.146484375,-0.361328125
26767,1.181640625,0.859375,-0.244140625,-0.322265625
26768,1.298828125,1.083984375,-0.224609375,-0.341796875
26769,1.25,1.142578125,-0.29296875,-0.322265625
26770,1.259765625,0.9765625,-0.15625,-0.263671875
26771,1.142578125,1.142578125,-0.224609375,-0.1953125
26772,1.279296875,1.103515625,-0.185546875,-0.283203125
26773,1.240234375,1.3671875,-0.1953125,-0.390625
26774,1.103515625,1.162109375,-0.185546875,-0.283203125
26775,1.181640625,1.064453125,-0.25390625,-0.439453125
26776,1.201171875,1.025390625,-0.21484375,-0.4296875
26777,1.162109375,1.09375,-0.17578125,-0.400390625
26778,1.2890625,1.0546875,-0.05859375,-0.41015625
26779,1.220703125,1.083984375,-0.263671875,-0.41015625
26780,1.259765625,1.103515625,-0.146484375,-0.41015625
26781,1.259765625,1.19140625,-0.205078125,-0.37109375
26782,1.240234375,1.064453125,-0.13671875,-0.3515625
26783,1.240234375,1.123046875,-0.205078125,-0.25390625
26784,1.259765625,1.025390625,-0.244140625,-0.322265625
26785,1.15234375,1.025390625,-0.25390625,-0.37109375
26786,1.2109375,1.083984375,-0.25390625,-0.380859375
26787,1.19140625,1.025390625,-0.3515625,-0.33203125
26788,1.1328125,1.09375,-0.29296875,-0.2734375
26789,1.19140625,1.083984375,-0.21484375,-0.2734375
26790,1.2109375,1.09375,-0.37109375,-0.341796875
26791,1.083984375,0.99609375,-0.361328125,-0.302734375
26792,1.201171875,1.064453125,-0.33203125,-0.234375
26793,1.220703125,1.0546875,-0.41015625,-0.3515625
26794,1.240234375,0.947265625,-0.341796875,-0.33203125
26795,1.201171875,0.99609375,-0.25390625,-0.17578125
26796,1.181640625,1.0546875,-0.263671875,-0.33203125
26797,1.23046875,0.986328125,-0.341796875,-0.380859375
26798,1.220703125,1.07421875,-0.322265625,-0.380859375
26799,1.240234375,1.03515625,-0.33203125,-0.33203125
26800,1.240234375,1.083984375,-0.21484375,-0.29296875
26801,1.162109375,1.123046875,-0.25390625,-0.439453125
26802,1.240234375,1.044921875,-0.234375,-0.302734375
26803,1.220703125,1.103515625,-0.25390625,-0.244140625
26804,1.26953125,0.986328125,-0.21484375,-0.234375
26805,1.142578125,1.09375,-0.302734375,-0.1171875
26806,1.19140625,1.328125,-0.25390625,-0.302734375
26807,1.201171875,1.0546875,-0.234375,-0.2734375
26808,1.2109375,1.083984375,-0.185546875,-0.341796875
26809,1.23046875,1.171875,-0.224609375,-0.3515625
26810,1.240234375,1.103515625,-0.13671875,-0.3125
26811,1.240234375,1.07421875,-0.244140625,-0.1953125
26812,1.201171875,1.220703125,-0.17578125,-0.302734375
26813,1.25,1.123046875,-0.244140625,-0.283203125
26814,1.328125,1.03515625,-0.37109375,-0.05859375
26815,1.259765625,1.162109375,-0.302734375,-0.322265625
26816,1.19140625,1.09375,-0.302734375,-0.029296875
26817,1.2109375,1.07421875,-0.302734375,-0.25390625
26818,1.220703125,1.19140625,-0.419921875,-0.234375
26819,1.2109375,1.03515625,-0.37109375,-0.205078125
26820,1.1328125,1.083984375,-0.244140625,-0.3125
26821,1.1328125,1.19140625,-0.5078125,-0.25390625
26822,1.25,1.15234375,-0.3515625,-0.33203125
26823,1.181640625,1.11328125,-0.3515625,-0.419921875
26824,1.337890625,1.09375,-0.322265625,-0.244140625
26825,1.279296875,1.171875,-0.322265625,-0.33203125
26826,1.298828125,1.103515625,-0.3125,-0.5078125
26827,1.15234375,1.09375,-0.3515625,-0.25390625
26828,1.2890625,1.103515625,-0.37109375,-0.29296875
26829,1.30859375,1.09375,-0.322265625,-0.107421875
26830,1.2109375,1.064453125,-0.166015625,-0.29296875
26831,1.298828125,0.966796875,-0.13671875,-0.234375
26832,1.103515625,1.07421875,-0.361328125,-0.2734375
26833,1.2109375,1.11328125,-0.380859375,-0.234375
26834,1.220703125,1.181640625,-0.3515625,-0.341796875
26835,1.25,1.11328125,-0.263671875,-0.09765625
26836,1.34765625,1.142578125,-0.244140625,-0.224609375
26837,1.220703125,1.064453125,-0.302734375,-0.126953125
26838,1.220703125,1.142578125,-0.361328125,-0.185546875
26839,1.318359375,1.162109375,-0.341796875,-0.2734375
26840,1.357421875,1.201171875,-0.29296875,-0.1953125
26841,1.201171875,0.99609375,-0.263671875,-0.09765625
26842,1.279296875,1.015625,-0.380859375,-0.25390625
26843,1.26953125,1.0546875,-0.380859375,-0.29296875
26844,1.181640625,1.123046875,-0.341796875,-0.205078125
26845,1.103515625,1.0546875,-0.341796875,-0.322265625
26846,1.1328125,1.044921875,-0.498046875,-0.244140625
26847,1.1328125,1.171875,-0.341796875,-0.234375
26848,1.15234375,1.11328125,-0.29296875,-0.21484375
26849,1.240234375,1.11328125,-0.439453125,-0.341796875
26850,1.279296875,1.103515625,-0.3515625,-0.33203125
26851,1.083984375,1.103515625,-0.3515625,-0.1953125
26852,1.220703125,1.005859375,-0.48828125,-0.302734375
26853,1.2109375,1.1328125,-0.3515625,-0.33203125
26854,1.259765625,1.1328125,-0.29296875,-0.146484375
26855,1.220703125,1.15234375,-0.3515625,-0.244140625
26856,1.2109375,1.064453125,-0.263671875,-0.2734375
26857,1.07421875,1.1328125,-0.185546875,-0.25390625
26858,1.201171875,1.162109375,-0.146484375,-0.302734375
26859,1.279296875,1.123046875,-0.341796875,-0.302734375
26860,1.19140625,1.15234375,-0.283203125,-0.302734375
26861,1.171875,1.142578125,-0.1953125,-0.244140625
26862,1.23046875,1.064453125,-0.244140625,-0.224609375
26863,1.23046875,1.181640625,-0.283203125,-0.244140625
26864,1.220703125,1.11328125,-0.224609375,-0.263671875
26865,1.201171875,1.171875,-0.29296875,-0.322265625
26866,1.259765625,1.15234375,-0.302734375,-0.234375
26867,1.181640625,1.015625,-0.322265625,-0.263671875
26868,1.181640625,1.1328125,-0.380859375,-0.341796875
26869,1.07421875,1.123046875,-0.302734375,-0.361328125
26870,1.2890625,1.142578125,-0.244140625,-0.302734375
26871,1.201171875,1.15234375,-0.322265625,-0.263671875
26872,1.171875,1.064453125,-0.25390625,-0.1953125
26873,1.201171875,1.03515625,-0.3515625,-0.21484375
26874,1.357421875,0.99609375,-0.25390625,-0.400390625
26875,1.2109375,1.07421875,-0.263671875,-0.1953125
26876,1.259765625,1.1328125,-0.390625,-0.25390625
26877,1.201171875,1.103515625,-0.146484375,-0.302734375
26878,1.19140625,1.15234375,-0.3515625,-0.244140625
26879,1.162109375,0.91796875,-0.13671875,-0.29296875
26880,1.279296875,1.064453125,-0.234375,-0.205078125
26881,1.30859375,1.103515625,-0.263671875,-0.126953125
26882,1.26953125,1.2890625,-0.3515625,-0.25390625
26883,1.19140625,1.23046875,-0.244140625,-0.166015625
26884,1.2109375,1.083984375,-0.234375,-0.205078125
26885,1.201171875,1.123046875,-0.322265625,-0.17578125
26886,1.279296875,1.19140625,-0.205078125,-0.25390625
26887,1.25,1.025390625,-0.2734375,-0.322265625
26888,1.1328125,1.025390625,-0.361328125,-0.283203125
26889,1.279296875,1.09375,-0.3515625,-0.244140625
26890,1.23046875,1.123046875,-0.29296875,-0.3515625
26891,1.4453125,1.064453125,-0.400390625,-0.3125
26892,1.30859375,1.142578125,-0.4296875,-0.400390625
26893,1.259765625,1.07421875,-0.25390625,-0.205078125
26894,1.259765625,1.044921875,-0.1953125,-0.234375
26895,1.19140625,1.123046875,-0.302734375,-0.29296875
26896,1.220703125,1.123046875,-0.3125,-0.341796875
26897,1.279296875,1.142578125,-0.3515625,-0.322265625
26898,1.25,1.0546875,-0.13671875,-0.25390625
26899,1.240234375,1.201171875,-0.322265625,-0.380859375
26900,1.259765625,1.123046875,-0.263671875,-0.234375
26901,1.337890625,1.11328125,-0.29296875,-0.25390625
26902,1.30859375,1.11328125,-0.3125,-0.263671875
26903,1.240234375,1.07421875,-0.2734375,-0.283203125
26904,1.1328125,1.07421875,-0.33203125,-0.15625
26905,1.42578125,1.083984375,-0.341796875,-0.126953125
26906,1.201171875,1.064453125,-0.302734375,-0.263671875
26907,1.2890625,1.044921875,-0.322265625,-0.2734375
26908,1.2890625,1.07421875,-0.3515625,-0.29296875
26909,1.279296875,1.064453125,-0.224609375,-0.234375
26910,1.30859375,1.005859375,-0.25390625,-0.29296875
26911,1.23046875,1.083984375,-0.3125,-0.234375
26912,1.26953125,1.044921875,-0.263671875,-0.3515625
26913,1.279296875,1.26953125,-0.205078125,-0.283203125
26914,1.2890625,1.044921875,-0.244140625,-0.21484375
26915,1.240234375,0.9765625,-0.322265625,-0.33203125
26916,1.181640625,1.1328125,-0.33203125,-0.29296875
26917,1.26953125,1.11328125,-0.107421875,-0.2734375
26918,1.220703125,1.162109375,-0.2734375,-0.33203125
26919,1.220703125,0.8984375,-0.2734375,-0.3515625
26920,1.34765625,1.064453125,-0.2734375,-0.1953125
26921,1.2890625,1.162109375,-0.37109375,-0.302734375
26922,1.23046875,1.19140625,-0.205078125,-0.2734375
26923,1.240234375,1.181640625,-0.41015625,-0.322265625
26924,1.30859375,1.201171875,-0.263671875,-0.21484375
26925,1.2890625,1.11328125,-0.41015625,-0.302734375
26926,1.318359375,1.11328125,-0.25390625,-0.478515625
26927,1.328125,1.11328125,-0.283203125,-0.322265625
26928,1.19140625,1.19140625,-0.390625,-0.263671875
26929,1.25,1.07421875,-0.2734375,-0.13671875
26930,1.30859375,1.064453125,-0.244140625,-0.234375
26931,1.2890625,0.8203125,-0.283203125,-0.33203125
26932,1.19140625,1.044921875,-0.3515625,-0.41015625
26933,1.2890625,1.044921875,-0.25390625,-0.4296875
26934,1.298828125,1.1328125,-0.3515625,-0.263671875
26935,1.240234375,1.044921875,-0.234375,-0.33203125
26936,1.26953125,1.044921875,-0.302734375,-0.3125
26937,1.26953125,1.298828125,-0.3515625,-0.29296875
26938,1.26953125,1.11328125,-0.283203125,-0.205078125
26939,1.34765625,1.064453125,-0.244140625,-0.390625
26940,1.513671875,0.99609375,-0.107421875,-0.302734375
26941,1.26953125,1.005859375,-0.322265625,-0.224609375
26942,1.2890625,1.07421875,-0.322265625,-0.44921875
26943,1.220703125,1.015625,-0.3125,-0.3125
26944,1.2890625,1.23046875,-0.390625,-0.283203125
26945,1.19140625,1.181640625,-0.283203125,-0.185546875
26946,1.3671875,1.123046875,-0.2734375,-0.234375
26947,1.201171875,1.23046875,-0.2734375,-0.52734375
26948,1.240234375,1.09375,-0.25390625,-0.498046875
26949,1.259765625,1.240234375,-0.244140625,-0.322265625
26950,1.25,1.083984375,-0.283203125,-0.400390625
26951,1.220703125,1.181640625,-0.15625,-0.234375
26952,1.19140625,1.07421875,-0.29296875,-0.33203125
26953,1.318359375,1.23046875,-0.1953125,-0.33203125
26954,1.279296875,1.123046875,-0.3125,-0.3125
26955,1.142578125,1.1328125,-0.322265625,-0.283203125
26956,1.201171875,1.0546875,-0.15625,-0.15625
26957,1.19140625,1.1328125,-0.126953125,-0.33203125
26958,1.220703125,1.2109375,-0.29296875,-0.302734375
26959,1.19140625,1.357421875,-0.185546875,-0.380859375
26960,1.1328125,1.142578125,-0.205078125,-0.205078125
26961,1.162109375,1.103515625,-0.33203125,-0.390625
26962,1.201171875,1.015625,-0.15625,-0.302734375
26963,1.171875,1.1328125,-0.41015625,-0.341796875
26964,1.123046875,1.25,-0.205078125,-0.244140625
26965,1.2109375,1.083984375,-0.302734375,-0.322265625
26966,1.171875,1.23046875,-0.361328125,-0.224609375
26967,1.044921875,1.181640625,-0.33203125,-0.33203125
26968,1.220703125,1.09375,-0.390625,-0.263671875
26969,1.259765625,1.123046875,-0.25390625,-0.224609375
26970,1.201171875,1.201171875,-0.361328125,-0.419921875
26971,1.15234375,1.162109375,-0.21484375,-0.380859375
26972,1.142578125,1.181640625,-0.283203125,-0.3515625
26973,1.220703125,1.201171875,-0.419921875,-0.400390625
26974,1.25,1.123046875,-0.3515625,-0.361328125
26975,1.26953125,1.171875,-0.25390625,-0.37109375
26976,1.455078125,1.240234375,-0.302734375,-0.322265625
26977,1.1328125,1.23046875,-0.341796875,-0.41015625
26978,1.23046875,1.259765625,-0.322265625,-0.5078125
26979,1.181640625,1.201171875,-0.3125,-0.458984375
26980,1.25,1.259765625,-0.205078125,-0.380859375
26981,1.220703125,1.181640625,-0.05859375,-0.224609375
26982,1.25,1.171875,-0.283203125,-0.390625
26983,1.15234375,1.23046875,-0.302734375,-0.419921875
26984,1.19140625,1.25,-0.25390625,-0.283203125
26985,1.2890625,1.181640625,-0.2734375,-0.361328125
26986,1.2109375,1.298828125,-0.205078125,-0.37109375
26987,1.2109375,1.181640625,-0.33203125,-0.419921875
26988,1.2109375,1.26953125,-0.205078125,-0.400390625
26989,1.23046875,1.2109375,-0.263671875,-0.341796875
26990,1.171875,1.279296875,-0.3125,-0.361328125
26991,1.26953125,1.201171875,-0.224609375,-0.400390625
26992,1.220703125,1.220703125,-0.25390625,-0.419921875
26993,1.2109375,1.40625,-0.244140625,-0.380859375
26994,1.15234375,1.19140625,-0.302734375,-0.400390625
26995,1.171875,1.1328125,-0.29296875,-0.3515625
26996,1.19140625,1.181640625,-0.322265625,-0.48828125
26997,1.103515625,1.23046875,-0.341796875,-0.390625
26998,1.15234375,1.142578125,-0.2734375,-0.37109375
26999,1.26953125,1.259765625,-0.302734375,-0.41015625
27000,1.259765625,1.279296875,-0.2734375,-0.439453125
27001,1.19140625,1.26953125,-0.283203125,-0.341796875
27002,1.19140625,1.3671875,-0.341796875,-0.2734375
27003,1.15234375,1.23046875,-0.234375,-0.458984375
27004,1.19140625,1.181640625,-0.322265625,-0.3515625
27005,1.26953125,1.220703125,-0.29296875,-0.44921875
27006,1.38671875,1.181640625,-0.244140625,-0.400390625
27007,1.2890625,1.25,-0.01953125,-0.458984375
27008,1.07421875,1.279296875,-0.283203125,-0.41015625
27009,1.181640625,1.26953125,-0.224609375,-0.3515625
27010,1.171875,1.26953125,-0.166015625,-0.37109375
27011,1.123046875,1.162109375,-0.13671875,-0.283203125
27012,1.15234375,1.23046875,-0.25390625,-0.361328125
27013,1.15234375,1.015625,-0.224609375,-0.41015625
27014,1.357421875,1.201171875,-0.29296875,-0.5078125
27015,1.416015625,1.181640625,-0.185546875,-0.439453125
27016,1.298828125,1.123046875,-0.29296875,-0.3515625
27017,1.23046875,1.201171875,-0.068359375,-0.41015625
27018,1.23046875,1.181640625,-0.244140625,-0.341796875
27019,1.357421875,1.26953125,-0.234375,-0.341796875
27020,1.328125,1.09375,-0.25390625,-0.439453125
27021,1.328125,1.220703125,-0.224609375,-0.37109375
27022,1.298828125,1.11328125,-0.341796875,-0.419921875
27023,1.318359375,1.142578125,-0.283203125,-0.41015625
27024,1.2890625,1.201171875,-0.322265625,-0.3125
27025,1.318359375,1.0546875,-0.263671875,-0.48828125
27026,1.26953125,1.15234375,-0.283203125,-0.48828125
27027,1.26953125,1.171875,-0.224609375,-0.46875
27028,1.30859375,1.19140625,-0.322265625,-0.439453125
27029,1.220703125,1.171875,-0.185546875,-0.400390625
27030,1.201171875,1.044921875,-0.244140625,-0.498046875
27031,1.162109375,1.25,-0.2734375,-0.4296875
27032,1.181640625,1.2109375,-0.361328125,-0.419921875
27033,1.259765625,1.181640625,-0.322265625,-0.48828125
27034,1.279296875,1.220703125,-0.3125,-0.5078125
27035,1.171875,1.162109375,-0.21484375,-0.46875
27036,1.15234375,1.07421875,-0.283203125,-0.48828125
27037,1.337890625,1.162109375,-0.341796875,-0.4296875
27038,1.15234375,1.201171875,-0.29296875,-0.419921875
27039,1.103515625,1.220703125,-0.302734375,-0.322265625
27040,1.259765625,1.15234375,-0.25390625,-0.341796875
27041,1.240234375,1.103515625,-0.29296875,-0.419921875
27042,1.26953125,1.1328125,-0.361328125,-0.48828125
27043,1.181640625,1.09375,-0.21484375,-0.3515625
27044,1.123046875,1.1328125,-0.15625,-0.361328125
27045,1.201171875,1.1328125,-0.2734375,-0.380859375
27046,1.1328125,1.1328125,-0.263671875,-0.419921875
27047,1.1328125,1.15234375,-0.3125,-0.380859375
27048,1.2109375,1.1328125,-0.322265625,-0.361328125
27049,1.259765625,1.1328125,-0.224609375,-0.400390625
27050,1.201171875,1.279296875,-0.15625,-0.390625
27051,1.26953125,1.064453125,-0.283203125,-0.390625
27052,1.2109375,1.15234375,-0.244140625,-0.46875
27053,1.298828125,1.201171875,-0.3515625,-0.46875
27054,1.23046875,1.11328125,-0.380859375,-0.556640625
27055,1.23046875,1.1328125,-0.205078125,-0.44921875
27056,1.259765625,1.1328125,-0.263671875,-0.361328125
27057,1.2109375,1.2109375,-0.1953125,-0.390625
27058,1.318359375,1.201171875,-0.234375,-0.244140625
27059,1.19140625,0.947265625,-0.224609375,-0.419921875
27060,1.259765625,1.298828125,-0.3125,-0.341796875
27061,1.357421875,1.162109375,-0.185546875,-0.4296875
27062,1.044921875,1.123046875,-0.21484375,-0.46875
27063,1.26953125,1.1328125,-0.302734375,-0.25390625
27064,1.240234375,1.1328125,-0.244140625,-0.537109375
27065,1.220703125,1.044921875,-0.21484375,-0.361328125
27066,1.279296875,1.123046875,-0.234375,-0.458984375
27067,1.2109375,1.15234375,-0.3125,-0.341796875
27068,1.2109375,0.966796875,-0.234375,-0.322265625
27069,1.181640625,1.142578125,-0.234375,-0.29296875
27070,1.11328125,1.240234375,-0.2734375,-0.25390625
27071,1.23046875,0.9765625,-0.126953125,-0.37109375
27072,1.181640625,1.23046875,-0.185546875,-0.3125
27073,1.181640625,1.064453125,-0.244140625,-0.44921875
27074,1.30859375,1.23046875,-0.25390625,-0.41015625
27075,1.2109375,1.19140625,-0.3515625,-0.37109375
27076,1.220703125,1.162109375,-0.29296875,-0.283203125
27077,1.171875,1.044921875,-0.283203125,-0.41015625
27078,1.19140625,1.0546875,-0.361328125,-0.341796875
27079,1.240234375,1.123046875,-0.29296875,-0.3515625
27080,1.2109375,1.181640625,-0.2734375,-0.3125
27081,1.30859375,1.044921875,-0.25390625,-0.380859375
27082,1.201171875,1.220703125,-0.15625,-0.478515625
27083,1.25,1.162109375,-0.263671875,-0.458984375
27084,1.1328125,1.1328125,-0.283203125,-0.380859375
27085,1.11328125,1.15234375,-0.1953125,-0.419921875
27086,1.19140625,1.044921875,-0.17578125,-0.4296875
27087,1.240234375,1.123046875,-0.1953125,-0.400390625
27088,1.240234375,1.1328125,-0.25390625,-0.29296875
27089,1.357421875,1.181640625,-0.380859375,-0.478515625
27090,1.240234375,1.03515625,-0.244140625,-0.380859375
27091,1.181640625,1.15234375,-0.244140625,-0.390625
27092,1.2109375,1.201171875,-0.224609375,-0.498046875
27093,1.26953125,1.181640625,-0.185546875,-0.361328125
27094,1.26953125,1.123046875,-0.21484375,-0.25390625
27095,1.2109375,1.142578125,-0.185546875,-0.3515625
27096,1.25,1.201171875,-0.205078125,-0.44921875
27097,1.2109375,1.11328125,-0.21484375,-0.390625
27098,1.279296875,1.19140625,-0.15625,-0.439453125
27099,1.2109375,1.171875,-0.33203125,-0.439453125
27100,1.26953125,1.240234375,-0.146484375,-0.341796875
27101,1.25,1.162109375,-0.13671875,-0.380859375
27102,1.171875,1.201171875,-0.244140625,-0.37109375
27103,1.2109375,1.142578125,-0.166015625,-0.400390625
27104,1.171875,1.09375,-0.25390625,-0.322265625
27105,1.220703125,1.15234375,-0.21484375,-0.33203125
27106,1.25,0.9375,-0.283203125,-0.302734375
27107,1.15234375,1.15234375,-0.263671875,-0.458984375
27108,1.103515625,1.162109375,-0.322265625,-0.37109375
27109,1.201171875,1.25,-0.322265625,-0.419921875
27110,1.23046875,1.2109375,-0.3515625,-0.3515625
27111,1.23046875,1.103515625,-0.302734375,-0.33203125
27112,1.2109375,1.142578125,-0.2734375,-0.46875
27113,1.2109375,1.123046875,-0.302734375,-0.419921875
27114,1.220703125,1.259765625,-0.2734375,-0.3125
27115,1.2109375,1.181640625,-0.2734375,-0.41015625
27116,1.2890625,1.162109375,-0.224609375,-0.390625
27117,1.162109375,1.123046875,-0.302734375,-0.3515625
27118,1.201171875,1.162109375,-0.15625,-0.29296875
27119,1.2109375,1.15234375,-0.224609375,-0.33203125
27120,1.259765625,1.142578125,-0.3515625,-0.400390625
27121,1.259765625,0.99609375,-0.107421875,-0.283203125
27122,1.171875,1.15234375,-0.2734375,-0.322265625
27123,1.162109375,1.181640625,-0.283203125,-0.341796875
27124,1.2109375,1.19140625,-0.302734375,-0.439453125
27125,1.201171875,1.19140625,-0.263671875,-0.33203125
27126,1.25,1.103515625,-0.21484375,-0.361328125
27127,1.220703125,1.171875,-0.3515625,-0.4296875
27128,1.279296875,1.15234375,-0.302734375,-0.44921875
27129,1.318359375,1.15234375,-0.234375,-0.41015625
27130,1.298828125,1.09375,-0.263671875,-0.41015625
27131,1.357421875,1.162109375,-0.234375,-0.322265625
27132,1.2109375,1.03515625,-0.25390625,-0.419921875
27133,1.23046875,1.005859375,-0.21484375,-0.341796875
27134,1.2109375,1.11328125,-0.3125,-0.283203125
27135,1.240234375,1.083984375,-0.380859375,-0.478515625
27136,1.201171875,0.986328125,-0.3515625,-0.33203125
27137,1.25,1.025390625,-0.33203125,-0.419921875
27138,1.34765625,1.064453125,-0.234375,-0.33203125
27139,1.318359375,1.162109375,-0.390625,-0.400390625
27140,1.2890625,1.1328125,-0.3515625,-0.419921875
27141,1.298828125,1.064453125,-0.29296875,-0.41015625
27142,1.337890625,1.142578125,-0.400390625,-0.380859375
27143,1.318359375,1.15234375,-0.3125,-0.166015625
27144,1.220703125,1.25,-0.1953125,-0.390625
27145,1.46484375,1.181640625,-0.29296875,-0.37109375
27146,1.2890625,1.1328125,-0.3125,-0.390625
27147,1.34765625,1.09375,-0.25390625,-0.37109375
27148,1.38671875,1.1328125,-0.15625,-0.361328125
27149,1.3671875,1.162109375,-0.185546875,-0.37109375
27150,1.42578125,1.181640625,-0.1953125,-0.341796875
27151,1.328125,1.044921875,-0.29296875,-0.380859375
27152,1.337890625,1.103515625,-0.21484375,-0.380859375
27153,1.220703125,1.15234375,-0.15625,-0.400390625
27154,1.220703125,1.201171875,-0.1953125,-0.302734375
27155,1.259765625,1.201171875,-0.25390625,-0.439453125
27156,1.3671875,1.142578125,-0.166015625,-0.390625
27157,1.34765625,1.181640625,-0.146484375,-0.380859375
27158,1.279296875,1.171875,-0.107421875,-0.44921875
27159,1.298828125,1.142578125,-0.25390625,-0.390625
27160,1.26953125,1.220703125,-0.13671875,-0.419921875
27161,1.2890625,1.09375,-0.244140625,-0.48828125
27162,1.240234375,1.1328125,-0.1953125,-0.361328125
27163,1.298828125,1.142578125,-0.1953125,-0.380859375
27164,1.259765625,1.2109375,-0.126953125,-0.29296875
27165,1.30859375,1.123046875,-0.25390625,-0.361328125
27166,1.23046875,1.162109375,-0.21484375,-0.361328125
27167,1.337890625,1.07421875,-0.1953125,-0.4296875
27168,1.2890625,1.15234375,-0.263671875,-0.458984375
27169,1.396484375,1.19140625,-0.2734375,-0.29296875
27170,1.240234375,1.103515625,-0.1953125,-0.390625
27171,1.474609375,1.11328125,-0.25390625,-0.419921875
27172,1.3671875,1.025390625,-0.1171875,-0.341796875
27173,1.2890625,1.162109375,-0.244140625,-0.33203125
27174,1.181640625,1.15234375,-0.234375,-0.419921875
27175,1.30859375,1.103515625,-0.263671875,-0.37109375
27176,1.3671875,1.083984375,-0.205078125,-0.41015625
27177,1.42578125,1.103515625,-0.283203125,-0.400390625
27178,1.34765625,1.279296875,-0.126953125,-0.37109375
27179,1.328125,1.162109375,-0.205078125,-0.380859375
27180,1.26953125,1.181640625,-0.25390625,-0.244140625
27181,1.123046875,1.142578125,-0.244140625,-0.419921875
27182,1.259765625,1.09375,-0.244140625,-0.37109375
27183,1.26953125,1.123046875,-0.21484375,-0.322265625
27184,1.3671875,1.03515625,-0.29296875,-0.400390625
27185,1.201171875,1.123046875,-0.09765625,-0.439453125
27186,1.142578125,1.171875,-0.263671875,-0.458984375
27187,1.38671875,0.8984375,-0.244140625,-0.37109375
27188,1.25,1.064453125,-0.15625,-0.3515625
27189,1.298828125,1.123046875,-0.21484375,-0.3515625
27190,1.337890625,1.201171875,-0.3515625,-0.4296875
27191,1.2890625,1.03515625,-0.33203125,-0.41015625
27192,1.376953125,1.123046875,-0.283203125,-0.498046875
27193,1.26953125,1.044921875,-0.185546875,-0.33203125
27194,1.171875,1.171875,-0.21484375,-0.33203125
27195,1.123046875,1.1328125,-0.205078125,-0.25390625
27196,0.99609375,1.103515625,-0.166015625,-0.37109375
27197,1.181640625,1.171875,-0.15625,-0.283203125
27198,1.19140625,1.025390625,-0.17578125,-0.322265625
27199,1.298828125,1.0546875,-0.205078125,-0.244140625
27200,1.26953125,1.171875,-0.302734375,-0.322265625
27201,1.2109375,1.11328125,-0.224609375,-0.302734375
27202,1.142578125,1.1328125,-0.205078125,-0.3515625
27203,1.376953125,1.162109375,-0.400390625,-0.419921875
27204,1.328125,1.07421875,-0.25390625,-0.17578125
27205,1.103515625,1.19140625,-0.244140625,-0.37109375
27206,1.30859375,1.1328125,-0.224609375,-0.17578125
27207,1.25,1.03515625,-0.13671875,-0.263671875
27208,1.328125,1.044921875,-0.205078125,-0.400390625
27209,1.25,1.083984375,-0.17578125,-0.302734375
27210,1.298828125,1.11328125,-0.205078125,-0.29296875
27211,1.318359375,1.103515625,-0.224609375,-0.439453125
27212,1.23046875,1.123046875,-0.244140625,-0.283203125
27213,1.25,1.064453125,-0.185546875,-0.1171875
27214,1.279296875,0.9765625,-0.25390625,-0.33203125
27215,1.240234375,1.044921875,-0.25390625,-0.3125
27216,1.19140625,1.044921875,-0.3125,-0.33203125
27217,1.201171875,1.11328125,-0.234375,-0.41015625
27218,1.2109375,1.142578125,-0.283203125,-0.33203125
27219,1.25,1.064453125,-0.205078125,-0.263671875
27220,1.201171875,1.064453125,-0.25390625,-0.25390625
27221,1.19140625,1.025390625,-0.244140625,-0.322265625
27222,1.123046875,0.9765625,-0.263671875,-0.234375
27223,1.142578125,0.99609375,-0.263671875,-0.380859375
27224,1.15234375,1.044921875,-0.224609375,-0.322265625
27225,1.259765625,1.0546875,-0.29296875,-0.244140625
27226,1.123046875,1.103515625,-0.283203125,-0.244140625
27227,1.2890625,1.1328125,-0.322265625,-0.21484375
27228,1.162109375,1.142578125,-0.302734375,-0.37109375
27229,1.181640625,1.044921875,-0.25390625,-0.2734375
27230,1.26953125,1.0546875,-0.13671875,-0.302734375
27231,1.201171875,1.11328125,-0.1953125,-0.37109375
27232,1.240234375,0.9765625,-0.224609375,-0.33203125
27233,1.123046875,1.07421875,-0.17578125,-0.283203125
27234,1.259765625,1.064453125,-0.166015625,-0.361328125
27235,1.259765625,1.123046875,-0.17578125,-0.283203125
27236,1.26953125,1.005859375,-0.224609375,-0.25390625
27237,1.2109375,1.083984375,-0.283203125,-0.400390625
27238,1.19140625,1.123046875,-0.37109375,-0.2734375
27239,1.279296875,1.083984375,-0.25390625,-0.283203125
27240,1.2109375,1.0546875,0,-0.244140625
27241,1.337890625,1.11328125,-0.185546875,-0.498046875
27242,1.220703125,1.15234375,-0.234375,-0.29296875
27243,1.2109375,0.966796875,-0.2734375,-0.224609375
27244,1.25,1.07421875,-0.224609375,-0.2734375
27245,1.15234375,0.927734375,-0.29296875,-0.29296875
27246,1.19140625,1.142578125,-0.33203125,-0.21484375
27247,1.25,1.07421875,-0.29296875,-0.33203125
27248,1.201171875,1.03515625,-0.234375,-0.3125
27249,1.142578125,1.1328125,-0.3515625,-0.2734375
27250,1.240234375,1.025390625,-0.263671875,-0.3125
27251,1.26953125,1.083984375,-0.33203125,-0.244140625
27252,1.2109375,1.19140625,-0.283203125,-0.244140625
27253,1.15234375,1.11328125,-0.21484375,-0.244140625
27254,1.11328125,1.064453125,-0.283203125,-0.361328125
27255,1.279296875,1.083984375,-0.234375,-0.400390625
27256,1.240234375,1.123046875,-0.2734375,-0.263671875
27257,1.19140625,1.103515625,-0.15625,-0.25390625
27258,1.162109375,1.123046875,-0.15625,-0.224609375
27259,1.337890625,1.09375,-0.25390625,-0.17578125
27260,1.220703125,1.07421875,-0.322265625,-0.263671875
27261,1.298828125,1.03515625,-0.1953125,-0.29296875
27262,1.2890625,1.064453125,-0.3125,-0.25390625
27263,1.328125,0.99609375,-0.234375,-0.2734375
27264,1.30859375,1.162109375,-0.21484375,-0.25390625
27265,1.34765625,0.966796875,-0.341796875,-0.322265625
27266,1.19140625,1.09375,-0.244140625,-0.341796875
27267,1.3671875,0.99609375,-0.302734375,-0.263671875
27268,1.259765625,1.064453125,-0.37109375,-0.126953125
27269,1.162109375,1.015625,-0.302734375,-0.25390625
27270,1.220703125,1.044921875,-0.380859375,-0.283203125
27271,1.279296875,1.083984375,-0.3515625,-0.380859375
27272,1.328125,1.064453125,-0.419921875,-0.244140625
27273,1.26953125,0.95703125,-0.380859375,-0.15625
27274,1.26953125,1.123046875,-0.322265625,-0.126953125
27275,1.25,1.03515625,-0.361328125,-0.29296875
27276,1.25,1.064453125,-0.44921875,-0.185546875
27277,1.162109375,1.044921875,-0.419921875,-0.078125
27278,1.23046875,1.1328125,-0.46875,-0.25390625
27279,1.19140625,1.064453125,-0.64453125,-0.205078125
27280,1.279296875,1.083984375,-0.29296875,-0.17578125
27281,1.181640625,1.103515625,-0.4296875,-0.29296875
27282,1.142578125,1.005859375,-0.41015625,-0.263671875
27283,1.171875,1.07421875,-0.33203125,-0.29296875
27284,1.240234375,1.07421875,-0.322265625,-0.244140625
27285,1.259765625,1.015625,-0.29296875,-0.244140625
27286,1.142578125,1.064453125,-0.380859375,-0.322265625
27287,1.240234375,1.1328125,-0.302734375,-0.205078125
27288,1.171875,1.0546875,-0.4296875,-0.1953125
27289,1.171875,1.09375,-0.322265625,-0.15625
27290,1.26953125,1.07421875,-0.3515625,-0.205078125
27291,1.2890625,1.220703125,-0.302734375,-0.244140625
27292,1.240234375,1.181640625,-0.224609375,-0.322265625
27293,1.201171875,1.09375,-0.341796875,-0.322265625
27294,1.123046875,1.171875,-0.21484375,-0.2734375
27295,1.201171875,1.15234375,-0.29296875,-0.244140625
27296,1.162109375,1.09375,-0.302734375,-0.419921875
27297,1.2890625,0.9765625,-0.322265625,-0.224609375
27298,1.162109375,1.181640625,-0.33203125,-0.361328125
27299,1.162109375,1.03515625,-0.25390625,-0.107421875
27300,1.259765625,1.11328125,-0.322265625,-0.263671875
27301,1.220703125,1.07421875,-0.341796875,-0.33203125
27302,1.259765625,1.11328125,-0.224609375,-0.263671875
27303,1.279296875,1.103515625,-0.25390625,-0.25390625
27304,1.201171875,1.083984375,-0.166015625,-0.029296875
27305,1.123046875,1.07421875,-0.322265625,-0.341796875
27306,1.5625,1.19140625,-0.29296875,-0.224609375
27307,1.2890625,1.19140625,-0.37109375,-0.1953125
27308,1.181640625,1.15234375,-0.283203125,-0.185546875
27309,1.2890625,1.103515625,-0.302734375,-0.263671875
27310,1.181640625,0.99609375,-0.3125,-0.21484375
27311,1.279296875,1.07421875,-0.29296875,-0.263671875
27312,1.30859375,1.064453125,-0.2734375,-0.263671875
27313,1.318359375,1.142578125,-0.1953125,-0.380859375
27314,1.240234375,1.025390625,-0.3125,-0.3515625
27315,1.240234375,1.19140625,-0.244140625,-0.29296875
27316,1.357421875,1.1328125,-0.126953125,-0.302734375
27317,1.298828125,1.181640625,-0.21484375,-0.234375
27318,1.162109375,1.19140625,-0.3515625,-0.322265625
27319,1.181640625,0.966796875,-0.283203125,-0.3125
27320,1.26953125,1.1328125,-0.205078125,-0.41015625
27321,1.201171875,1.064453125,-0.3515625,-0.224609375
27322,1.26953125,1.025390625,-0.17578125,-0.283203125
27323,1.2890625,1.2109375,-0.205078125,-0.25390625
27324,1.259765625,1.09375,-0.2734375,-0.234375
27325,1.23046875,1.162109375,-0.283203125,-0.37109375
27326,1.26953125,1.103515625,-0.3125,-0.25390625
27327,1.123046875,1.162109375,-0.302734375,-0.283203125
27328,1.30859375,1.2109375,-0.400390625,-0.29296875
27329,1.240234375,1.142578125,-0.29296875,-0.205078125
27330,1.142578125,1.11328125,-0.3125,-0.29296875
27331,1.162109375,1.201171875,-0.361328125,-0.263671875
27332,1.162109375,1.07421875,-0.2734375,-0.244140625
27333,1.30859375,1.11328125,-0.302734375,-0.185546875
27334,1.396484375,1.2109375,-0.419921875,-0.166015625
27335,1.318359375,1.07421875,-0.2734375,-0.21484375
27336,1.30859375,1.07421875,-0.302734375,-0.166015625
27337,1.240234375,1.1328125,-0.2734375,-0.361328125
27338,1.318359375,1.09375,-0.302734375,-0.2734375
27339,1.26953125,1.07421875,-0.33203125,-0.244140625
27340,1.19140625,1.07421875,-0.419921875,-0.283203125
27341,1.2890625,1.1328125,-0.263671875,-0.234375
27342,1.328125,1.015625,-0.33203125,-0.1953125
27343,1.279296875,1.09375,-0.244140625,-0.234375
27344,1.357421875,1.025390625,-0.302734375,-0.2734375
27345,1.220703125,1.09375,-0.1953125,-0.1953125
27346,1.23046875,1.11328125,-0.185546875,-0.25390625
27347,1.2109375,1.171875,-0.283203125,-0.380859375
27348,1.171875,1.171875,-0.29296875,-0.33203125
27349,1.25,1.142578125,-0.21484375,-0.263671875
27350,1.142578125,1.26953125,-0.3515625,-0.390625
27351,1.30859375,1.09375,-0.33203125,-0.2734375
27352,1.34765625,1.15234375,-0.3515625,-0.263671875
27353,1.259765625,1.103515625,-0.224609375,-0.33203125
27354,1.240234375,1.083984375,-0.3125,-0.2734375
27355,1.2109375,1.07421875,-0.244140625,-0.1953125
27356,1.09375,1.07421875,-0.2734375,-0.25390625
27357,1.240234375,1.142578125,-0.3515625,-0.3515625
27358,1.201171875,1.26953125,-0.341796875,-0.263671875
27359,1.240234375,1.19140625,-0.17578125,-0.341796875
27360,1.328125,1.123046875,-0.37109375,-0.302734375
27361,1.318359375,1.083984375,-0.29296875,-0.390625
27362,1.337890625,1.19140625,-0.244140625,-0.21484375
27363,1.328125,1.083984375,-0.263671875,-0.2734375
27364,1.30859375,1.03515625,-0.302734375,-0.2734375
27365,1.162109375,1.044921875,-0.29296875,-0.244140625
27366,1.1328125,1.15234375,-0.302734375,-0.283203125
27367,1.162109375,1.025390625,-0.185546875,-0.283203125
27368,1.26953125,1.025390625,-0.068359375,-0.361328125
27369,1.328125,0.986328125,-0.244140625,-0.44921875
27370,1.435546875,1.083984375,-0.283203125,-0.185546875
27371,1.2109375,1.142578125,-0.234375,-0.263671875
27372,1.25,1.083984375,-0.25390625,-0.3515625
27373,1.357421875,1.103515625,-0.380859375,-0.29296875
27374,1.240234375,1.07421875,-0.166015625,-0.419921875
27375,1.26953125,1.1328125,-0.2734375,-0.1953125
27376,1.26953125,1.11328125,-0.33203125,-0.361328125
27377,1.2890625,1.181640625,-0.1953125,-0.458984375
27378,1.19140625,1.162109375,-0.380859375,-0.537109375
27379,1.240234375,1.11328125,-0.263671875,-0.3125
27380,1.19140625,1.201171875,-0.302734375,-0.41015625
27381,1.2109375,1.2109375,-0.3125,-0.2734375
27382,1.23046875,1.083984375,-0.25390625,-0.361328125
27383,1.162109375,1.083984375,-0.3125,-0.341796875
27384,1.220703125,1.1328125,-0.3515625,-0.419921875
27385,1.259765625,1.083984375,-0.205078125,-0.302734375
27386,1.15234375,1.0546875,-0.3125,-0.33203125
27387,1.240234375,1.171875,-0.302734375,-0.224609375
27388,1.220703125,1.2109375,-0.234375,-0.29296875
27389,1.220703125,1.201171875,-0.3125,-0.302734375
27390,1.201171875,1.15234375,-0.29296875,-0.33203125
27391,1.181640625,1.083984375,-0.390625,-0.283203125
27392,1.171875,1.1328125,-0.400390625,-0.322265625
27393,1.279296875,1.1328125,-0.17578125,-0.302734375
27394,1.220703125,1.09375,-0.2734375,-0.3125
27395,1.2109375,1.220703125,-0.341796875,-0.29296875
27396,1.1328125,1.162109375,-0.302734375,-0.380859375
27397,1.171875,1.07421875,-0.322265625,-0.33203125
27398,1.201171875,1.142578125,-0.37109375,-0.3515625
27399,1.171875,1.162109375,-0.3125,-0.224609375
27400,1.240234375,1.162109375,-0.283203125,-0.263671875
27401,1.279296875,1.171875,-0.29296875,-0.341796875
27402,1.259765625,1.240234375,-0.400390625,-0.5859375
27403,1.259765625,1.201171875,-0.29296875,-0.380859375
27404,1.220703125,1.259765625,-0.1171875,-0.380859375
27405,1.142578125,1.23046875,-0.322265625,-0.37109375
27406,1.30859375,1.162109375,-0.29296875,-0.380859375
27407,1.26953125,1.15234375,-0.380859375,-0.390625
27408,1.171875,1.220703125,-0.25390625,-0.361328125
27409,1.2890625,1.19140625,-0.205078125,-0.361328125
27410,1.201171875,1.201171875,-0.244140625,-0.37109375
27411,1.11328125,1.201171875,-0.205078125,-0.46875
27412,1.2109375,1.2890625,-0.283203125,-0.380859375
27413,1.298828125,1.23046875,-0.244140625,-0.341796875
27414,1.2109375,1.259765625,-0.185546875,-0.498046875
27415,1.2890625,1.23046875,-0.234375,-0.361328125
27416,1.15234375,1.15234375,-0.224609375,-0.41015625
27417,1.220703125,1.240234375,-0.302734375,-0.400390625
27418,1.298828125,1.220703125,-0.234375,-0.380859375
27419,1.171875,1.15234375,-0.126953125,-0.361328125
27420,1.318359375,1.123046875,-0.21484375,-0.3515625
27421,1.2109375,1.142578125,-0.33203125,-0.41015625
27422,1.220703125,1.201171875,-0.166015625,-0.322265625
27423,1.2890625,1.2109375,-0.263671875,-0.41015625
27424,1.42578125,1.162109375,-0.25390625,-0.283203125
27425,1.328125,1.240234375,-0.283203125,-0.390625
27426,1.181640625,1.328125,-0.283203125,-0.439453125
27427,1.19140625,1.15234375,-0.29296875,-0.419921875
27428,1.2109375,1.181640625,-0.29296875,-0.419921875
27429,1.259765625,1.123046875,-0.205078125,-0.322265625
27430,1.240234375,1.23046875,-0.37109375,-0.2734375
27431,1.25,1.337890625,-0.3125,-0.380859375
27432,1.279296875,1.23046875,-0.25390625,-0.498046875
27433,1.201171875,1.2109375,-0.2734375,-0.361328125
27434,1.2890625,1.220703125,-0.29296875,-0.3125
27435,1.171875,1.337890625,-0.322265625,-0.44921875
27436,1.26953125,1.30859375,-0.2734375,-0.380859375
27437,1.34765625,1.181640625,-0.3515625,-0.4296875
27438,1.34765625,1.23046875,-0.126953125,-0.439453125
27439,1.42578125,1.240234375,-0.341796875,-0.634765625
27440,1.298828125,1.201171875,-0.283203125,-0.478515625
27441,1.2890625,1.2890625,-0.185546875,-0.419921875
27442,1.240234375,1.240234375,-0.302734375,-0.458984375
27443,1.259765625,1.240234375,-0.244140625,-0.361328125
27444,1.298828125,1.19140625,-0.263671875,-0.4296875
27445,1.220703125,1.123046875,-0.2734375,-0.46875
27446,1.34765625,1.064453125,-0.322265625,-0.37109375
27447,1.26953125,1.123046875,-0.234375,-0.380859375
27448,1.318359375,1.220703125,-0.185546875,-0.46875
27449,1.201171875,1.123046875,-0.25390625,-0.4296875
27450,1.337890625,1.162109375,-0.322265625,-0.400390625
27451,1.337890625,1.240234375,-0.283203125,-0.60546875
27452,1.2890625,1.162109375,-0.224609375,-0.4296875
27453,1.298828125,1.26953125,-0.2734375,-0.400390625
27454,1.34765625,1.1328125,-0.205078125,-0.41015625
27455,1.318359375,1.26953125,-0.25390625,-0.322265625
27456,1.298828125,1.162109375,-0.25390625,-0.400390625
27457,1.26953125,1.15234375,-0.302734375,-0.44921875
27458,1.279296875,1.1328125,-0.2734375,-0.44921875
27459,1.25,1.11328125,-0.224609375,-0.41015625
27460,1.240234375,1.0546875,-0.17578125,-0.390625
27461,1.279296875,1.19140625,-0.25390625,-0.390625
27462,1.220703125,1.181640625,-0.234375,-0.390625
27463,1.181640625,0.9765625,-0.2734375,-0.3515625
27464,1.376953125,1.171875,-0.21484375,-0.46875
27465,1.123046875,1.2890625,-0.44921875,-0.341796875
27466,1.240234375,1.19140625,-0.302734375,-0.6640625
27467,1.220703125,1.09375,-0.3125,-0.4296875
27468,1.2109375,1.25,-0.21484375,-0.4296875
27469,1.240234375,1.23046875,-0.234375,-0.44921875
27470,1.19140625,1.201171875,-0.29296875,-0.458984375
27471,1.2890625,1.1328125,-0.166015625,-0.400390625
27472,1.259765625,1.30859375,-0.234375,-0.400390625
27473,1.259765625,1.201171875,-0.234375,-0.3125
27474,1.26953125,1.1328125,-0.2734375,-0.41015625
27475,1.142578125,1.044921875,-0.29296875,-0.37109375
27476,1.181640625,1.103515625,-0.2734375,-0.439453125
27477,1.23046875,1.357421875,-0.15625,-0.46875
27478,1.162109375,1.083984375,-0.341796875,-0.322265625
27479,1.23046875,1.11328125,-0.263671875,-0.380859375
27480,1.201171875,1.142578125,-0.068359375,-0.3515625
27481,1.279296875,1.025390625,-0.185546875,-0.33203125
27482,1.171875,1.142578125,-0.234375,-0.361328125
27483,1.23046875,1.07421875,-0.37109375,-0.439453125
27484,1.416015625,1.0546875,-0.146484375,-0.2734375
27485,1.15234375,1.07421875,-0.1953125,-0.146484375
27486,1.2109375,1.162109375,-0.302734375,-0.46875
27487,1.26953125,1.103515625,-0.263671875,-0.556640625
27488,1.2890625,1.171875,-0.33203125,-0.64453125
27489,1.19140625,1.07421875,-0.302734375,-0.380859375
27490,1.2109375,1.0546875,-0.25390625,-0.439453125
27491,1.30859375,1.15234375,-0.302734375,-0.390625
27492,1.26953125,1.23046875,-0.37109375,-0.478515625
27493,1.220703125,1.1328125,-0.2734375,-0.654296875
27494,1.181640625,1.171875,-0.2734375,-0.52734375
27495,1.259765625,1.201171875,-0.3125,-0.46875
27496,1.26953125,1.07421875,-0.21484375,-0.458984375
27497,1.142578125,1.142578125,-0.166015625,-0.419921875
27498,1.201171875,1.142578125,-0.263671875,-0.517578125
27499,1.23046875,1.07421875,-0.400390625,-0.458984375
27500,1.142578125,1.162109375,-0.185546875,-0.33203125
27501,1.2109375,1.1328125,-0.341796875,-0.302734375
27502,1.181640625,1.15234375,-0.302734375,-0.361328125
27503,1.279296875,1.103515625,-0.263671875,-0.263671875
27504,1.25,1.1328125,-0.33203125,-0.263671875
27505,1.23046875,1.23046875,-0.205078125,-0.341796875
27506,1.25,1.123046875,-0.3125,-0.44921875
27507,1.171875,1.15234375,-0.21484375,-0.380859375
27508,1.171875,1.123046875,-0.302734375,-0.361328125
27509,1.181640625,1.064453125,-0.17578125,-0.302734375
27510,1.220703125,1.162109375,-0.224609375,-0.41015625
27511,1.26953125,1.171875,-0.2734375,-0.3515625
27512,1.201171875,1.142578125,-0.224609375,-0.29296875
27513,1.220703125,1.103515625,-0.283203125,-0.4296875
27514,1.181640625,1.123046875,-0.29296875,-0.361328125
27515,1.1328125,1.15234375,-0.263671875,-0.283203125
27516,1.162109375,1.103515625,-0.166015625,-0.46875
27517,1.11328125,1.064453125,-0.0390625,-0.458984375
27518,1.162109375,1.220703125,-0.1171875,-0.322265625
27519,1.181640625,1.064453125,-0.263671875,-0.44921875
27520,1.15234375,1.162109375,-0.224609375,-0.458984375
27521,1.103515625,1.11328125,-0.185546875,-0.517578125
27522,1.2109375,1.123046875,-0.234375,-0.517578125
27523,1.201171875,1.11328125,-0.21484375,-0.400390625
27524,1.162109375,1.142578125,-0.166015625,-0.41015625
27525,1.103515625,1.25,-0.17578125,-0.4296875
27526,1.25,1.123046875,-0.234375,-0.4296875
27527,1.142578125,1.11328125,-0.09765625,-0.41015625
27528,1.357421875,1.083984375,-0.1953125,-0.41015625
27529,1.083984375,1.142578125,-0.087890625,-0.44921875
27530,1.220703125,1.09375,-0.17578125,-0.419921875
27531,1.083984375,1.142578125,-0.224609375,-0.361328125
27532,1.23046875,1.240234375,-0.166015625,-0.419921875
27533,1.259765625,1.044921875,-0.33203125,-0.478515625
27534,1.240234375,1.103515625,-0.322265625,-0.341796875
27535,1.328125,1.1328125,-0.302734375,-0.3515625
27536,1.220703125,1.220703125,-0.25390625,-0.44921875
27537,1.30859375,1.142578125,-0.283203125,-0.41015625
27538,1.416015625,1.044921875,-0.17578125,-0.439453125
27539,1.220703125,0.9375,-0.205078125,-0.5078125
27540,1.26953125,1.181640625,-0.244140625,-0.3515625
27541,1.2890625,1.1328125,-0.185546875,-0.302734375
27542,1.181640625,1.064453125,-0.361328125,-0.322265625
27543,1.26953125,1.09375,-0.302734375,-0.302734375
27544,1.34765625,1.123046875,-0.224609375,-0.37109375
27545,1.259765625,1.142578125,-0.263671875,-0.244140625
27546,1.328125,1.15234375,-0.263671875,-0.244140625
27547,1.2109375,1.103515625,-0.3125,-0.361328125
27548,1.123046875,1.025390625,-0.3125,-0.361328125
27549,1.2890625,1.044921875,-0.13671875,-0.2734375
27550,1.259765625,1.2109375,-0.302734375,-0.380859375
27551,1.123046875,1.142578125,-0.13671875,-0.380859375
27552,1.279296875,1.15234375,-0.21484375,-0.3515625
27553,1.30859375,1.1328125,-0.166015625,-0.361328125
27554,1.30859375,1.142578125,-0.25390625,-0.361328125
27555,1.30859375,1.15234375,-0.234375,-0.33203125
27556,1.328125,1.025390625,-0.2734375,-0.4296875
27557,1.26953125,1.2109375,-0.25390625,-0.25390625
27558,1.318359375,1.181640625,-0.244140625,-0.244140625
27559,1.279296875,1.142578125,-0.166015625,-0.400390625
27560,1.240234375,1.15234375,-0.1171875,-0.3125
27561,1.298828125,1.09375,-0.15625,-0.390625
27562,1.2109375,1.15234375,-0.25390625,-0.37109375
27563,1.23046875,1.1328125,-0.205078125,-0.46875
27564,1.25,1.1328125,-0.2734375,-0.498046875
27565,1.318359375,1.0546875,-0.1953125,-0.390625
27566,1.298828125,1.015625,-0.166015625,-0.419921875
27567,1.396484375,1.1328125,-0.302734375,-0.48828125
27568,1.34765625,1.11328125,-0.21484375,-0.44921875
27569,1.30859375,1.171875,-0.146484375,-0.341796875
27570,1.298828125,1.123046875,-0.283203125,-0.3515625
27571,1.2890625,1.015625,-0.29296875,-0.361328125
27572,1.220703125,1.123046875,-0.21484375,-0.44921875
27573,1.220703125,1.11328125,-0.2734375,-0.263671875
27574,1.34765625,1.103515625,-0.205078125,-0.400390625
27575,1.181640625,1.11328125,-0.166015625,-0.4296875
27576,1.23046875,1.025390625,-0.244140625,-0.380859375
27577,1.19140625,1.1328125,-0.244140625,-0.44921875
27578,1.181640625,1.15234375,-0.166015625,-0.48828125
27579,1.240234375,1.103515625,-0.185546875,-0.576171875
27580,1.337890625,1.083984375,-0.244140625,-0.341796875
27581,1.2890625,1.025390625,-0.1953125,-0.400390625
27582,1.34765625,1.23046875,-0.25390625,-0.390625
27583,1.34765625,1.083984375,-0.224609375,-0.4296875
27584,1.337890625,1.181640625,-0.3125,-0.44921875
27585,1.34765625,1.083984375,-0.17578125,-0.234375
27586,1.26953125,1.123046875,-0.17578125,-0.37109375
27587,1.40625,1.103515625,-0.166015625,-0.3515625
27588,1.328125,1.11328125,-0.185546875,-0.419921875
27589,1.30859375,1.1328125,-0.205078125,-0.400390625
27590,1.42578125,1.171875,-0.166015625,-0.419921875
27591,1.26953125,1.083984375,-0.13671875,-0.37109375
27592,1.26953125,1.181640625,-0.166015625,-0.439453125
27593,1.357421875,1.240234375,-0.17578125,-0.458984375
27594,1.298828125,1.2109375,-0.048828125,-0.283203125
27595,1.337890625,1.181640625,-0.283203125,-0.341796875
27596,1.26953125,1.09375,-0.21484375,-0.361328125
27597,1.318359375,1.201171875,-0.25390625,-0.439453125
27598,1.23046875,1.142578125,-0.234375,-0.458984375
27599,1.23046875,1.044921875,-0.1953125,-0.44921875
27600,1.181640625,1.142578125,-0.244140625,-0.380859375
27601,1.19140625,1.1328125,-0.263671875,-0.302734375
27602,1.337890625,1.03515625,-0.21484375,-0.419921875
27603,1.19140625,1.2109375,-0.263671875,-0.380859375
27604,1.23046875,1.1328125,-0.185546875,-0.380859375
27605,1.26953125,1.2109375,-0.244140625,-0.400390625
27606,1.142578125,1.25,-0.205078125,-0.458984375
27607,1.396484375,1.11328125,-0.1953125,-0.439453125
27608,1.11328125,1.259765625,-0.302734375,-0.439453125
27609,1.19140625,1.09375,-0.263671875,-0.439453125
27610,1.298828125,1.142578125,-0.224609375,-0.37109375
27611,1.259765625,1.220703125,-0.2734375,-0.361328125
27612,1.259765625,1.123046875,-0.29296875,-0.3515625
27613,1.2109375,1.171875,-0.15625,-0.380859375
27614,1.123046875,1.044921875,-0.185546875,-0.361328125
27615,1.23046875,1.123046875,-0.13671875,-0.322265625
27616,1.19140625,0.9375,-0.244140625,-0.400390625
27617,1.25,1.171875,-0.361328125,-0.3125
27618,1.171875,0.99609375,-0.205078125,-0.3125
27619,1.23046875,1.005859375,-0.263671875,-0.556640625
27620,1.083984375,1.083984375,-0.400390625,-0.33203125
27621,1.23046875,1.103515625,-0.087890625,-0.33203125
27622,1.220703125,1.162109375,-0.244140625,-0.498046875
27623,1.15234375,0.95703125,-0.29296875,-0.3515625
27624,1.201171875,1.123046875,-0.322265625,-0.361328125
27625,1.1328125,1.07421875,-0.263671875,-0.33203125
27626,1.2109375,1.123046875,-0.3125,-0.341796875
27627,1.181640625,1.103515625,-0.283203125,-0.29296875
27628,1.162109375,1.103515625,-0.263671875,-0.3125
27629,1.03515625,1.09375,-0.263671875,-0.37109375
27630,1.201171875,1.1328125,-0.400390625,-0.419921875
27631,1.1328125,1.11328125,-0.244140625,-0.166015625
27632,1.201171875,1.083984375,-0.3125,-0.302734375
27633,1.142578125,1.005859375,-0.205078125,-0.29296875
27634,1.240234375,1.09375,-0.205078125,-0.380859375
27635,1.162109375,1.11328125,-0.224609375,-0.302734375
27636,1.201171875,1.103515625,-0.068359375,-0.33203125
27637,1.171875,1.123046875,-0.2734375,-0.4296875
27638,1.162109375,1.0546875,-0.21484375,-0.341796875
27639,1.25,1.07421875,-0.234375,-0.33203125
27640,1.201171875,1.005859375,-0.234375,-0.322265625
27641,1.09375,1.0546875,-0.283203125,-0.29296875
27642,1.123046875,1.0546875,-0.185546875,-0.3515625
27643,1.23046875,1.07421875,-0.2734375,-0.322265625
27644,1.220703125,1.005859375,-0.224609375,-0.361328125
27645,1.15234375,0.927734375,-0.166015625,-0.29296875
27646,1.25,0.966796875,-0.341796875,-0.322265625
27647,1.181640625,1.064453125,-0.185546875,-0.3515625
27648,1.201171875,1.0546875,-0.244140625,-0.380859375
27649,1.142578125,1.103515625,-0.244140625,-0.48828125
27650,1.26953125,1.03515625,-0.234375,-0.37109375
27651,1.19140625,1.0546875,-0.3125,-0.302734375
27652,1.19140625,0.986328125,-0.302734375,-0.224609375
27653,1.171875,1.03515625,-0.2734375,-0.29296875
27654,1.19140625,0.99609375,-0.15625,-0.283203125
27655,1.162109375,1.123046875,-0.302734375,-0.390625
27656,1.123046875,1.083984375,-0.322265625,-0.009765625
27657,1.2890625,0.830078125,-0.244140625,-0.33203125
27658,1.171875,1.015625,-0.302734375,-0.3515625
27659,1.123046875,1.005859375,-0.205078125,-0.302734375
27660,1.09375,1.083984375,-0.21484375,-0.302734375
27661,1.171875,1.07421875,-0.224609375,-0.322265625
27662,1.083984375,1.064453125,-0.234375,-0.361328125
27663,1.11328125,1.0546875,-0.17578125,-0.302734375
27664,1.2109375,1.162109375,-0.205078125,-0.3515625
27665,1.19140625,1.064453125,-0.224609375,-0.1953125
27666,1.171875,1.103515625,-0.126953125,-0.302734375
27667,1.220703125,0.986328125,-0.17578125,-0.3515625
27668,1.162109375,1.064453125,-0.13671875,-0.263671875
27669,1.201171875,1.123046875,-0.234375,-0.263671875
27670,1.357421875,1.19140625,-0.1953125,-0.21484375
27671,1.240234375,1.03515625,-0.01953125,-0.244140625
27672,1.2109375,1.15234375,-0.078125,-0.283203125
27673,1.298828125,1.220703125,-0.3125,-0.546875
27674,1.2109375,1.103515625,-0.21484375,-0.322265625
27675,1.142578125,1.11328125,-0.29296875,-0.224609375
27676,1.240234375,1.103515625,-0.126953125,-0.419921875
27677,1.26953125,1.09375,-0.33203125,-0.25390625
27678,1.23046875,1.171875,-0.322265625,-0.283203125
27679,1.201171875,1.19140625,-0.25390625,-0.322265625
27680,1.162109375,1.142578125,-0.29296875,-0.33203125
27681,1.07421875,1.083984375,-0.283203125,-0.263671875
27682,1.09375,1.0546875,-0.234375,-0.1171875
27683,1.15234375,1.064453125,-0.263671875,-0.380859375
27684,1.15234375,1.025390625,-0.2734375,-0.302734375
27685,1.201171875,1.03515625,-0.263671875,-0.234375
27686,1.25,0.95703125,-0.322265625,-0.13671875
27687,1.259765625,1.123046875,-0.244140625,-0.244140625
27688,1.23046875,0.95703125,-0.25390625,-0.302734375
27689,1.23046875,1.0546875,-0.205078125,-0.283203125
27690,1.357421875,1.0546875,-0.234375,-0.205078125
27691,1.15234375,0.908203125,-0.33203125,-0.302734375
27692,1.162109375,1.09375,-0.244140625,-0.166015625
27693,1.015625,1.09375,-0.263671875,-0.2734375
27694,1.2109375,1.162109375,-0.1171875,-0.302734375
27695,1.220703125,1.044921875,-0.302734375,-0.234375
27696,1.181640625,1.025390625,-0.244140625,-0.33203125
27697,1.19140625,1.103515625,-0.341796875,-0.283203125
27698,1.220703125,0.99609375,-0.224609375,-0.185546875
27699,1.2109375,1.064453125,-0.263671875,-0.263671875
27700,1.26953125,1.025390625,-0.1953125,-0.2734375
27701,1.19140625,1.09375,-0.244140625,-0.29296875
27702,1.201171875,1.0546875,-0.3515625,-0.302734375
27703,1.25,1.11328125,-0.37109375,-0.29296875
27704,1.298828125,1.015625,-0.3515625,-0.44921875
27705,1.2109375,1.0546875,-0.3125,-0.2734375
27706,1.298828125,1.005859375,-0.419921875,-0.302734375
27707,1.25,1.025390625,-0.33203125,-0.263671875
27708,1.1328125,1.064453125,-0.33203125,-0.341796875
27709,1.2890625,1.1328125,-0.390625,-0.341796875
27710,1.201171875,0.986328125,-0.4296875,-0.283203125
27711,1.259765625,1.103515625,-0.419921875,-0.244140625
27712,1.19140625,1.09375,-0.478515625,-0.2734375
27713,1.2890625,1.240234375,-0.283203125,-0.263671875
27714,1.279296875,1.09375,-0.419921875,-0.15625
27715,1.181640625,1.123046875,-0.322265625,-0.322265625
27716,1.181640625,1.142578125,-0.29296875,-0.244140625
27717,1.201171875,1.103515625,-0.400390625,-0.166015625
27718,1.279296875,1.11328125,-0.3515625,-0.25390625
27719,1.2109375,0.95703125,-0.33203125,-0.478515625
27720,1.171875,1.181640625,-0.37109375,-0.21484375
27721,1.25,1.064453125,-0.322265625,-0.29296875
27722,1.162109375,1.083984375,-0.41015625,-0.107421875
27723,1.181640625,1.09375,-0.400390625,-0.380859375
27724,1.328125,1.142578125,-0.400390625,-0.224609375
27725,1.03515625,1.015625,-0.29296875,-0.2734375
27726,1.2109375,1.07421875,-0.322265625,-0.302734375
27727,1.025390625,1.142578125,-0.263671875,-0.205078125
27728,1.123046875,1.162109375,-0.3125,-0.21484375
27729,1.19140625,1.09375,-0.341796875,-0.25390625
27730,1.064453125,1.1328125,-0.29296875,-0.185546875
27731,1.171875,1.15234375,-0.322265625,-0.15625
27732,1.171875,1.044921875,-0.25390625,-0.3515625
27733,1.064453125,1.123046875,-0.224609375,-0.1953125
27734,1.171875,1.181640625,-0.1171875,-0.302734375
27735,1.220703125,1.09375,-0.263671875,-0.185546875
27736,1.162109375,1.103515625,-0.1953125,-0.3125
27737,1.162109375,1.123046875,-0.244140625,-0.3125
27738,1.09375,1.044921875,-0.263671875,-0.185546875
27739,1.181640625,1.2890625,-0.283203125,-0.302734375
27740,1.181640625,1.083984375,-0.390625,-0.205078125
27741,1.259765625,1.123046875,-0.25390625,-0.380859375
27742,1.162109375,0.9765625,-0.25390625,-0.244140625
27743,1.09375,0.9765625,-0.302734375,-0.1953125
27744,1.15234375,1.123046875,-0.15625,-0.15625
27745,1.15234375,1.15234375,-0.302734375,-0.185546875
27746,1.181640625,1.0546875,-0.244140625,-0.3125
27747,1.2109375,1.162109375,-0.244140625,-0.380859375
27748,1.1328125,1.09375,-0.33203125,-0.1953125
27749,1.30859375,1.201171875,-0.25390625,-0.1953125
27750,1.220703125,1.07421875,-0.3125,-0.380859375
27751,1.171875,1.171875,-0.3515625,-0.341796875
27752,1.2109375,1.083984375,-0.234375,-0.283203125
27753,1.2109375,1.123046875,-0.224609375,-0.3125
27754,1.2890625,1.11328125,-0.322265625,-0.302734375
27755,1.279296875,1.162109375,-0.33203125,-0.29296875
27756,1.240234375,1.083984375,-0.21484375,-0.2734375
27757,1.1328125,1.15234375,-0.361328125,-0.283203125
27758,1.171875,1.142578125,-0.361328125,-0.283203125
27759,1.220703125,1.11328125,-0.1953125,-0.390625
27760,1.2109375,1.09375,-0.302734375,-0.3515625
27761,1.2109375,1.15234375,-0.341796875,-0.283203125
27762,1.181640625,1.064453125,-0.302734375,-0.283203125
27763,1.259765625,1.0546875,-0.33203125,-0.29296875
27764,1.30859375,1.171875,-0.17578125,-0.205078125
27765,1.2890625,1.09375,-0.380859375,-0.244140625
27766,1.396484375,1.025390625,-0.400390625,-0.2734375
27767,1.240234375,1.1328125,-0.3125,-0.244140625
27768,1.337890625,0.91796875,-0.380859375,-0.234375
27769,1.357421875,1.044921875,-0.2734375,-0.3125
27770,1.357421875,1.064453125,-0.244140625,-0.302734375
27771,1.279296875,1.162109375,-0.37109375,-0.517578125
27772,1.259765625,1.064453125,-0.322265625,-0.322265625
27773,1.25,1.123046875,-0.25390625,-0.283203125
27774,1.279296875,1.07421875,-0.21484375,-0.205078125
27775,1.38671875,1.083984375,-0.2734375,-0.224609375
27776,1.259765625,1.1328125,-0.185546875,-0.33203125
27777,1.2890625,1.201171875,-0.3515625,-0.361328125
27778,1.30859375,1.083984375,-0.263671875,-0.302734375
27779,1.240234375,0.927734375,-0.361328125,-0.234375
27780,1.220703125,0.986328125,-0.283203125,-0.244140625
27781,1.23046875,1.2109375,-0.263671875,-0.41015625
27782,1.240234375,1.2109375,-0.2734375,-0.3125
27783,1.2890625,1.181640625,-0.234375,-0.2734375
27784,1.2109375,1.15234375,-0.126953125,-0.15625
27785,1.123046875,1.279296875,-0.3125,-0.2734375
27786,1.162109375,1.123046875,-0.3125,-0.322265625
27787,1.162109375,1.15234375,-0.341796875,-0.166015625
27788,1.201171875,1.259765625,-0.244140625,-0.244140625
27789,1.26953125,1.142578125,-0.341796875,-0.302734375
27790,1.259765625,1.123046875,-0.341796875,-0.625
27791,1.259765625,1.23046875,-0.380859375,-0.29296875
27792,1.30859375,1.240234375,-0.244140625,-0.205078125
27793,1.337890625,1.181640625,-0.29296875,-0.234375
27794,1.328125,1.15234375,-0.263671875,-0.302734375
27795,1.23046875,1.181640625,-0.46875,-0.322265625
27796,1.533203125,1.09375,-0.322265625,-0.33203125
27797,1.416015625,0.99609375,-0.3125,-0.361328125
27798,1.357421875,1.259765625,-0.224609375,-0.37109375
27799,1.15234375,1.11328125,-0.37109375,-0.380859375
27800,1.2890625,1.07421875,-0.37109375,-0.29296875
27801,1.26953125,1.015625,-0.15625,-0.29296875
27802,1.23046875,1.0546875,-0.302734375,-0.283203125
27803,1.259765625,1.015625,-0.302734375,-0.3125
27804,1.3671875,1.15234375,-0.2734375,-0.361328125
27805,1.279296875,1.025390625,-0.283203125,-0.1953125
27806,1.2890625,1.044921875,-0.283203125,-0.3125
27807,1.259765625,1.2109375,-0.3515625,-0.322265625
27808,1.30859375,1.19140625,-0.244140625,-0.322265625
27809,1.30859375,1.181640625,-0.185546875,-0.380859375
27810,1.1328125,1.123046875,-0.48828125,-0.390625
27811,1.259765625,1.1328125,-0.33203125,-0.25390625
27812,1.376953125,1.1328125,-0.3125,-0.283203125
27813,1.318359375,1.171875,-0.087890625,-0.263671875
27814,1.181640625,1.171875,-0.263671875,-0.390625
27815,1.240234375,1.142578125,-0.283203125,-0.361328125
27816,1.23046875,1.103515625,-0.244140625,-0.341796875
27817,1.26953125,1.162109375,-0.283203125,-0.44921875
27818,1.23046875,1.171875,-0.302734375,-0.283203125
27819,1.240234375,1.103515625,-0.263671875,-0.283203125
27820,1.181640625,1.11328125,-0.21484375,-0.146484375
27821,1.1328125,1.15234375,-0.29296875,-0.2734375
27822,1.15234375,1.103515625,-0.3125,-0.21484375
27823,1.2109375,1.07421875,-0.29296875,-0.302734375
27824,1.220703125,1.11328125,-0.361328125,-0.3125
27825,1.318359375,1.044921875,-0.283203125,-0.25390625
27826,1.23046875,1.181640625,-0.341796875,-0.25390625
27827,1.220703125,1.142578125,-0.3125,-0.3125
27828,1.09375,1.11328125,-0.2734375,-0.341796875
27829,1.279296875,1.142578125,-0.41015625,-0.185546875
27830,1.201171875,1.142578125,-0.263671875,-0.25390625
27831,1.03515625,1.064453125,-0.224609375,-0.302734375
27832,1.171875,1.181640625,-0.361328125,-0.244140625
27833,1.181640625,1.09375,-0.2734375,-0.283203125
27834,1.201171875,1.083984375,-0.185546875,-0.390625
27835,1.044921875,1.11328125,-0.25390625,-0.37109375
27836,1.1328125,1.240234375,-0.322265625,-0.37109375
27837,1.259765625,1.259765625,-0.48828125,-0.498046875
27838,1.181640625,1.25,-0.29296875,-0.41015625
27839,1.15234375,1.25,-0.283203125,-0.380859375
27840,1.11328125,1.171875,-0.1171875,-0.341796875
27841,1.259765625,1.123046875,-0.283203125,-0.37109375
27842,1.11328125,1.259765625,-0.21484375,-0.439453125
27843,1.171875,1.298828125,-0.01953125,-0.33203125
27844,1.07421875,1.142578125,-0.283203125,-0.37109375
27845,1.11328125,1.15234375,-0.25390625,-0.29296875
27846,1.083984375,1.162109375,-0.322265625,-0.322265625
27847,1.259765625,1.298828125,-0.087890625,-0.4296875
27848,1.23046875,1.240234375,-0.263671875,-0.244140625
27849,1.1328125,1.328125,-0.166015625,-0.400390625
27850,1.162109375,1.240234375,-0.205078125,-0.361328125
27851,1.044921875,1.171875,-0.234375,-0.517578125
27852,1.259765625,1.1328125,-0.166015625,-0.29296875
27853,1.162109375,1.25,-0.185546875,-0.4296875
27854,1.201171875,1.19140625,-0.263671875,-0.2734375
27855,1.328125,1.142578125,-0.205078125,-0.41015625
27856,1.19140625,1.337890625,-0.37109375,-0.361328125
27857,1.11328125,1.2890625,-0.283203125,-0.46875
27858,1.142578125,1.181640625,-0.390625,-0.380859375
27859,1.240234375,1.298828125,-0.244140625,-0.41015625
27860,1.30859375,1.259765625,-0.166015625,-0.234375
27861,1.15234375,1.259765625,-0.1953125,-0.283203125
27862,1.220703125,0.99609375,-0.205078125,-0.283203125
27863,1.26953125,1.23046875,-0.1953125,-0.576171875
27864,1.181640625,1.123046875,-0.3125,-0.478515625
27865,1.240234375,1.142578125,-0.21484375,-0.380859375
27866,1.38671875,1.259765625,-0.244140625,-0.4296875
27867,1.171875,1.23046875,-0.283203125,-0.390625
27868,1.181640625,1.259765625,-0.322265625,-0.419921875
27869,1.30859375,1.171875,-0.2734375,-0.546875
27870,1.30859375,1.259765625,-0.25390625,-0.390625
27871,1.2890625,1.11328125,-0.1953125,-0.341796875
27872,1.357421875,1.220703125,-0.361328125,-0.205078125
27873,1.171875,1.15234375,-0.302734375,-0.400390625
27874,1.201171875,1.201171875,-0.234375,-0.41015625
27875,1.23046875,1.220703125,-0.302734375,-0.4296875
27876,1.23046875,1.142578125,-0.25390625,-0.419921875
27877,1.15234375,1.298828125,-0.107421875,-0.37109375
27878,1.23046875,1.19140625,-0.283203125,-0.302734375
27879,1.2890625,1.220703125,-0.29296875,-0.5078125
27880,1.25,1.162109375,-0.341796875,-0.400390625
27881,1.171875,1.2109375,-0.380859375,-0.439453125
27882,1.23046875,1.162109375,-0.322265625,-0.400390625
27883,1.15234375,1.005859375,-0.380859375,-0.37109375
27884,1.19140625,1.15234375,-0.263671875,-0.302734375
27885,1.11328125,1.123046875,-0.3515625,-0.4296875
27886,1.162109375,1.396484375,-0.263671875,-0.41015625
27887,1.181640625,1.171875,-0.234375,-0.322265625
27888,1.328125,1.19140625,-0.302734375,-0.419921875
27889,1.298828125,0.986328125,-0.3125,-0.400390625
27890,1.240234375,1.11328125,-0.29296875,-0.302734375
27891,1.220703125,1.171875,-0.29296875,-0.390625
27892,1.181640625,1.2890625,-0.3125,-0.400390625
27893,1.25,1.142578125,-0.234375,-0.3515625
27894,1.220703125,1.162109375,-0.224609375,-0.41015625
27895,1.162109375,0.87890625,-0.37109375,-0.41015625
27896,1.25,1.171875,-0.244140625,-0.41015625
27897,1.103515625,1.083984375,-0.205078125,-0.380859375
27898,0.9765625,1.064453125,-0.341796875,-0.41015625
27899,1.26953125,1.201171875,-0.15625,-0.478515625
27900,1.337890625,1.19140625,-0.224609375,-0.33203125
27901,1.30859375,1.1328125,-0.15625,-0.37109375
27902,1.298828125,1.0546875,-0.224609375,-0.439453125
27903,1.171875,1.2109375,-0.1953125,-0.29296875
27904,1.259765625,1.044921875,-0.302734375,-0.390625
27905,1.2109375,1.279296875,-0.283203125,-0.498046875
27906,1.34765625,1.083984375,-0.322265625,-0.322265625
27907,1.2109375,0.947265625,-0.263671875,-0.390625
27908,1.181640625,1.0546875,-0.21484375,-0.380859375
27909,1.181640625,1.07421875,-0.234375,-0.419921875
27910,1.26953125,1.220703125,-0.263671875,-0.4296875
27911,1.2109375,1.044921875,-0.166015625,-0.439453125
27912,1.279296875,1.025390625,-0.1953125,-0.25390625
27913,1.279296875,1.083984375,-0.224609375,-0.419921875
27914,1.2890625,1.181640625,-0.3515625,-0.361328125
27915,1.23046875,1.103515625,-0.166015625,-0.4296875
27916,1.201171875,1.181640625,-0.3125,-0.3515625
27917,1.240234375,1.07421875,-0.17578125,-0.3515625
27918,1.240234375,1.19140625,-0.1953125,-0.37109375
27919,1.162109375,1.09375,-0.263671875,-0.400390625
27920,1.162109375,1.103515625,-0.21484375,-0.439453125
27921,1.3671875,1.044921875,-0.21484375,-0.458984375
27922,1.142578125,1.142578125,-0.263671875,-0.46875
27923,1.19140625,1.123046875,-0.15625,-0.3515625
27924,1.240234375,1.103515625,-0.244140625,-0.390625
27925,1.220703125,1.19140625,-0.17578125,-0.419921875
27926,1.26953125,1.005859375,-0.2734375,-0.37109375
27927,1.2109375,1.162109375,-0.37109375,-0.458984375
27928,1.298828125,1.123046875,-0.263671875,-0.4296875
27929,1.142578125,1.279296875,-0.21484375,-0.4296875
27930,1.259765625,1.11328125,-0.25390625,-0.41015625
27931,1.181640625,1.123046875,-0.29296875,-0.439453125
27932,1.19140625,1.083984375,-0.185546875,-0.390625
27933,1.240234375,1.142578125,-0.263671875,-0.263671875
27934,1.201171875,1.201171875,-0.25390625,-0.400390625
27935,1.19140625,1.25,-0.126953125,-0.37109375
27936,1.19140625,1.123046875,-0.224609375,-0.322265625
27937,1.142578125,1.201171875,-0.185546875,-0.380859375
27938,1.30859375,1.162109375,-0.400390625,-0.46875
27939,1.259765625,1.162109375,-0.21484375,-0.33203125
27940,1.181640625,1.083984375,-0.263671875,-0.3515625
27941,1.142578125,1.11328125,-0.234375,-0.44921875
27942,1.15234375,1.15234375,-0.33203125,-0.205078125
27943,1.064453125,1.19140625,-0.21484375,-0.3515625
27944,1.171875,1.162109375,-0.234375,-0.361328125
27945,1.103515625,1.07421875,-0.205078125,-0.3125
27946,1.083984375,1.142578125,-0.224609375,-0.44921875
27947,1.2109375,1.1328125,-0.21484375,-0.458984375
27948,1.123046875,1.09375,-0.25390625,-0.517578125
27949,1.15234375,1.15234375,-0.234375,-0.46875
27950,1.220703125,1.044921875,-0.224609375,-0.478515625
27951,1.1328125,1.142578125,-0.13671875,-0.517578125
27952,1.19140625,1.201171875,-0.205078125,-0.478515625
27953,1.1328125,1.142578125,-0.25390625,-0.46875
27954,1.162109375,0.95703125,-0.21484375,-0.41015625
27955,1.181640625,1.11328125,-0.25390625,-0.44921875
27956,1.19140625,1.15234375,-0.087890625,-0.41015625
27957,1.259765625,1.15234375,-0.224609375,-0.3515625
27958,1.34765625,1.123046875,-0.17578125,-0.48828125
27959,1.171875,1.09375,-0.283203125,-0.380859375
27960,1.162109375,1.455078125,-0.21484375,-0.458984375
27961,1.181640625,1.15234375,-0.234375,-0.400390625
27962,1.30859375,1.015625,-0.3125,-0.341796875
27963,1.34765625,1.19140625,-0.205078125,-0.517578125
27964,1.298828125,1.142578125,-0.2734375,-0.46875
27965,1.07421875,1.1328125,-0.283203125,-0.400390625
27966,1.181640625,1.11328125,-0.078125,-0.400390625
27967,1.11328125,1.19140625,-0.21484375,-0.302734375
27968,1.142578125,1.15234375,-0.234375,-0.2734375
27969,1.07421875,0.966796875,-0.263671875,-0.44921875
27970,1.240234375,1.1328125,-0.166015625,-0.478515625
27971,1.201171875,1.162109375,-0.263671875,-0.390625
27972,1.30859375,1.103515625,-0.2734375,-0.341796875
27973,1.103515625,1.15234375,-0.205078125,-0.224609375
27974,1.171875,0.966796875,-0.146484375,-0.302734375
27975,1.11328125,1.005859375,-0.21484375,-0.37109375
27976,1.220703125,1.220703125,-0.29296875,-0.439453125
27977,1.34765625,1.220703125,-0.21484375,-0.3125
27978,1.23046875,1.07421875,-0.1953125,-0.3515625
27979,1.23046875,1.0546875,-0.185546875,-0.361328125
27980,1.357421875,1.171875,-0.3125,-0.283203125
27981,1.259765625,1.064453125,-0.126953125,-0.390625
27982,1.162109375,1.09375,-0.205078125,-0.419921875
27983,1.19140625,1.123046875,-0.1953125,-0.400390625
27984,1.220703125,1.09375,-0.283203125,-0.400390625
27985,1.259765625,1.142578125,-0.185546875,-0.33203125
27986,1.2109375,1.15234375,-0.263671875,-0.37109375
27987,1.30859375,0.9765625,-0.244140625,-0.48828125
27988,1.201171875,1.142578125,-0.302734375,-0.4296875
27989,1.201171875,1.142578125,-0.283203125,-0.419921875
27990,1.103515625,1.171875,-0.17578125,-0.341796875
27991,1.181640625,1.103515625,-0.185546875,-0.498046875
27992,1.201171875,1.09375,-0.234375,-0.361328125
27993,1.181640625,1.1328125,-0.3125,-0.380859375
27994,1.26953125,1.1328125,-0.224609375,-0.546875
27995,1.162109375,1.2109375,-0.21484375,-0.4296875
27996,1.240234375,0.95703125,-0.1953125,-0.400390625
27997,1.201171875,1.09375,-0.185546875,-0.52734375
27998,1.25,1.123046875,-0.244140625,-0.37109375
27999,1.162109375,1.1328125,-0.25390625,-0.341796875
28000,1.23046875,1.103515625,-0.244140625,-0.478515625
28001,1.26953125,1.1328125,-0.146484375,-0.46875
28002,1.26953125,1.123046875,-0.2734375,-0.341796875
28003,1.162109375,1.015625,-0.244140625,-0.439453125
28004,1.142578125,1.15234375,-0.2734375,-0.37109375
28005,1.19140625,1.0546875,-0.244140625,-0.4296875
28006,1.220703125,1.07421875,-0.146484375,-0.52734375
28007,1.11328125,1.103515625,-0.244140625,-0.263671875
28008,1.25,1.03515625,-0.29296875,-0.3515625
28009,1.23046875,1.11328125,-0.21484375,-0.625
28010,1.19140625,1.2109375,-0.15625,-0.33203125
28011,1.23046875,1.142578125,-0.224609375,-0.341796875
28012,1.30859375,1.1328125,-0.263671875,-0.29296875
28013,1.337890625,1.142578125,-0.146484375,-0.390625
28014,1.328125,1.1328125,-0.185546875,-0.302734375
28015,1.2890625,1.103515625,-0.126953125,-0.41015625
28016,1.337890625,1.171875,-0.244140625,-0.37109375
28017,1.396484375,1.162109375,-0.107421875,-0.400390625
28018,1.328125,1.103515625,-0.126953125,-0.41015625
28019,1.279296875,1.220703125,-0.224609375,-0.302734375
28020,1.30859375,1.1328125,-0.234375,-0.380859375
28021,1.318359375,1.103515625,-0.21484375,-0.419921875
28022,1.26953125,1.162109375,-0.224609375,-0.390625
28023,1.2890625,1.19140625,-0.3125,-0.419921875
28024,1.337890625,1.0546875,-0.15625,-0.654296875
28025,1.298828125,1.123046875,-0.1953125,-0.37109375
28026,1.318359375,1.11328125,-0.1953125,-0.3515625
28027,1.240234375,1.123046875,-0.25390625,-0.46875
28028,1.259765625,1.103515625,-0.283203125,-0.439453125
28029,1.103515625,1.103515625,-0.244140625,-0.3515625
28030,1.19140625,1.064453125,-0.25390625,-0.400390625
28031,1.279296875,1.09375,-0.205078125,-0.458984375
28032,1.259765625,0.966796875,-0.244140625,-0.419921875
28033,1.26953125,1.064453125,-0.1953125,-0.458984375
28034,1.26953125,1.064453125,-0.234375,-0.46875
28035,1.2890625,1.15234375,-0.17578125,-0.302734375
28036,1.181640625,1.025390625,-0.234375,-0.439453125
28037,1.15234375,1.103515625,-0.15625,-0.419921875
28038,1.181640625,1.083984375,-0.166015625,-0.302734375
28039,1.259765625,1.2109375,-0.234375,-0.46875
28040,1.162109375,1.2109375,-0.244140625,-0.3125
28041,1.328125,1.09375,-0.15625,-0.44921875
28042,1.201171875,1.0546875,-0.1953125,-0.458984375
28043,1.201171875,1.1328125,-0.15625,-0.33203125
28044,1.23046875,1.171875,-0.126953125,-0.3125
28045,1.15234375,0.888671875,-0.13671875,-0.439453125
28046,1.181640625,1.2109375,0.009765625,-0.390625
28047,1.201171875,1.09375,-0.244140625,-0.3125
28048,1.25,1.044921875,-0.205078125,-0.37109375
28049,1.240234375,1.064453125,-0.3125,-0.380859375
28050,1.083984375,1.19140625,-0.263671875,-0.380859375
28051,1.337890625,1.03515625,-0.33203125,-0.29296875
28052,1.162109375,1.064453125,-0.21484375,-0.3515625
28053,1.220703125,1.03515625,-0.205078125,-0.37109375
28054,1.201171875,1.318359375,-0.224609375,-0.361328125
28055,1.123046875,1.1328125,-0.087890625,-0.419921875
28056,1.201171875,1.0546875,-0.3515625,-0.41015625
28057,1.240234375,1.09375,-0.09765625,-0.419921875
28058,1.162109375,1.1328125,-0.234375,-0.390625
28059,1.162109375,1.123046875,-0.263671875,-0.29296875
28060,1.19140625,1.09375,-0.234375,-0.361328125
28061,1.19140625,1.103515625,-0.21484375,-0.419921875
28062,1.171875,1.09375,-0.205078125,-0.33203125
28063,1.123046875,0.9375,-0.2734375,-0.37109375
28064,1.19140625,1.15234375,-0.244140625,-0.41015625
28065,1.19140625,1.11328125,-0.25390625,-0.341796875
28066,1.09375,1.064453125,-0.21484375,-0.380859375
28067,1.181640625,1.09375,-0.21484375,-0.52734375
28068,1.26953125,1.11328125,-0.1953125,-0.390625
28069,1.181640625,1.07421875,-0.185546875,-0.3515625
28070,1.19140625,1.0546875,-0.166015625,-0.33203125
28071,1.201171875,1.044921875,-0.166015625,-0.380859375
28072,1.220703125,1.357421875,-0.322265625,-0.263671875
28073,1.19140625,1.1328125,-0.29296875,-0.3515625
28074,1.0546875,1.044921875,-0.224609375,-0.33203125
28075,1.220703125,1.123046875,-0.3125,-0.3125
28076,1.123046875,1.044921875,-0.263671875,-0.283203125
28077,1.171875,1.07421875,-0.224609375,-0.3125
28078,1.044921875,1.015625,-0.33203125,-0.2734375
28079,1.11328125,1.015625,-0.185546875,-0.4296875
28080,1.181640625,1.005859375,-0.244140625,-0.361328125
28081,1.2109375,1.03515625,-0.33203125,-0.341796875
28082,1.09375,0.99609375,-0.1171875,-0.400390625
28083,1.181640625,1.07421875,-0.283203125,-0.302734375
28084,1.181640625,1.123046875,-0.185546875,-0.234375
28085,1.083984375,1.181640625,-0.205078125,-0.302734375
28086,1.103515625,1.123046875,-0.234375,-0.2734375
28087,1.220703125,1.09375,-0.3125,-0.361328125
28088,1.11328125,0.869140625,-0.1953125,-0.3125
28089,1.171875,1.015625,-0.263671875,-0.478515625
28090,1.19140625,1.0546875,-0.2734375,-0.302734375
28091,1.07421875,1.015625,-0.33203125,-0.322265625
28092,1.15234375,1.005859375,-0.224609375,-0.224609375
28093,1.19140625,1.044921875,-0.15625,-0.2734375
28094,1.11328125,0.8203125,-0.283203125,-0.302734375
28095,1.142578125,0.986328125,-0.205078125,-0.400390625
28096,1.23046875,1.1328125,-0.1953125,-0.322265625
28097,1.181640625,1.123046875,-0.2734375,-0.400390625
28098,1.259765625,1.005859375,-0.166015625,-0.33203125
28099,1.23046875,1.064453125,-0.17578125,-0.37109375
28100,1.23046875,1.044921875,-0.263671875,-0.29296875
28101,1.25,1.11328125,-0.146484375,-0.3515625
28102,1.26953125,1.220703125,-0.13671875,-0.390625
28103,1.259765625,1.123046875,-0.322265625,-0.29296875
28104,1.07421875,1.0546875,-0.37109375,-0.25390625
28105,1.318359375,1.103515625,-0.185546875,-0.2734375
28106,1.25,1.11328125,-0.302734375,-0.3125
28107,1.201171875,1.083984375,-0.244140625,-0.341796875
28108,1.181640625,1.03515625,-0.185546875,-0.33203125
28109,1.25,1.220703125,-0.29296875,-0.283203125
28110,1.220703125,1.1328125,-0.205078125,-0.29296875
28111,1.162109375,1.103515625,-0.1953125,-0.341796875
28112,1.240234375,1.09375,-0.205078125,-0.283203125
28113,1.181640625,1.044921875,-0.25390625,-0.146484375
28114,1.11328125,1.11328125,-0.13671875,-0.341796875
28115,1.19140625,1.025390625,-0.17578125,-0.244140625
28116,1.142578125,1.103515625,-0.146484375,-0.322265625
28117,1.23046875,1.11328125,-0.2734375,-0.1953125
28118,1.1328125,1.09375,-0.17578125,-0.302734375
28119,1.2109375,1.171875,-0.2734375,-0.2734375
28120,1.064453125,1.064453125,-0.302734375,-0.341796875
28121,1.142578125,1.083984375,-0.09765625,-0.29296875
28122,1.171875,1.044921875,-0.205078125,-0.2734375
28123,1.220703125,1.09375,-0.205078125,-0.322265625
28124,1.279296875,1.025390625,-0.244140625,-0.302734375
28125,1.123046875,1.171875,-0.234375,-0.400390625
28126,1.240234375,1.171875,-0.1953125,-0.263671875
28127,1.1328125,1.123046875,-0.341796875,-0.263671875
28128,1.19140625,1.005859375,-0.29296875,-0.25390625
28129,1.240234375,1.083984375,-0.166015625,-0.185546875
28130,1.259765625,1.03515625,-0.224609375,-0.29296875
28131,1.201171875,1.07421875,-0.1953125,-0.302734375
28132,1.23046875,1.181640625,-0.361328125,-0.2734375
28133,1.103515625,1.07421875,-0.341796875,-0.29296875
28134,1.25,1.1328125,-0.419921875,-0.302734375
28135,1.064453125,1.064453125,-0.322265625,-0.33203125
28136,1.171875,1.03515625,-0.37109375,-0.33203125
28137,1.201171875,1.03515625,-0.41015625,-0.25390625
28138,1.220703125,1.07421875,-0.244140625,-0.0390625
28139,1.259765625,1.11328125,-0.33203125,-0.205078125
28140,1.328125,1.11328125,-0.3125,-0.341796875
28141,1.279296875,1.11328125,-0.37109375,-0.17578125
28142,1.38671875,0.966796875,-0.4296875,-0.224609375
28143,1.2109375,1.044921875,-0.3125,-0.322265625
28144,1.376953125,1.09375,-0.341796875,0
28145,1.2109375,1.025390625,-0.2734375,-0.283203125
28146,1.240234375,1.025390625,-0.3515625,-0.087890625
28147,1.2109375,1.162109375,-0.322265625,-0.17578125
28148,1.2109375,1.0546875,-0.3515625,-0.263671875
28149,1.259765625,1.025390625,-0.33203125,-0.361328125
28150,1.142578125,1.15234375,-0.322265625,-0.13671875
28151,1.19140625,1.09375,-0.37109375,-0.25390625
28152,1.15234375,1.181640625,-0.3125,-0.146484375
28153,1.2109375,1.064453125,-0.263671875,-0.13671875
28154,1.259765625,1.15234375,-0.37109375,-0.33203125
28155,1.19140625,1.03515625,-0.3125,-0.224609375
28156,1.15234375,1.083984375,-0.33203125,-0.17578125
28157,1.15234375,1.19140625,-0.224609375,-0.244140625
28158,1.19140625,1.123046875,-0.21484375,-0.25390625
28159,1.11328125,1.181640625,-0.302734375,-0.3515625
28160,1.220703125,1.083984375,-0.244140625,-0.29296875
28161,1.11328125,1.1328125,-0.41015625,-0.380859375
28162,1.171875,1.123046875,-0.25390625,-0.283203125
28163,1.240234375,1.083984375,-0.380859375,-0.2734375
28164,1.142578125,1.064453125,-0.33203125,-0.322265625
28165,1.15234375,1.279296875,-0.146484375,-0.263671875
28166,1.142578125,1.044921875,-0.3125,-0.33203125
28167,1.201171875,1.103515625,-0.224609375,-0.2734375
28168,1.19140625,1.15234375,-0.341796875,-0.1171875
28169,1.162109375,1.083984375,-0.283203125,-0.29296875
28170,1.123046875,1.005859375,-0.234375,-0.3125
28171,1.220703125,1.1328125,-0.302734375,-0.244140625
28172,1.259765625,1.11328125,-0.244140625,-0.2734375
28173,1.162109375,1.1328125,-0.3515625,-0.283203125
28174,1.142578125,1.1328125,-0.29296875,-0.33203125
28175,1.2109375,1.162109375,-0.17578125,-0.341796875
28176,1.09375,1.07421875,-0.3515625,-0.263671875
28177,1.1328125,1.083984375,-0.3125,-0.1953125
28178,1.279296875,1.083984375,-0.17578125,-0.3125
28179,1.26953125,1.1328125,-0.302734375,-0.283203125
28180,1.26953125,1.1328125,-0.2734375,-0.205078125
28181,1.259765625,1.09375,-0.3125,-0.205078125
28182,1.201171875,1.03515625,-0.41015625,-0.283203125
28183,1.298828125,1.015625,-0.224609375,-0.302734375
28184,1.26953125,1.07421875,-0.283203125,-0.244140625
28185,1.279296875,1.083984375,-0.234375,-0.244140625
28186,1.298828125,1.103515625,-0.3515625,-0.3515625
28187,1.30859375,1.103515625,-0.341796875,-0.2734375
28188,1.357421875,0.9375,-0.29296875,-0.2734375
28189,1.2109375,1.103515625,-0.361328125,-0.21484375
28190,1.162109375,1.09375,-0.2734375,-0.244140625
28191,1.240234375,1.162109375,-0.29296875,-0.283203125
28192,1.2109375,1.15234375,-0.361328125,-0.3125
28193,1.201171875,1.15234375,-0.302734375,-0.224609375
28194,1.181640625,1.123046875,-0.41015625,-0.302734375
28195,1.201171875,1.083984375,-0.322265625,-0.1171875
28196,1.23046875,1.162109375,-0.439453125,-0.3125
28197,1.25,1.09375,-0.3515625,-0.29296875
28198,1.07421875,1.171875,-0.341796875,-0.224609375
28199,1.25,1.0546875,-0.33203125,-0.205078125
28200,1.201171875,1.0546875,-0.33203125,-0.3125
28201,1.23046875,1.09375,-0.283203125,-0.205078125
28202,1.2109375,1.064453125,-0.37109375,-0.380859375
28203,1.2109375,1.26953125,-0.302734375,-0.224609375
28204,1.19140625,1.0546875,-0.25390625,-0.15625
28205,1.1328125,1.083984375,-0.341796875,-0.283203125
28206,1.240234375,1.1328125,-0.33203125,-0.21484375
28207,1.2890625,1.34765625,-0.37109375,-0.205078125
28208,1.1328125,1.11328125,-0.17578125,-0.33203125
28209,1.220703125,0.966796875,-0.244140625,-0.21484375
28210,1.220703125,1.1328125,-0.166015625,-0.25390625
28211,1.259765625,1.025390625,-0.29296875,-0.283203125
28212,1.298828125,0.9375,-0.17578125,-0.322265625
28213,1.259765625,1.1328125,-0.33203125,-0.224609375
28214,1.15234375,1.123046875,-0.3125,-0.25390625
28215,1.15234375,1.171875,-0.419921875,-0.283203125
28216,1.201171875,1.03515625,-0.3125,-0.302734375
28217,1.181640625,1.15234375,-0.224609375,-0.263671875
28218,1.19140625,1.26953125,-0.380859375,-0.3515625
28219,1.19140625,1.19140625,-0.341796875,-0.25390625
28220,1.259765625,1.2109375,-0.263671875,-0.234375
28221,1.328125,1.23046875,-0.3125,-0.361328125
28222,1.171875,1.171875,-0.17578125,-0.185546875
28223,1.220703125,1.201171875,-0.25390625,-0.390625
28224,1.19140625,1.025390625,-0.3125,-0.244140625
28225,1.25,1.11328125,-0.439453125,-0.224609375
28226,1.30859375,1.259765625,-0.400390625,-0.302734375
28227,1.23046875,1.123046875,-0.3125,-0.2734375
28228,1.181640625,1.1328125,-0.263671875,-0.341796875
28229,1.357421875,1.220703125,-0.2734375,-0.341796875
28230,1.2109375,1.23046875,-0.390625,-0.2734375
28231,1.240234375,1.142578125,-0.21484375,-0.390625
28232,1.171875,1.064453125,-0.2734375,-0.390625
28233,1.240234375,1.181640625,-0.3515625,-0.302734375
28234,1.171875,0.888671875,-0.302734375,-0.341796875
28235,1.181640625,1.15234375,-0.302734375,-0.322265625
28236,1.259765625,1.083984375,-0.283203125,-0.283203125
28237,1.19140625,1.123046875,-0.439453125,-0.37109375
28238,1.2109375,1.03515625,-0.2734375,-0.37109375
28239,1.103515625,1.23046875,-0.3125,-0.302734375
28240,1.162109375,1.201171875,-0.244140625,-0.37109375
28241,1.240234375,1.142578125,-0.361328125,-0.322265625
28242,1.240234375,1.162109375,-0.25390625,-0.29296875
28243,1.181640625,1.240234375,-0.3125,-0.322265625
28244,1.181640625,1.15234375,-0.302734375,-0.33203125
28245,1.19140625,1.181640625,-0.234375,-0.3515625
28246,1.25,1.1328125,-0.263671875,-0.341796875
28247,1.240234375,1.240234375,-0.2734375,-0.37109375
28248,1.201171875,1.220703125,-0.2734375,-0.2734375
28249,1.201171875,1.09375,-0.3515625,-0.29296875
28250,1.171875,1.25,-0.29296875,-0.400390625
28251,1.171875,1.142578125,-0.234375,-0.322265625
28252,1.2890625,1.162109375,-0.341796875,-0.283203125
28253,1.220703125,1.201171875,-0.263671875,-0.244140625
28254,1.09375,1.171875,-0.166015625,-0.25390625
28255,1.337890625,1.2109375,-0.33203125,-0.283203125
28256,1.25,1.142578125,-0.302734375,-0.146484375
28257,1.162109375,1.171875,-0.2734375,-0.166015625
28258,1.201171875,1.11328125,-0.234375,-0.263671875
28259,1.2109375,1.07421875,-0.078125,-0.15625
28260,1.30859375,1.201171875,-0.234375,-0.361328125
28261,1.123046875,1.123046875,-0.33203125,-0.25390625
28262,1.123046875,1.142578125,-0.283203125,-0.458984375
28263,1.25,1.2109375,-0.1171875,-0.29296875
28264,1.19140625,1.2109375,-0.234375,-0.2734375
28265,1.181640625,1.23046875,-0.2734375,-0.17578125
28266,1.083984375,1.0546875,-0.380859375,-0.341796875
28267,1.11328125,1.23046875,-0.322265625,-0.341796875
28268,1.15234375,1.123046875,-0.3515625,-0.439453125
28269,1.15234375,1.15234375,-0.2734375,-0.341796875
28270,1.123046875,1.201171875,-0.224609375,-0.361328125
28271,1.259765625,1.3671875,-0.37109375,-0.361328125
28272,1.1328125,1.25,-0.263671875,-0.224609375
28273,1.15234375,1.259765625,-0.3515625,-0.361328125
28274,1.1328125,1.3671875,-0.283203125,-0.41015625
28275,1.181640625,1.298828125,-0.2734375,-0.3515625
28276,1.1328125,1.064453125,-0.322265625,-0.341796875
28277,1.0546875,1.279296875,-0.302734375,-0.3125
28278,1.103515625,1.25,-0.33203125,-0.21484375
28279,1.181640625,1.2109375,-0.33203125,-0.33203125
28280,1.15234375,1.11328125,-0.3125,-0.419921875
28281,1.201171875,1.23046875,-0.439453125,-0.234375
28282,1.11328125,1.259765625,-0.322265625,-0.37109375
28283,1.064453125,1.23046875,-0.2734375,-0.3515625
28284,1.142578125,1.201171875,-0.3125,-0.48828125
28285,1.123046875,1.19140625,-0.29296875,-0.361328125
28286,1.15234375,1.23046875,-0.1953125,-0.302734375
28287,1.123046875,1.25,-0.166015625,-0.33203125
28288,1.181640625,1.318359375,-0.15625,-0.41015625
28289,1.044921875,1.328125,-0.205078125,-0.361328125
28290,1.083984375,1.26953125,-0.146484375,-0.3515625
28291,1.19140625,1.2109375,-0.224609375,-0.419921875
28292,1.201171875,1.181640625,-0.21484375,-0.37109375
28293,1.15234375,1.171875,-0.224609375,-0.33203125
28294,1.220703125,1.19140625,-0.224609375,-0.390625
28295,1.123046875,1.240234375,-0.185546875,-0.390625
28296,1.240234375,1.220703125,-0.322265625,-0.2734375
28297,1.220703125,1.220703125,-0.37109375,-0.3125
28298,1.171875,1.171875,-0.2734375,-0.41015625
28299,1.240234375,1.015625,-0.3125,-0.439453125
28300,1.240234375,1.162109375,-0.302734375,-0.263671875
28301,1.23046875,1.259765625,-0.29296875,-0.46875
28302,1.171875,1.259765625,-0.341796875,-0.5859375
28303,1.11328125,1.220703125,-0.263671875,-0.400390625
28304,1.15234375,1.103515625,-0.224609375,-0.37109375
28305,1.26953125,1.171875,-0.234375,-0.3125
28306,1.171875,1.220703125,-0.302734375,-0.44921875
28307,1.171875,1.171875,-0.205078125,-0.3515625
28308,1.181640625,1.337890625,-0.322265625,-0.361328125
28309,1.025390625,1.220703125,-0.29296875,-0.361328125
28310,1.1328125,1.2109375,-0.322265625,-0.380859375
28311,1.15234375,1.15234375,-0.302734375,-0.361328125
28312,1.201171875,1.220703125,-0.2734375,-0.361328125
28313,1.240234375,1.259765625,-0.283203125,-0.400390625
28314,1.162109375,1.142578125,-0.33203125,-0.419921875
28315,1.11328125,1.181640625,-0.3125,-0.419921875
28316,1.03515625,1.34765625,-0.29296875,-0.400390625
28317,1.298828125,1.201171875,-0.263671875,-0.302734375
28318,1.240234375,1.201171875,-0.302734375,-0.419921875
28319,1.1328125,1.15234375,-0.361328125,-0.390625
28320,1.279296875,1.083984375,-0.458984375,-0.3125
28321,1.220703125,1.23046875,-0.302734375,-0.48828125
28322,1.25,1.259765625,-0.21484375,-0.41015625
28323,1.259765625,1.162109375,-0.205078125,-0.400390625
28324,1.07421875,1.162109375,-0.234375,-0.380859375
28325,1.15234375,1.171875,-0.3125,-0.361328125
28326,1.259765625,1.044921875,-0.068359375,-0.390625
28327,1.25,1.07421875,-0.302734375,-0.361328125
28328,1.181640625,1.044921875,-0.361328125,-0.322265625
28329,1.26953125,1.26953125,-0.302734375,-0.478515625
28330,1.26953125,1.171875,-0.37109375,-0.546875
28331,1.19140625,1.279296875,-0.263671875,-0.37109375
28332,1.220703125,1.15234375,-0.37109375,-0.33203125
28333,1.181640625,1.1328125,-0.29296875,-0.283203125
28334,1.15234375,1.123046875,-0.322265625,-0.380859375
28335,1.220703125,1.23046875,-0.15625,-0.302734375
28336,1.09375,1.171875,-0.17578125,-0.4296875
28337,1.19140625,1.142578125,-0.224609375,-0.341796875
28338,1.142578125,1.09375,-0.25390625,-0.3515625
28339,1.171875,1.07421875,-0.224609375,-0.126953125
28340,1.15234375,1.19140625,-0.244140625,-0.400390625
28341,1.1328125,1.171875,-0.15625,-0.3125
28342,1.25,1.103515625,-0.185546875,-0.380859375
28343,1.142578125,1.03515625,-0.244140625,-0.302734375
28344,1.220703125,1.142578125,-0.25390625,-0.361328125
28345,1.19140625,1.11328125,-0.25390625,-0.41015625
28346,1.11328125,1.11328125,-0.244140625,-0.400390625
28347,1.07421875,1.162109375,-0.302734375,-0.380859375
28348,1.162109375,1.142578125,-0.25390625,-0.52734375
28349,1.11328125,1.201171875,-0.29296875,-0.380859375
28350,1.1328125,1.083984375,-0.068359375,-0.400390625
28351,1.171875,1.171875,-0.3125,-0.33203125
28352,1.1328125,1.103515625,-0.244140625,-0.44921875
28353,1.201171875,1.025390625,-0.419921875,-0.44921875
28354,1.1328125,1.09375,-0.25390625,-0.52734375
28355,1.220703125,1.15234375,-0.33203125,-0.419921875
28356,1.181640625,1.19140625,-0.15625,-0.37109375
28357,1.162109375,1.1328125,-0.17578125,-0.37109375
28358,1.201171875,1.15234375,-0.322265625,-0.4296875
28359,1.11328125,1.181640625,-0.244140625,-0.46875
28360,1.142578125,1.181640625,-0.263671875,-0.4296875
28361,1.1328125,1.123046875,-0.244140625,-0.361328125
28362,1.23046875,1.162109375,-0.3515625,-0.419921875
28363,1.181640625,1.123046875,-0.33203125,-0.48828125
28364,1.240234375,1.1328125,-0.263671875,-0.4296875
28365,0.99609375,1.142578125,-0.361328125,-0.341796875
28366,1.162109375,1.07421875,-0.263671875,-0.5078125
28367,1.25,1.15234375,-0.185546875,-0.458984375
28368,1.142578125,1.162109375,-0.341796875,-0.322265625
28369,1.220703125,1.064453125,-0.2734375,-0.322265625
28370,1.1328125,1.1328125,-0.205078125,-0.390625
28371,1.201171875,1.123046875,-0.244140625,-0.380859375
28372,1.11328125,1.083984375,-0.33203125,-0.283203125
28373,1.15234375,1.09375,-0.224609375,-0.33203125
28374,1.103515625,1.19140625,-0.3515625,-0.361328125
28375,1.064453125,1.103515625,-0.1953125,-0.41015625
28376,1.11328125,1.064453125,-0.166015625,-0.263671875
28377,1.279296875,1.123046875,-0.244140625,-0.390625
28378,1.2109375,1.181640625,-0.166015625,-0.46875
28379,1.15234375,1.15234375,-0.21484375,-0.48828125
28380,1.103515625,1.162109375,-0.15625,-0.46875
28381,1.064453125,1.26953125,-0.3125,-0.458984375
28382,1.1328125,1.23046875,-0.33203125,-0.3515625
28383,1.09375,1.15234375,-0.3515625,-0.41015625
28384,1.171875,1.328125,-0.341796875,-0.46875
28385,1.103515625,1.2109375,-0.21484375,-0.576171875
28386,1.03515625,1.171875,-0.205078125,-0.380859375
28387,1.15234375,1.2109375,-0.33203125,-0.439453125
28388,1.298828125,1.1328125,-0.224609375,-0.15625
28389,1.1328125,1.357421875,-0.322265625,-0.390625
28390,1.142578125,1.240234375,-0.2734375,-0.37109375
28391,1.07421875,1.26953125,-0.21484375,-0.380859375
28392,1.19140625,1.142578125,-0.21484375,-0.419921875
28393,1.11328125,1.279296875,-0.302734375,-0.390625
28394,1.181640625,1.103515625,-0.33203125,-0.302734375
28395,1.19140625,1.1328125,-0.087890625,-0.341796875
28396,1.220703125,1.123046875,-0.01953125,-0.400390625
28397,1.09375,1.1328125,-0.17578125,-0.3515625
28398,1.1328125,1.142578125,-0.21484375,-0.302734375
28399,1.201171875,1.064453125,-0.1953125,-0.1953125
28400,1.2109375,1.09375,-0.263671875,-0.33203125
28401,1.07421875,1.220703125,-0.25390625,-0.361328125
28402,1.1328125,1.30859375,-0.09765625,-0.302734375
28403,1.23046875,1.171875,-0.25390625,-0.439453125
28404,1.2109375,1.171875,-0.21484375,-0.439453125
28405,1.259765625,1.103515625,-0.1953125,-0.44921875
28406,1.201171875,1.11328125,-0.146484375,-0.3515625
28407,1.220703125,1.09375,-0.205078125,-0.341796875
28408,1.220703125,1.19140625,-0.17578125,-0.390625
28409,1.2109375,1.123046875,-0.244140625,-0.29296875
28410,1.162109375,1.09375,-0.234375,-0.341796875
28411,1.083984375,1.1328125,-0.2734375,-0.283203125
28412,1.162109375,1.07421875,-0.244140625,-0.390625
28413,1.162109375,1.103515625,-0.283203125,-0.41015625
28414,1.19140625,1.044921875,-0.2734375,-0.400390625
28415,1.2109375,1.044921875,-0.33203125,-0.44921875
28416,1.23046875,1.142578125,-0.15625,-0.439453125
28417,1.25,1.2890625,-0.2734375,-0.3515625
28418,1.201171875,1.07421875,-0.302734375,-0.302734375
28419,1.279296875,1.15234375,-0.2734375,-0.37109375
28420,1.19140625,1.07421875,-0.126953125,-0.439453125
28421,1.2109375,1.15234375,-0.33203125,-0.400390625
28422,1.171875,1.083984375,-0.25390625,-0.302734375
28423,1.142578125,1.15234375,-0.185546875,-0.419921875
28424,1.181640625,1.1328125,-0.244140625,-0.52734375
28425,1.2890625,1.09375,-0.244140625,-0.37109375
28426,1.240234375,1.103515625,-0.283203125,-0.380859375
28427,1.1328125,1.1328125,-0.234375,-0.52734375
28428,1.171875,1.11328125,-0.21484375,-0.439453125
28429,1.103515625,1.005859375,-0.322265625,-0.419921875
28430,1.2890625,1.123046875,-0.244140625,-0.439453125
28431,1.220703125,1.103515625,-0.244140625,-0.419921875
28432,1.181640625,1.11328125,-0.17578125,-0.419921875
28433,1.259765625,1.11328125,-0.25390625,-0.29296875
28434,1.26953125,1.11328125,-0.25390625,-0.478515625
28435,1.220703125,1.0546875,-0.0390625,-0.458984375
28436,1.123046875,1.142578125,-0.224609375,-0.341796875
28437,0.99609375,1.142578125,-0.21484375,-0.380859375
28438,1.142578125,1.123046875,-0.0390625,-0.439453125
28439,1.240234375,1.1328125,-0.126953125,-0.361328125
28440,1.240234375,1.07421875,-0.1953125,-0.41015625
28441,1.26953125,0.9765625,-0.3515625,-0.341796875
28442,1.34765625,1.03515625,-0.29296875,-0.302734375
28443,1.357421875,1.083984375,-0.25390625,-0.322265625
28444,1.328125,1.103515625,-0.17578125,-0.380859375
28445,1.240234375,1.015625,-0.1171875,-0.302734375
28446,1.19140625,1.123046875,-0.21484375,-0.29296875
28447,1.376953125,1.328125,-0.05859375,-0.322265625
28448,1.328125,1.220703125,-0.146484375,-0.3515625
28449,1.34765625,1.1328125,-0.25390625,-0.3125
28450,1.162109375,1.09375,-0.3125,-0.37109375
28451,1.30859375,1.11328125,-0.390625,-0.5078125
28452,1.279296875,1.162109375,-0.244140625,-0.33203125
28453,1.26953125,1.201171875,-0.2734375,-0.41015625
28454,1.298828125,1.103515625,-0.2734375,-0.439453125
28455,1.259765625,1.07421875,-0.205078125,-0.341796875
28456,1.2890625,1.103515625,-0.146484375,-0.400390625
28457,1.171875,1.162109375,-0.205078125,-0.390625
28458,1.09375,1.11328125,-0.205078125,-0.419921875
28459,1.162109375,1.142578125,-0.146484375,-0.44921875
28460,1.181640625,1.220703125,-0.17578125,-0.3515625
28461,1.259765625,1.162109375,-0.341796875,-0.41015625
28462,1.220703125,1.044921875,-0.107421875,-0.4296875
28463,1.240234375,1.171875,-0.29296875,-0.4296875
28464,1.23046875,1.103515625,-0.283203125,-0.380859375
28465,1.26953125,1.298828125,-0.166015625,-0.439453125
28466,1.123046875,1.103515625,-0.21484375,-0.46875
28467,1.123046875,1.1328125,-0.224609375,-0.322265625
28468,1.1328125,1.1328125,-0.1953125,-0.361328125
28469,1.25,1.15234375,-0.17578125,-0.419921875
28470,1.162109375,1.11328125,-0.234375,-0.615234375
28471,1.201171875,1.09375,-0.166015625,-0.380859375
28472,1.328125,1.25,-0.21484375,-0.400390625
28473,1.171875,1.19140625,-0.234375,-0.48828125
28474,1.30859375,1.0546875,-0.146484375,-0.380859375
28475,1.240234375,1.181640625,-0.33203125,-0.263671875
28476,1.318359375,1.123046875,-0.21484375,-0.400390625
28477,1.318359375,1.07421875,-0.322265625,-0.517578125
28478,1.30859375,1.15234375,-0.25390625,-0.302734375
28479,1.259765625,1.103515625,-0.244140625,-0.2734375
28480,1.2109375,1.015625,-0.1953125,-0.37109375
28481,1.19140625,1.23046875,-0.234375,-0.341796875
28482,1.30859375,1.103515625,-0.234375,-0.29296875
28483,1.201171875,1.123046875,-0.263671875,-0.390625
28484,1.2109375,1.083984375,-0.1953125,-0.302734375
28485,1.181640625,1.03515625,-0.244140625,-0.25390625
28486,1.103515625,1.07421875,-0.25390625,-0.302734375
28487,1.064453125,1.25,-0.17578125,-0.3515625
28488,1.2890625,1.11328125,-0.1953125,-0.3125
28489,1.2109375,1.07421875,-0.263671875,-0.37109375
28490,1.2890625,1.25,-0.234375,-0.3515625
28491,1.19140625,1.103515625,-0.1953125,-0.439453125
28492,1.337890625,1.064453125,-0.1953125,-0.361328125
28493,1.123046875,1.07421875,-0.21484375,-0.361328125
28494,1.162109375,1.025390625,-0.166015625,-0.234375
28495,1.15234375,1.11328125,-0.234375,-0.3515625
28496,1.2109375,1.09375,-0.205078125,-0.3515625
28497,1.142578125,1.11328125,-0.224609375,-0.380859375
28498,1.220703125,1.09375,-0.322265625,-0.439453125
28499,1.1328125,1.240234375,-0.2734375,-0.400390625
28500,1.171875,1.15234375,-0.2734375,-0.44921875
28501,1.2109375,1.201171875,-0.224609375,-0.380859375
28502,1.23046875,1.201171875,-0.25390625,-0.390625
28503,1.201171875,0.986328125,-0.21484375,-0.3125
28504,1.171875,1.025390625,-0.29296875,-0.224609375
28505,1.2890625,0.9765625,-0.205078125,-0.3515625
28506,1.19140625,1.103515625,-0.21484375,-0.361328125
28507,1.279296875,1.03515625,-0.126953125,-0.3515625
28508,1.07421875,0.947265625,-0.283203125,-0.33203125
28509,1.240234375,1.005859375,-0.21484375,-0.234375
28510,1.181640625,1.044921875,-0.2734375,-0.390625
28511,1.103515625,1.25,-0.21484375,-0.29296875
28512,1.19140625,1.015625,-0.185546875,-0.2734375
28513,1.123046875,1.09375,-0.107421875,-0.546875
28514,1.142578125,0.888671875,-0.29296875,-0.33203125
28515,1.23046875,0.986328125,-0.234375,-0.244140625
28516,1.15234375,1.015625,-0.244140625,-0.205078125
28517,1.1328125,1.064453125,-0.21484375,-0.341796875
28518,1.2109375,0.9765625,-0.21484375,-0.41015625
28519,1.23046875,1.03515625,-0.166015625,-0.302734375
28520,1.2109375,1.064453125,-0.263671875,-0.322265625
28521,1.201171875,1.064453125,-0.205078125,-0.25390625
28522,1.201171875,1.09375,-0.224609375,-0.15625
28523,1.259765625,1.103515625,-0.25390625,-0.2734375
28524,1.23046875,1.064453125,-0.322265625,-0.419921875
28525,1.0546875,1.07421875,-0.29296875,-0.1953125
28526,1.30859375,1.07421875,-0.263671875,-0.21484375
28527,1.171875,1.23046875,-0.283203125,-0.361328125
28528,1.07421875,1.07421875,-0.302734375,-0.37109375
28529,1.23046875,1.064453125,-0.29296875,-0.33203125
28530,1.1328125,1.064453125,-0.166015625,-0.302734375
28531,1.1328125,1.142578125,-0.244140625,-0.283203125
28532,1.15234375,1.083984375,-0.185546875,-0.1953125
28533,1.162109375,1.220703125,-0.21484375,-0.3515625
28534,1.2109375,1.083984375,-0.107421875,-0.107421875
28535,1.181640625,1.09375,-0.185546875,-0.234375
28536,1.142578125,1.1328125,-0.29296875,-0.41015625
28537,1.162109375,1.142578125,-0.234375,-0.44921875
28538,1.064453125,1.025390625,-0.21484375,-0.25390625
28539,1.162109375,1.123046875,-0.478515625,-0.29296875
28540,1.181640625,1.11328125,-0.205078125,-0.302734375
28541,1.181640625,1.0546875,-0.224609375,-0.283203125
28542,1.19140625,1.064453125,-0.244140625,-0.302734375
28543,1.19140625,1.103515625,-0.1953125,-0.390625
28544,1.2109375,1.103515625,-0.25390625,-0.33203125
28545,1.044921875,1.11328125,-0.205078125,-0.3515625
28546,1.181640625,1.181640625,-0.185546875,-0.41015625
28547,1.103515625,1.103515625,-0.17578125,-0.322265625
28548,1.220703125,1.23046875,-0.068359375,-0.29296875
28549,1.1328125,1.083984375,-0.380859375,-0.21484375
28550,1.2109375,1.0546875,-0.234375,-0.3125
28551,1.162109375,1.09375,-0.25390625,-0.29296875
28552,1.220703125,1.064453125,-0.09765625,-0.283203125
28553,1.103515625,1.0546875,-0.283203125,-0.341796875
28554,1.23046875,1.064453125,-0.21484375,-0.302734375
28555,1.19140625,0.947265625,-0.21484375,-0.2734375
28556,1.328125,1.11328125,-0.29296875,-0.205078125
28557,1.220703125,1.123046875,-0.283203125,-0.380859375
28558,1.30859375,0.99609375,-0.3125,-0.1953125
28559,1.09375,1.1328125,-0.2734375,-0.224609375
28560,1.11328125,1.015625,-0.25390625,-0.263671875
28561,1.171875,1.07421875,-0.390625,-0.1953125
28562,1.279296875,1.044921875,-0.146484375,-0.322265625
28563,1.142578125,1.03515625,-0.283203125,-0.3125
28564,1.2890625,1.064453125,-0.166015625,-0.224609375
28565,1.171875,1.03515625,-0.3515625,-0.21484375
28566,1.201171875,1.0546875,-0.2734375,-0.21484375
28567,1.201171875,1.005859375,-0.322265625,-0.2734375
28568,1.162109375,1.123046875,-0.263671875,-0.224609375
28569,1.259765625,1.064453125,-0.302734375,-0.1953125
28570,1.171875,1.09375,-0.33203125,-0.29296875
28571,1.083984375,1.083984375,-0.2734375,-0.068359375
28572,1.30859375,1.07421875,-0.302734375,-0.244140625
28573,1.11328125,1.07421875,-0.3125,-0.185546875
28574,1.09375,1.07421875,-0.322265625,-0.087890625
28575,1.1328125,0.966796875,-0.537109375,-0.244140625
28576,1.201171875,1.103515625,-0.458984375,-0.185546875
28577,1.142578125,1.220703125,-0.3125,-0.224609375
28578,1.279296875,1.09375,-0.419921875,-0.25390625
28579,1.259765625,1.15234375,-0.46875,-0.2734375
28580,1.103515625,1.083984375,-0.29296875,-0.341796875
28581,1.240234375,1.142578125,-0.458984375,-0.205078125
28582,1.171875,1.15234375,-0.3515625,-0.21484375
28583,1.240234375,1.123046875,-0.33203125,-0.41015625
28584,1.19140625,1.123046875,-0.37109375,-0.263671875
28585,1.201171875,1.15234375,-0.44921875,-0.25390625
28586,1.162109375,1.09375,-0.419921875,-0.234375
28587,1.162109375,1.064453125,-0.283203125,-0.25390625
28588,1.23046875,1.142578125,-0.380859375,-0.29296875
28589,1.30859375,1.07421875,-0.380859375,-0.234375
28590,1.23046875,1.11328125,-0.302734375,-0.33203125
28591,1.181640625,1.11328125,-0.283203125,-0.2734375
28592,1.2109375,1.03515625,-0.244140625,-0.25390625
28593,1.298828125,1.2890625,-0.2734375,-0.234375
28594,1.19140625,1.103515625,-0.322265625,-0.2734375
28595,1.181640625,1.11328125,-0.322265625,-0.1953125
28596,1.0546875,1.0546875,-0.3125,-0.341796875
28597,1.103515625,1.0546875,-0.2734375,-0.234375
28598,1.162109375,1.025390625,-0.322265625,-0.3515625
28599,1.181640625,1.15234375,-0.283203125,-0.224609375
28600,1.1328125,1.201171875,-0.33203125,-0.1953125
28601,1.15234375,1.11328125,-0.3515625,-0.302734375
28602,1.09375,1.07421875,-0.224609375,-0.33203125
28603,1.044921875,1.1328125,-0.3125,-0.2734375
28604,1.15234375,1.123046875,-0.341796875,-0.302734375
28605,1.181640625,1.15234375,-0.3125,-0.3125
28606,1.19140625,0.9765625,-0.21484375,-0.205078125
28607,1.19140625,1.11328125,-0.29296875,-0.205078125
28608,1.142578125,1.201171875,-0.33203125,-0.234375
28609,1.26953125,1.103515625,-0.361328125,-0.283203125
28610,1.240234375,1.142578125,-0.322265625,-0.15625
28611,1.2890625,1.123046875,-0.283203125,-0.2734375
28612,1.201171875,0.95703125,-0.302734375,-0.185546875
28613,1.279296875,1.09375,-0.380859375,-0.458984375
28614,1.2890625,1.044921875,-0.302734375,-0.224609375
28615,1.171875,1.201171875,-0.33203125,-0.205078125
28616,1.15234375,1.07421875,-0.341796875,-0.17578125
28617,1.162109375,1.142578125,-0.15625,-0.41015625
28618,1.2109375,1.142578125,-0.263671875,-0.2734375
28619,1.240234375,1.123046875,-0.263671875,-0.361328125
28620,1.201171875,1.103515625,-0.263671875,-0.244140625
28621,1.2890625,1.1328125,-0.2734375,-0.21484375
28622,1.23046875,1.1328125,-0.283203125,-0.205078125
28623,1.376953125,1.162109375,-0.2734375,-0.185546875
28624,1.201171875,1.1328125,-0.25390625,-0.2734375
28625,1.171875,1.1328125,-0.263671875,-0.185546875
28626,1.25,1.064453125,-0.3125,-0.46875
28627,1.181640625,1.0546875,-0.263671875,-0.322265625
28628,1.220703125,1.103515625,-0.390625,-0.458984375
28629,1.279296875,1.07421875,-0.263671875,-0.361328125
28630,1.181640625,1.11328125,-0.283203125,-0.166015625
28631,1.357421875,1.1328125,-0.3515625,-0.2734375
28632,1.23046875,1.142578125,-0.283203125,-0.234375
28633,1.259765625,1.1328125,-0.263671875,-0.1953125
28634,1.220703125,0.908203125,-0.2734375,-0.33203125
28635,1.240234375,1.09375,-0.3125,-0.302734375
28636,1.1328125,1.1328125,-0.3515625,-0.15625
28637,1.26953125,1.15234375,-0.263671875,-0.244140625
28638,1.259765625,1.083984375,-0.234375,-0.283203125
28639,1.2109375,1.083984375,-0.302734375,-0.234375
28640,1.259765625,1.19140625,-0.29296875,-0.322265625
28641,1.2109375,1.083984375,-0.322265625,-0.234375
28642,1.162109375,1.07421875,-0.322265625,-0.361328125
28643,1.23046875,1.11328125,-0.33203125,-0.390625
28644,1.357421875,1.162109375,-0.3125,-0.263671875
28645,1.142578125,1.201171875,-0.29296875,-0.458984375
28646,1.279296875,1.064453125,-0.205078125,-0.341796875
28647,1.220703125,1.162109375,-0.2734375,-0.13671875
28648,1.07421875,1.142578125,-0.29296875,-0.29296875
28649,1.220703125,1.1328125,-0.322265625,-0.302734375
28650,1.11328125,1.171875,-0.390625,-0.302734375
28651,1.25,1.123046875,-0.263671875,-0.1953125
28652,1.220703125,1.123046875,-0.224609375,-0.380859375
28653,1.240234375,1.1328125,-0.2734375,-0.33203125
28654,1.2890625,1.15234375,-0.25390625,-0.29296875
28655,1.15234375,1.103515625,-0.3125,-0.244140625
28656,1.103515625,1.123046875,-0.302734375,-0.25390625
28657,1.171875,1.162109375,-0.361328125,-0.33203125
28658,1.19140625,1.171875,-0.21484375,-0.29296875
28659,1.201171875,1.2109375,-0.25390625,-0.263671875
28660,1.23046875,1.142578125,-0.341796875,-0.361328125
28661,1.23046875,1.26953125,-0.29296875,-0.322265625
28662,1.201171875,1.07421875,-0.439453125,-0.576171875
28663,1.201171875,1.123046875,-0.33203125,-0.3515625
28664,1.201171875,1.162109375,-0.302734375,-0.302734375
28665,1.298828125,1.298828125,-0.302734375,-0.361328125
28666,1.25,1.1328125,-0.361328125,-0.2734375
28667,1.2109375,1.044921875,-0.283203125,-0.29296875
28668,1.26953125,1.11328125,-0.29296875,-0.2734375
28669,1.23046875,1.171875,-0.341796875,-0.29296875
28670,1.240234375,1.181640625,-0.390625,-0.400390625
28671,1.25,1.03515625,-0.458984375,-0.3125
28672,1.318359375,1.11328125,-0.37109375,-0.166015625
28673,1.181640625,0.966796875,-0.25390625,-0.283203125
28674,1.23046875,1.357421875,-0.234375,-0.390625
28675,1.23046875,1.15234375,-0.283203125,-0.380859375
28676,1.240234375,1.298828125,-0.244140625,-0.341796875
28677,1.181640625,1.240234375,-0.283203125,-0.2734375
28678,1.220703125,1.162109375,-0.25390625,-0.263671875
28679,1.171875,1.181640625,-0.21484375,-0.33203125
28680,1.23046875,1.259765625,-0.185546875,-0.380859375
28681,1.15234375,1.23046875,-0.263671875,-0.341796875
28682,1.064453125,1.1328125,-0.302734375,-0.234375
28683,1.2109375,1.171875,-0.37109375,-0.3515625
28684,1.083984375,1.11328125,-0.205078125,-0.283203125
28685,1.455078125,1.220703125,-0.419921875,-0.33203125
28686,1.1328125,1.09375,-0.234375,-0.126953125
28687,1.318359375,1.15234375,-0.25390625,-0.380859375
28688,1.25,1.103515625,-0.283203125,-0.21484375
28689,1.240234375,1.142578125,-0.166015625,-0.341796875
28690,1.25,1.03515625,-0.25390625,-0.33203125
28691,1.2890625,1.15234375,-0.33203125,-0.33203125
28692,1.142578125,1.1328125,-0.244140625,-0.322265625
28693,1.2109375,1.162109375,-0.224609375,-0.302734375
28694,1.142578125,1.279296875,-0.21484375,-0.244140625
28695,1.103515625,1.142578125,-0.380859375,-0.341796875
28696,1.15234375,1.2109375,-0.33203125,-0.185546875
28697,1.220703125,1.26953125,-0.2734375,-0.341796875
28698,1.201171875,1.25,-0.205078125,-0.361328125
28699,1.19140625,1.142578125,-0.283203125,-0.37109375
28700,1.2890625,1.171875,-0.41015625,-0.37109375
28701,1.1328125,1.240234375,-0.283203125,-0.380859375
28702,1.181640625,1.162109375,-0.3125,-0.361328125
28703,1.259765625,1.220703125,-0.380859375,-0.29296875
28704,1.220703125,1.3671875,-0.322265625,-0.322265625
28705,1.240234375,1.2109375,-0.37109375,-0.29296875
28706,1.064453125,1.34765625,-0.33203125,-0.33203125
28707,1.19140625,1.09375,-0.41015625,-0.361328125
28708,1.181640625,1.15234375,-0.244140625,-0.400390625
28709,1.162109375,1.171875,-0.400390625,-0.380859375
28710,1.15234375,1.23046875,-0.37109375,-0.41015625
28711,1.09375,1.220703125,-0.322265625,-0.458984375
28712,1.337890625,1.1328125,-0.234375,-0.46875
28713,1.103515625,1.1328125,-0.3125,-0.390625
28714,1.15234375,1.220703125,-0.29296875,-0.64453125
28715,1.123046875,1.201171875,-0.25390625,-0.3125
28716,1.162109375,1.2109375,-0.17578125,-0.380859375
28717,1.19140625,1.171875,-0.1953125,-0.263671875
28718,1.083984375,1.240234375,-0.283203125,-0.400390625
28719,1.201171875,1.201171875,-0.4296875,-0.380859375
28720,1.181640625,1.103515625,-0.3515625,-0.283203125
28721,1.123046875,1.1328125,-0.29296875,-0.380859375
28722,1.09375,1.259765625,-0.25390625,-0.380859375
28723,1.15234375,1.298828125,-0.234375,-0.341796875
28724,1.181640625,1.220703125,-0.283203125,-0.25390625
28725,1.15234375,1.2109375,-0.234375,-0.322265625
28726,1.103515625,1.181640625,-0.234375,-0.44921875
28727,1.25,1.19140625,-0.25390625,-0.341796875
28728,1.2109375,1.220703125,-0.234375,-0.41015625
28729,1.162109375,1.11328125,-0.25390625,-0.478515625
28730,1.103515625,1.171875,-0.361328125,-0.439453125
28731,1.240234375,1.181640625,-0.5078125,-0.37109375
28732,1.181640625,1.123046875,-0.263671875,-0.439453125
28733,1.259765625,1.064453125,-0.3515625,-0.517578125
28734,1.34765625,1.1328125,-0.380859375,-0.33203125
28735,1.19140625,1.181640625,-0.244140625,-0.33203125
28736,1.09375,1.240234375,-0.3515625,-0.400390625
28737,1.07421875,1.328125,-0.25390625,-0.390625
28738,1.0546875,1.23046875,-0.15625,-0.341796875
28739,1.19140625,1.181640625,-0.17578125,-0.595703125
28740,1.1328125,1.181640625,-0.361328125,-0.380859375
28741,1.1328125,1.201171875,-0.341796875,-0.498046875
28742,1.162109375,1.201171875,-0.37109375,-0.380859375
28743,1.15234375,1.201171875,-0.302734375,-0.37109375
28744,1.103515625,1.1328125,-0.341796875,-0.3515625
28745,1.19140625,1.142578125,-0.263671875,-0.37109375
28746,1.2109375,1.15234375,-0.361328125,-0.341796875
28747,1.0546875,1.11328125,-0.1953125,-0.361328125
28748,1.0546875,1.123046875,-0.302734375,-0.341796875
28749,1.2109375,0.99609375,-0.146484375,-0.283203125
28750,1.201171875,1.25,-0.33203125,-0.634765625
28751,1.1328125,1.123046875,-0.3125,-0.380859375
28752,1.19140625,1.142578125,-0.302734375,-0.3515625
28753,1.2890625,1.181640625,-0.224609375,-0.322265625
28754,1.259765625,1.25,-0.341796875,-0.341796875
28755,1.171875,1.11328125,-0.15625,-0.400390625
28756,1.09375,1.07421875,-0.146484375,-0.380859375
28757,1.3671875,1.09375,-0.2734375,-0.302734375
28758,1.25,1.26953125,-0.244140625,-0.390625
28759,1.2890625,1.318359375,-0.322265625,-0.263671875
28760,1.083984375,1.162109375,-0.224609375,-0.37109375
28761,1.171875,1.142578125,-0.2734375,-0.3515625
28762,1.298828125,1.201171875,-0.185546875,-0.341796875
28763,1.279296875,1.1328125,-0.234375,-0.3125
28764,1.1328125,1.123046875,-0.205078125,-0.37109375
28765,1.171875,1.09375,-0.21484375,-0.380859375
28766,1.318359375,1.15234375,-0.25390625,-0.25390625
28767,1.181640625,1.181640625,-0.322265625,-0.33203125
28768,1.181640625,1.19140625,-0.205078125,-0.41015625
28769,1.25,1.142578125,-0.25390625,-0.322265625
28770,1.142578125,1.123046875,-0.205078125,-0.341796875
28771,1.171875,1.1328125,-0.302734375,-0.302734375
28772,1.07421875,1.123046875,-0.341796875,-0.56640625
28773,1.25,1.123046875,-0.21484375,-0.33203125
28774,1.240234375,1.123046875,-0.1953125,-0.3515625
28775,1.09375,1.09375,-0.25390625,-0.4296875
28776,1.2890625,1.11328125,-0.234375,-0.341796875
28777,1.171875,1.11328125,-0.3125,-0.37109375
28778,1.064453125,1.181640625,-0.224609375,-0.390625
28779,1.123046875,1.11328125,-0.234375,-0.3515625
28780,1.123046875,1.103515625,-0.205078125,-0.3125
28781,1.15234375,1.03515625,-0.087890625,-0.380859375
28782,1.15234375,1.2109375,-0.263671875,-0.46875
28783,1.09375,1.220703125,-0.25390625,-0.478515625
28784,1.26953125,1.11328125,-0.25390625,-0.46875
28785,1.1328125,1.162109375,-0.283203125,-0.439453125
28786,1.1328125,1.142578125,-0.205078125,-0.400390625
28787,1.162109375,1.142578125,-0.322265625,-0.390625
28788,1.162109375,1.103515625,-0.244140625,-0.419921875
28789,1.201171875,1.083984375,-0.263671875,-0.458984375
28790,1.220703125,1.171875,-0.21484375,-0.4296875
28791,1.25,1.162109375,-0.224609375,-0.439453125
28792,1.240234375,1.09375,-0.25390625,-0.458984375
28793,1.26953125,1.181640625,-0.126953125,-0.56640625
28794,1.142578125,1.1328125,-0.244140625,-0.458984375
28795,1.298828125,1.015625,-0.1953125,-0.44921875
28796,1.181640625,0.91796875,-0.224609375,-0.5859375
28797,1.279296875,1.07421875,-0.29296875,-0.341796875
28798,1.123046875,1.142578125,-0.322265625,-0.478515625
28799,1.2109375,1.15234375,-0.3515625,-0.458984375
28800,1.2109375,1.025390625,-0.263671875,-0.44921875
28801,1.25,1.162109375,-0.126953125,-0.46875
28802,1.162109375,1.103515625,-0.205078125,-0.48828125
28803,1.044921875,1.07421875,-0.15625,-0.400390625
28804,1.171875,1.240234375,-0.3125,-0.419921875
28805,1.162109375,1.162109375,-0.234375,-0.380859375
28806,1.064453125,1.142578125,-0.263671875,-0.419921875
28807,1.123046875,1.15234375,-0.419921875,-0.400390625
28808,1.064453125,1.15234375,-0.244140625,-0.1953125
28809,1.103515625,1.123046875,-0.29296875,-0.21484375
28810,1.259765625,1.083984375,-0.341796875,-0.458984375
28811,1.11328125,1.07421875,-0.2734375,-0.458984375
28812,1.044921875,1.123046875,-0.185546875,-0.29296875
28813,1.03515625,0.830078125,-0.361328125,-0.390625
28814,1.11328125,1.162109375,-0.44921875,-0.37109375
28815,1.07421875,1.201171875,-0.3125,-0.3515625
28816,1.1328125,1.103515625,-0.29296875,-0.41015625
28817,1.064453125,1.11328125,-0.15625,-0.439453125
28818,1.2890625,1.07421875,-0.205078125,-0.439453125
28819,1.0546875,1.220703125,-0.322265625,-0.478515625
28820,1.201171875,1.1328125,-0.244140625,-0.37109375
28821,1.171875,1.162109375,-0.3125,-0.458984375
28822,1.240234375,1.142578125,-0.1953125,-0.3515625
28823,1.083984375,1.15234375,-0.322265625,-0.46875
28824,1.162109375,1.0546875,-0.283203125,-0.634765625
28825,1.201171875,1.123046875,-0.1953125,-0.478515625
28826,1.0546875,1.11328125,-0.263671875,-0.341796875
28827,1.2109375,1.064453125,-0.21484375,-0.4296875
28828,1.2109375,1.279296875,-0.09765625,-0.263671875
28829,1.181640625,1.11328125,-0.01953125,-0.3515625
28830,1.11328125,1.123046875,-0.166015625,-0.302734375
28831,1.19140625,1.044921875,-0.234375,-0.283203125
28832,1.19140625,1.15234375,-0.185546875,-0.33203125
28833,1.142578125,1.123046875,-0.146484375,-0.46875
28834,1.220703125,1.162109375,-0.234375,-0.390625
28835,1.25,1.162109375,-0.15625,-0.37109375
28836,1.15234375,1.123046875,-0.126953125,-0.341796875
28837,1.201171875,1.103515625,-0.234375,-0.361328125
28838,1.044921875,1.171875,-0.263671875,-0.361328125
28839,1.123046875,1.181640625,-0.302734375,-0.4296875
28840,1.259765625,1.162109375,-0.29296875,-0.419921875
28841,1.142578125,1.064453125,-0.29296875,-0.3515625
28842,1.181640625,1.142578125,-0.29296875,-0.2734375
28843,1.123046875,1.0546875,-0.3125,-0.478515625
28844,1.181640625,1.123046875,-0.1953125,-0.37109375
28845,1.142578125,1.083984375,-0.29296875,-0.400390625
28846,1.19140625,1.142578125,-0.2734375,-0.37109375
28847,1.240234375,1.19140625,-0.2734375,-0.3125
28848,1.142578125,1.103515625,-0.283203125,-0.52734375
28849,1.259765625,1.1328125,-0.3125,-0.478515625
28850,1.455078125,0.947265625,-0.2734375,-0.4296875
28851,1.25,1.123046875,-0.25390625,-0.380859375
28852,1.220703125,1.15234375,-0.302734375,-0.5859375
28853,1.259765625,1.015625,-0.234375,-0.439453125
28854,1.23046875,1.005859375,-0.21484375,-0.595703125
28855,1.181640625,1.123046875,-0.322265625,-0.439453125
28856,1.25,1.25,-0.283203125,-0.5078125
28857,1.19140625,1.103515625,-0.2734375,-0.44921875
28858,1.162109375,1.07421875,-0.33203125,-0.390625
28859,1.328125,1.298828125,-0.283203125,-0.400390625
28860,1.162109375,1.064453125,-0.263671875,-0.44921875
28861,1.044921875,1.123046875,-0.263671875,-0.29296875
28862,1.181640625,1.015625,-0.185546875,-0.41015625
28863,1.201171875,1.09375,-0.341796875,-0.615234375
28864,1.34765625,1.171875,-0.244140625,-0.37109375
28865,1.318359375,0.9375,-0.234375,-0.380859375
28866,1.2109375,1.2109375,-0.17578125,-0.3515625
28867,1.15234375,1.123046875,-0.146484375,-0.29296875
28868,1.201171875,1.015625,-0.205078125,-0.390625
28869,1.171875,1.15234375,-0.185546875,-0.185546875
28870,1.103515625,1.09375,-0.185546875,-0.29296875
28871,1.30859375,1.142578125,-0.244140625,-0.283203125
28872,1.25,1.064453125,-0.283203125,-0.2734375
28873,1.201171875,1.23046875,-0.15625,-0.4296875
28874,1.30859375,1.09375,-0.25390625,-0.361328125
28875,1.201171875,1.005859375,-0.205078125,-0.37109375
28876,1.30859375,1.103515625,-0.21484375,-0.44921875
28877,1.220703125,1.26953125,-0.17578125,-0.322265625
28878,1.279296875,1.220703125,-0.322265625,-0.166015625
28879,1.38671875,1.162109375,-0.185546875,-0.33203125
28880,1.396484375,1.09375,-0.234375,-0.3125
28881,1.240234375,1.123046875,-0.13671875,-0.380859375
28882,1.259765625,1.064453125,-0.166015625,-0.41015625
28883,1.298828125,1.09375,-0.205078125,-0.458984375
28884,1.34765625,1.19140625,-0.1953125,-0.439453125
28885,1.396484375,1.123046875,-0.244140625,-0.4296875
28886,1.09375,1.1328125,-0.29296875,-0.4296875
28887,1.142578125,1.103515625,-0.224609375,-0.390625
28888,1.259765625,1.142578125,-0.244140625,-0.33203125
28889,1.142578125,1.09375,-0.302734375,-0.283203125
28890,1.2109375,1.09375,-0.263671875,-0.37109375
28891,1.03515625,1.07421875,-0.25390625,-0.498046875
28892,1.19140625,1.11328125,-0.29296875,-0.46875
28893,1.26953125,1.03515625,-0.205078125,-0.3515625
28894,1.25,1.044921875,-0.17578125,-0.3515625
28895,1.142578125,1.09375,-0.234375,-0.361328125
28896,1.19140625,1.07421875,-0.09765625,-0.390625
28897,1.11328125,1.142578125,-0.185546875,-0.3515625
28898,1.201171875,1.1328125,-0.244140625,-0.390625
28899,1.083984375,0.908203125,-0.25390625,-0.41015625
28900,1.279296875,1.11328125,-0.25390625,-0.361328125
28901,1.2890625,1.142578125,-0.224609375,-0.341796875
28902,1.279296875,1.103515625,-0.205078125,-0.4296875
28903,1.19140625,1.142578125,-0.224609375,-0.3125
28904,1.19140625,1.162109375,-0.205078125,-0.3515625
28905,1.220703125,1.181640625,-0.05859375,-0.3515625
28906,1.30859375,1.142578125,-0.302734375,-0.224609375
28907,1.259765625,1.142578125,-0.21484375,-0.400390625
28908,1.19140625,1.1328125,-0.263671875,-0.341796875
28909,1.142578125,1.09375,-0.17578125,-0.263671875
28910,1.25,1.162109375,-0.205078125,-0.29296875
28911,1.25,1.103515625,-0.263671875,-0.37109375
28912,1.259765625,1.19140625,-0.25390625,-0.46875
28913,1.123046875,1.142578125,-0.244140625,-0.33203125
28914,1.171875,1.064453125,-0.263671875,-0.322265625
28915,1.23046875,1.044921875,-0.2734375,-0.13671875
28916,1.19140625,1.142578125,-0.263671875,-0.29296875
28917,1.142578125,1.103515625,-0.25390625,-0.37109375
28918,1.15234375,1.005859375,-0.224609375,-0.33203125
28919,1.11328125,1.0546875,-0.234375,-0.390625
28920,1.220703125,1.09375,-0.29296875,-0.3515625
28921,1.15234375,1.123046875,-0.322265625,-0.41015625
28922,1.142578125,1.171875,-0.244140625,-0.341796875
28923,1.240234375,1.07421875,-0.224609375,-0.380859375
28924,1.181640625,1.201171875,-0.263671875,-0.400390625
28925,1.142578125,0.947265625,-0.234375,-0.498046875
28926,1.064453125,1.1328125,-0.09765625,-0.380859375
28927,1.19140625,1.07421875,-0.302734375,-0.322265625
28928,1.3671875,1.11328125,-0.224609375,-0.341796875
28929,1.298828125,1.07421875,-0.29296875,-0.400390625
28930,1.181640625,0.966796875,-0.3125,-0.3515625
28931,1.25,1.162109375,-0.205078125,-0.302734375
28932,1.279296875,0.908203125,-0.224609375,-0.3125
28933,1.19140625,1.064453125,-0.166015625,-0.361328125
28934,1.23046875,1.07421875,-0.1953125,-0.341796875
28935,1.162109375,1.083984375,-0.185546875,-0.380859375
28936,1.181640625,1.07421875,-0.068359375,-0.283203125
28937,1.240234375,1.0546875,-0.2734375,-0.3125
28938,1.279296875,1.025390625,-0.33203125,-0.302734375
28939,1.181640625,1.0546875,-0.205078125,-0.302734375
28940,1.1328125,0.99609375,-0.13671875,-0.2734375
28941,1.318359375,0.947265625,-0.1953125,-0.263671875
28942,1.181640625,1.142578125,-0.05859375,-0.361328125
28943,1.220703125,1.123046875,-0.3125,-0.33203125
28944,1.09375,1.025390625,-0.17578125,-0.302734375
28945,1.25,1.0546875,-0.068359375,-0.380859375
28946,1.220703125,1.064453125,-0.107421875,-0.322265625
28947,1.083984375,0.99609375,-0.146484375,-0.419921875
28948,1.201171875,1.142578125,-0.185546875,-0.29296875
28949,1.142578125,1.09375,-0.3125,-0.322265625
28950,1.23046875,1.064453125,-0.25390625,-0.244140625
28951,1.26953125,0.908203125,-0.283203125,-0.25390625
28952,1.201171875,1.103515625,-0.341796875,-0.380859375
28953,1.259765625,1.09375,-0.263671875,-0.29296875
28954,1.15234375,1.15234375,-0.33203125,-0.283203125
28955,1.2109375,1.1328125,-0.341796875,-0.283203125
28956,1.220703125,1.11328125,-0.341796875,-0.234375
28957,1.005859375,0.9765625,-0.3125,-0.302734375
28958,1.240234375,1.03515625,-0.3125,-0.46875
28959,1.1328125,0.986328125,-0.25390625,-0.322265625
28960,1.123046875,0.9765625,-0.2734375,-0.29296875
28961,1.23046875,1.11328125,-0.21484375,-0.4296875
28962,1.142578125,0.966796875,-0.322265625,-0.380859375
28963,1.220703125,1.123046875,-0.146484375,-0.3515625
28964,1.19140625,1.103515625,-0.1953125,-0.33203125
28965,1.123046875,1.171875,-0.1953125,-0.1171875
28966,1.103515625,0.87890625,-0.107421875,-0.33203125
28967,1.181640625,1.09375,-0.17578125,-0.166015625
28968,1.09375,1.07421875,-0.244140625,-0.3515625
28969,1.15234375,1.083984375,-0.33203125,-0.302734375
28970,1.201171875,1.142578125,-0.205078125,-0.33203125
28971,1.298828125,1.03515625,-0.244140625,-0.3515625
28972,1.181640625,1.15234375,-0.13671875,-0.3125
28973,1.25,1.09375,-0.2734375,-0.3125
28974,1.2109375,1.015625,-0.185546875,-0.2734375
28975,1.220703125,0.9765625,-0.205078125,-0.2734375
28976,1.240234375,1.025390625,-0.185546875,-0.2734375
28977,1.2109375,1.0546875,-0.205078125,-0.263671875
28978,1.07421875,1.0546875,-0.3515625,-0.263671875
28979,1.279296875,1.123046875,-0.361328125,-0.166015625
28980,1.220703125,1.0546875,-0.283203125,-0.107421875
28981,1.23046875,1.025390625,-0.33203125,-0.2734375
28982,1.25,1.15234375,-0.224609375,-0.29296875
28983,1.259765625,1.1328125,-0.283203125,-0.234375
28984,1.171875,1.07421875,-0.33203125,-0.283203125
28985,1.279296875,1.015625,-0.244140625,-0.3125
28986,1.07421875,1.025390625,-0.244140625,-0.44921875
28987,1.26953125,1.11328125,-0.263671875,-0.2734375
28988,1.2109375,1.181640625,-0.3125,-0.29296875
28989,1.259765625,1.083984375,-0.185546875,-0.234375
28990,1.26953125,1.11328125,-0.33203125,-0.283203125
28991,1.26953125,1.07421875,-0.185546875,-0.244140625
28992,1.1328125,1.0546875,-0.302734375,-0.21484375
28993,1.19140625,1.09375,-0.2734375,-0.283203125
28994,1.279296875,1.171875,-0.44921875,-0.29296875
28995,1.30859375,1.0546875,-0.205078125,-0.107421875
28996,1.201171875,1.171875,-0.263671875,-0.302734375
28997,1.220703125,1.201171875,-0.2734375,-0.390625
28998,1.181640625,1.044921875,-0.166015625,-0.224609375
28999,1.162109375,1.07421875,-0.3125,-0.283203125
29000,1.171875,1.103515625,-0.185546875,-0.068359375
29001,1.220703125,1.005859375,-0.37109375,-0.1953125
29002,1.181640625,1.181640625,-0.25390625,-0.224609375
29003,1.240234375,1.123046875,-0.1953125,-0.234375
29004,1.23046875,1.11328125,-0.205078125,-0.263671875
29005,1.30859375,1.083984375,-0.322265625,-0.263671875
29006,1.25,0.99609375,-0.419921875,-0.322265625
29007,1.181640625,1.2109375,-0.361328125,-0.185546875
29008,1.240234375,1.171875,-0.380859375,-0.205078125
29009,1.25,1.07421875,-0.419921875,-0.205078125
29010,1.2109375,1.2109375,-0.361328125,-0.283203125
29011,1.19140625,1.044921875,-0.4296875,-0.25390625
29012,1.240234375,1.103515625,-0.29296875,-0.283203125
29013,1.11328125,1.123046875,-0.390625,-0.29296875
29014,1.103515625,1.11328125,-0.4296875,-0.322265625
29015,1.19140625,1.11328125,-0.4296875,-0.2734375
29016,1.1328125,0.986328125,-0.380859375,-0.224609375
29017,1.25,1.1328125,-0.380859375,-0.234375
29018,1.171875,1.1328125,-0.419921875,-0.224609375
29019,1.298828125,1.181640625,-0.2734375,-0.29296875
29020,1.23046875,1.1328125,-0.29296875,-0.244140625
29021,1.09375,1.044921875,-0.263671875,-0.224609375
29022,1.2109375,1.103515625,-0.33203125,-0.087890625
29023,1.15234375,1.1328125,-0.3125,-0.25390625
29024,1.25,1.015625,-0.3515625,-0.234375
29025,1.318359375,1.181640625,-0.302734375,-0.224609375
29026,1.083984375,1.11328125,-0.3515625,-0.224609375
29027,1.171875,1.064453125,-0.3515625,-0.263671875
29028,1.201171875,1.142578125,-0.283203125,-0.185546875
29029,1.0546875,1.07421875,-0.33203125,-0.283203125
29030,1.23046875,1.123046875,-0.263671875,-0.29296875
29031,1.11328125,1.26953125,-0.322265625,-0.21484375
29032,1.171875,1.11328125,-0.25390625,-0.2734375
29033,1.083984375,1.201171875,-0.3125,-0.25390625
29034,1.201171875,1.162109375,-0.205078125,-0.33203125
29035,1.1328125,1.044921875,-0.302734375,-0.29296875
29036,1.142578125,1.09375,-0.234375,-0.3125
29037,1.142578125,1.142578125,-0.283203125,-0.41015625
29038,1.19140625,1.044921875,-0.33203125,-0.25390625
29039,1.181640625,0.986328125,-0.33203125,-0.1953125
29040,1.23046875,1.0546875,-0.1953125,-0.341796875
29041,1.1328125,1.23046875,-0.263671875,-0.341796875
29042,1.298828125,1.201171875,-0.439453125,-0.263671875
29043,1.15234375,1.123046875,-0.302734375,-0.2734375
29044,1.23046875,1.11328125,-0.263671875,-0.224609375
29045,1.259765625,1.123046875,-0.263671875,-0.29296875
29046,1.19140625,1.044921875,-0.302734375,-0.234375
29047,1.298828125,1.044921875,-0.29296875,-0.25390625
29048,1.259765625,1.09375,-0.361328125,-0.263671875
29049,1.25,0.9375,-0.380859375,-0.283203125
29050,1.2109375,1.1328125,-0.33203125,-0.41015625
29051,1.26953125,1.103515625,-0.2734375,-0.263671875
29052,1.337890625,1.0546875,-0.439453125,-0.33203125
29053,1.30859375,1.103515625,-0.2734375,-0.390625
29054,1.123046875,1.220703125,-0.400390625,-0.205078125
29055,1.162109375,0.869140625,-0.380859375,-0.263671875
29056,1.162109375,1.201171875,-0.263671875,-0.21484375
29057,1.2109375,1.171875,-0.15625,-0.263671875
29058,1.2109375,1.220703125,-0.302734375,-0.244140625
29059,1.171875,1.142578125,-0.302734375,-0.25390625
29060,1.123046875,1.123046875,-0.322265625,-0.244140625
29061,1.19140625,1.103515625,-0.205078125,-0.25390625
29062,1.181640625,1.1328125,-0.3125,-0.146484375
29063,1.123046875,1.09375,-0.234375,-0.283203125
29064,1.19140625,1.142578125,-0.4296875,-0.234375
29065,1.15234375,1.103515625,-0.3515625,-0.205078125
29066,1.30859375,1.23046875,-0.2734375,-0.244140625
29067,1.25,1.11328125,-0.361328125,-0.33203125
29068,1.279296875,1.11328125,-0.3125,-0.15625
29069,1.23046875,1.23046875,-0.302734375,-0.21484375
29070,1.357421875,1.11328125,-0.458984375,-0.234375
29071,1.23046875,1.15234375,-0.341796875,-0.29296875
29072,1.25,1.123046875,-0.283203125,-0.2734375
29073,1.318359375,1.11328125,-0.322265625,-0.263671875
29074,1.318359375,1.220703125,-0.244140625,-0.33203125
29075,1.328125,1.123046875,-0.302734375,-0.33203125
29076,1.34765625,1.162109375,-0.302734375,-0.46875
29077,1.25,1.201171875,-0.224609375,-0.13671875
29078,1.201171875,1.1328125,-0.361328125,-0.33203125
29079,1.23046875,1.083984375,-0.400390625,-0.302734375
29080,1.181640625,1.220703125,-0.322265625,-0.283203125
29081,1.103515625,1.15234375,-0.341796875,-0.302734375
29082,1.240234375,1.15234375,-0.21484375,-0.390625
29083,1.279296875,1.19140625,-0.302734375,-0.322265625
29084,1.181640625,1.15234375,-0.2734375,-0.3515625
29085,1.11328125,1.103515625,-0.283203125,-0.322265625
29086,1.09375,1.2109375,-0.33203125,-0.3515625
29087,1.23046875,1.162109375,-0.283203125,-0.341796875
29088,1.376953125,1.279296875,-0.380859375,-0.390625
29089,1.162109375,1.142578125,-0.3125,-0.244140625
29090,1.142578125,1.162109375,-0.390625,-0.322265625
29091,1.201171875,1.07421875,-0.25390625,-0.263671875
29092,1.201171875,0.99609375,-0.3125,-0.283203125
29093,1.220703125,1.15234375,-0.078125,-0.2734375
29094,1.19140625,1.171875,-0.322265625,-0.29296875
29095,1.181640625,1.103515625,-0.263671875,-0.52734375
29096,1.30859375,1.11328125,-0.29296875,-0.37109375
29097,1.15234375,0.9765625,-0.302734375,-0.263671875
29098,1.23046875,1.15234375,-0.29296875,-0.390625
29099,1.279296875,1.03515625,-0.283203125,-0.37109375
29100,1.142578125,1.259765625,-0.15625,-0.283203125
29101,1.279296875,1.09375,-0.439453125,-0.302734375
29102,1.220703125,1.181640625,-0.3125,-0.390625
29103,1.220703125,1.357421875,-0.25390625,-0.3125
29104,1.318359375,1.123046875,-0.3125,-0.205078125
29105,1.26953125,1.181640625,-0.3125,-0.263671875
29106,1.279296875,1.171875,-0.21484375,-0.263671875
29107,1.201171875,1.025390625,-0.205078125,-0.25390625
29108,1.23046875,1.15234375,-0.33203125,-0.29296875
29109,1.103515625,1.142578125,-0.283203125,-0.41015625
29110,1.201171875,1.26953125,-0.21484375,-0.185546875
29111,1.19140625,1.1328125,-0.234375,-0.3515625
29112,1.201171875,1.07421875,-0.2734375,-0.2734375
29113,1.201171875,1.083984375,-0.322265625,-0.25390625
29114,1.181640625,1.162109375,-0.263671875,-0.09765625
29115,1.2890625,1.11328125,-0.2734375,-0.3125
29116,1.279296875,1.083984375,-0.234375,-0.3125
29117,1.201171875,1.171875,-0.302734375,-0.37109375
29118,1.162109375,1.220703125,-0.361328125,-0.361328125
29119,1.2109375,1.171875,-0.25390625,-0.44921875
29120,1.259765625,1.103515625,-0.2734375,-0.556640625
29121,1.3671875,1.1328125,-0.244140625,-0.302734375
29122,1.201171875,1.123046875,-0.21484375,-0.361328125
29123,1.07421875,1.083984375,-0.263671875,-0.302734375
29124,1.15234375,1.083984375,-0.322265625,-0.37109375
29125,1.201171875,1.201171875,-0.322265625,-0.302734375
29126,1.259765625,1.083984375,-0.234375,-0.478515625
29127,1.03515625,1.171875,-0.33203125,-0.263671875
29128,1.162109375,1.064453125,-0.2734375,-0.29296875
29129,1.162109375,1.162109375,-0.263671875,-0.25390625
29130,1.142578125,1.123046875,-0.341796875,-0.29296875
29131,1.142578125,1.19140625,-0.25390625,-0.3515625
29132,1.171875,1.19140625,-0.3515625,-0.263671875
29133,1.279296875,1.25,-0.234375,-0.380859375
29134,1.11328125,1.240234375,-0.41015625,-0.361328125
29135,1.11328125,1.220703125,-0.3125,-0.361328125
29136,1.2109375,1.181640625,-0.322265625,-0.37109375
29137,1.171875,1.23046875,-0.41015625,-0.302734375
29138,1.162109375,1.25,-0.380859375,-0.263671875
29139,1.11328125,1.26953125,-0.361328125,-0.322265625
29140,1.201171875,1.162109375,-0.361328125,-0.341796875
29141,1.220703125,1.15234375,-0.244140625,-0.44921875
29142,1.2890625,1.2109375,-0.2734375,-0.33203125
29143,1.1328125,1.25,-0.2734375,-0.380859375
29144,1.171875,1.26953125,-0.3515625,-0.37109375
29145,1.201171875,1.26953125,-0.25390625,-0.37109375
29146,1.201171875,1.1328125,-0.1953125,-0.380859375
29147,1.240234375,1.123046875,-0.224609375,-0.52734375
29148,1.03515625,1.2109375,-0.2734375,-0.302734375
29149,1.15234375,1.19140625,-0.25390625,-0.380859375
29150,1.30859375,1.23046875,-0.244140625,-0.37109375
29151,1.171875,1.220703125,-0.2734375,-0.33203125
29152,1.15234375,1.23046875,-0.283203125,-0.400390625
29153,1.09375,1.26953125,-0.33203125,-0.37109375
29154,1.1328125,1.279296875,-0.25390625,-0.3515625
29155,1.1328125,1.0546875,-0.244140625,-0.390625
29156,1.142578125,1.171875,-0.283203125,-0.546875
29157,1.123046875,1.103515625,-0.341796875,-0.33203125
29158,1.162109375,1.103515625,-0.283203125,-0.3125
29159,1.09375,1.298828125,-0.224609375,-0.458984375
29160,1.259765625,1.181640625,-0.341796875,-0.419921875
29161,1.201171875,1.2109375,-0.4296875,-0.4296875
29162,1.0546875,1.2109375,-0.29296875,-0.537109375
29163,1.015625,1.103515625,-0.263671875,-0.380859375
29164,0.966796875,1.171875,-0.400390625,-0.41015625
29165,0.966796875,1.171875,-0.2734375,-0.4296875
29166,1.0546875,1.279296875,-0.302734375,-0.263671875
29167,1.19140625,1.181640625,-0.3125,-0.419921875
29168,1.11328125,1.181640625,-0.400390625,-0.48828125
29169,1.162109375,1.123046875,-0.25390625,-0.46875
29170,1.005859375,1.240234375,-0.322265625,-0.400390625
29171,1.07421875,1.23046875,-0.322265625,-0.46875
29172,1.142578125,1.279296875,-0.29296875,-0.322265625
29173,1.23046875,1.07421875,-0.37109375,-0.3515625
29174,1.07421875,1.103515625,-0.15625,-0.4296875
29175,1.240234375,1.09375,-0.244140625,-0.458984375
29176,1.123046875,1.15234375,-0.37109375,-0.341796875
29177,1.19140625,1.123046875,-0.322265625,-0.361328125
29178,1.171875,1.142578125,-0.21484375,-0.5078125
29179,1.23046875,1.044921875,-0.29296875,-0.380859375
29180,1.2109375,1.171875,-0.17578125,-0.361328125
29181,1.103515625,1.240234375,-0.234375,-0.419921875
29182,1.259765625,1.318359375,-0.341796875,-0.439453125
29183,1.259765625,1.162109375,-0.33203125,-0.37109375
29184,1.201171875,1.2109375,-0.283203125,-0.380859375
29185,1.2109375,1.083984375,-0.25390625,-0.322265625
29186,1.181640625,1.26953125,-0.21484375,-0.44921875
29187,1.240234375,1.23046875,-0.3125,-0.361328125
29188,1.30859375,1.142578125,-0.29296875,-0.400390625
29189,1.19140625,1.09375,-0.234375,-0.41015625
29190,1.26953125,1.103515625,-0.37109375,-0.3515625
29191,1.259765625,1.171875,-0.21484375,-0.41015625
29192,1.259765625,1.171875,-0.3515625,-0.400390625
29193,1.162109375,1.142578125,-0.205078125,-0.390625
29194,1.2109375,1.220703125,-0.15625,-0.458984375
29195,1.1328125,1.162109375,-0.3515625,-0.380859375
29196,1.1328125,1.171875,-0.400390625,-0.341796875
29197,1.2109375,1.181640625,-0.25390625,-0.41015625
29198,1.201171875,1.416015625,-0.3515625,-0.3515625
29199,1.064453125,1.2109375,-0.205078125,-0.380859375
29200,1.2890625,1.123046875,-0.2734375,-0.390625
29201,1.15234375,1.220703125,-0.302734375,-0.33203125
29202,1.09375,1.1328125,-0.283203125,-0.2734375
29203,1.201171875,1.083984375,-0.263671875,-0.41015625
29204,1.103515625,1.07421875,-0.224609375,-0.380859375
29205,1.1328125,1.142578125,-0.166015625,-0.41015625
29206,1.162109375,1.025390625,-0.25390625,-0.322265625
29207,1.2109375,1.123046875,-0.341796875,-0.439453125
29208,1.142578125,0.966796875,-0.25390625,-0.2734375
29209,1.2109375,1.11328125,-0.3125,-0.37109375
29210,1.142578125,1.162109375,-0.2734375,-0.380859375
29211,1.07421875,1.103515625,-0.25390625,-0.234375
29212,1.142578125,1.142578125,-0.2734375,-0.3125
29213,1.142578125,0.99609375,-0.166015625,-0.3515625
29214,1.11328125,1.005859375,-0.263671875,-0.33203125
29215,1.2109375,1.11328125,-0.263671875,-0.322265625
29216,1.123046875,1.0546875,-0.15625,-0.400390625
29217,1.19140625,1.123046875,-0.25390625,-0.478515625
29218,1.240234375,1.123046875,-0.205078125,-0.380859375
29219,1.142578125,1.11328125,-0.3125,-0.46875
29220,1.09375,1.03515625,-0.107421875,-0.322265625
29221,1.1328125,1.09375,-0.224609375,-0.41015625
29222,1.103515625,0.869140625,-0.341796875,-0.4296875
29223,1.15234375,1.07421875,-0.2734375,-0.48828125
29224,1.09375,1.09375,-0.234375,-0.283203125
29225,1.162109375,1.171875,-0.185546875,-0.478515625
29226,1.123046875,1.044921875,-0.21484375,-0.380859375
29227,1.11328125,1.07421875,-0.283203125,-0.244140625
29228,1.0546875,1.1328125,-0.263671875,-0.361328125
29229,1.19140625,1.07421875,-0.25390625,-0.302734375
29230,1.07421875,1.201171875,-0.283203125,-0.263671875
29231,1.103515625,1.103515625,-0.25390625,-0.380859375
29232,1.03515625,1.25,-0.3125,-0.283203125
29233,1.09375,1.15234375,-0.25390625,-0.126953125
29234,1.083984375,1.142578125,-0.263671875,-0.33203125
29235,1.171875,1.142578125,-0.3515625,-0.33203125
29236,0.966796875,1.1328125,-0.302734375,-0.25390625
29237,1.09375,1.171875,-0.185546875,-0.341796875
29238,1.09375,1.123046875,-0.244140625,-0.3125
29239,1.083984375,1.181640625,-0.3125,-0.29296875
29240,1.025390625,1.123046875,-0.3125,-0.4296875
29241,1.11328125,1.15234375,-0.234375,-0.44921875
29242,1.162109375,1.0546875,-0.361328125,-0.380859375
29243,1.15234375,0.9765625,-0.341796875,-0.458984375
29244,1.11328125,1.181640625,-0.29296875,-0.4296875
29245,1.044921875,1.1328125,-0.205078125,-0.44921875
29246,1.162109375,1.103515625,-0.25390625,-0.46875
29247,1.123046875,1.1328125,-0.37109375,-0.4296875
29248,1.201171875,1.1328125,-0.3125,-0.400390625
29249,1.142578125,1.171875,-0.1953125,-0.400390625
29250,1.11328125,1.083984375,-0.322265625,-0.380859375
29251,1.2109375,1.23046875,-0.283203125,-0.37109375
29252,1.142578125,1.171875,-0.302734375,-0.48828125
29253,1.083984375,1.1328125,-0.283203125,-0.48828125
29254,1.298828125,1.19140625,-0.283203125,-0.48828125
29255,1.123046875,1.142578125,-0.283203125,-0.46875
29256,1.181640625,1.09375,-0.21484375,-0.498046875
29257,1.1328125,1.1328125,-0.17578125,-0.419921875
29258,1.123046875,1.142578125,-0.17578125,-0.29296875
29259,1.220703125,1.142578125,-0.146484375,-0.419921875
29260,1.15234375,1.044921875,-0.1953125,-0.234375
29261,1.1328125,1.11328125,-0.21484375,-0.3125
29262,1.015625,1.201171875,-0.17578125,-0.41015625
29263,1.123046875,1.123046875,-0.25390625,-0.33203125
29264,1.220703125,1.11328125,-0.17578125,-0.33203125
29265,1.23046875,1.181640625,-0.21484375,-0.41015625
29266,1.142578125,1.09375,-0.1953125,-0.29296875
29267,1.279296875,1.07421875,-0.1953125,-0.380859375
29268,1.123046875,1.15234375,-0.15625,-0.341796875
29269,1.220703125,1.15234375,-0.400390625,-0.390625
29270,1.23046875,1.11328125,-0.33203125,-0.380859375
29271,1.279296875,1.142578125,-0.13671875,-0.37109375
29272,1.083984375,1.1328125,-0.3515625,-0.380859375
29273,1.201171875,1.142578125,-0.263671875,-0.390625
29274,1.19140625,1.123046875,-0.283203125,-0.4296875
29275,1.220703125,1.15234375,-0.3125,-0.33203125
29276,1.123046875,1.044921875,-0.37109375,-0.400390625
29277,1.201171875,1.09375,-0.302734375,-0.44921875
29278,1.201171875,1.083984375,-0.33203125,-0.3515625
29279,1.2109375,1.083984375,-0.205078125,-0.361328125
29280,1.123046875,1.142578125,-0.205078125,-0.439453125
29281,1.181640625,1.0546875,-0.302734375,-0.263671875
29282,1.357421875,1.123046875,-0.322265625,-0.361328125
29283,1.259765625,0.986328125,-0.234375,-0.380859375
29284,1.15234375,1.171875,-0.33203125,-0.419921875
29285,1.171875,1.064453125,-0.25390625,-0.44921875
29286,1.064453125,1.07421875,-0.283203125,-0.390625
29287,1.181640625,0.83984375,-0.17578125,-0.322265625
29288,1.19140625,1.103515625,-0.234375,-0.439453125
29289,1.328125,1.103515625,-0.2734375,-0.390625
29290,1.19140625,1.26953125,-0.390625,-0.37109375
29291,1.2890625,1.083984375,-0.244140625,-0.244140625
29292,1.142578125,0.966796875,-0.41015625,-0.4296875
29293,1.181640625,1.15234375,-0.29296875,-0.33203125
29294,1.259765625,1.07421875,-0.234375,-0.400390625
29295,1.181640625,0.9375,-0.25390625,-0.3515625
29296,1.103515625,1.26953125,-0.33203125,-0.302734375
29297,1.181640625,1.083984375,-0.361328125,-0.2734375
29298,1.298828125,1.171875,-0.25390625,-0.37109375
29299,1.181640625,1.03515625,-0.302734375,-0.29296875
29300,1.220703125,1.123046875,-0.244140625,-0.400390625
29301,1.09375,1.1328125,-0.2734375,-0.341796875
29302,1.103515625,1.083984375,-0.29296875,-0.46875
29303,1.220703125,1.1328125,-0.322265625,-0.341796875
29304,1.2890625,1.064453125,-0.29296875,-0.244140625
29305,1.259765625,1.083984375,-0.3125,-0.419921875
29306,1.298828125,1.11328125,-0.3515625,-0.3125
29307,1.279296875,1.1328125,-0.224609375,-0.29296875
29308,1.240234375,1.19140625,-0.361328125,-0.41015625
29309,1.15234375,1.064453125,-0.17578125,-0.33203125
29310,1.38671875,1.103515625,-0.224609375,-0.302734375
29311,1.240234375,1.064453125,-0.302734375,-0.302734375
29312,1.23046875,1.123046875,-0.302734375,-0.400390625
29313,1.25,1.1328125,-0.33203125,-0.419921875
29314,1.240234375,1.15234375,-0.25390625,-0.302734375
29315,1.2109375,1.142578125,-0.25390625,-0.517578125
29316,1.1328125,1.142578125,-0.283203125,-0.3125
29317,1.25,0.966796875,-0.380859375,-0.361328125
29318,1.201171875,1.162109375,-0.2734375,-0.37109375
29319,1.11328125,1.09375,-0.244140625,-0.439453125
29320,1.15234375,1.03515625,-0.29296875,-0.263671875
29321,1.220703125,1.07421875,-0.263671875,-0.361328125
29322,1.23046875,1.142578125,-0.29296875,-0.29296875
29323,1.23046875,1.123046875,-0.146484375,-0.390625
29324,1.1328125,1.103515625,-0.283203125,-0.341796875
29325,1.2109375,1.0546875,-0.224609375,-0.400390625
29326,1.298828125,1.083984375,-0.244140625,-0.33203125
29327,1.220703125,1.015625,-0.205078125,-0.46875
29328,1.181640625,1.142578125,-0.224609375,-0.46875
29329,1.279296875,1.181640625,-0.205078125,-0.44921875
29330,1.19140625,1.171875,-0.25390625,-0.263671875
29331,1.19140625,1.181640625,-0.1953125,-0.3515625
29332,1.064453125,1.162109375,-0.15625,-0.37109375
29333,1.26953125,1.03515625,-0.263671875,-0.56640625
29334,1.298828125,1.07421875,-0.263671875,-0.4296875
29335,1.201171875,1.07421875,-0.2734375,-0.439453125
29336,1.26953125,1.19140625,-0.3125,-0.341796875
29337,1.34765625,1.171875,-0.29296875,-0.322265625
29338,1.240234375,1.15234375,-0.33203125,-0.4296875
29339,1.23046875,1.0546875,-0.390625,-0.2734375
29340,1.220703125,1.123046875,-0.234375,-0.29296875
29341,1.19140625,1.09375,-0.302734375,-0.3515625
29342,1.30859375,1.025390625,-0.3125,-0.380859375
29343,1.259765625,1.083984375,-0.283203125,-0.15625
29344,1.171875,1.15234375,-0.146484375,-0.283203125
29345,1.171875,1.1328125,-0.263671875,-0.302734375
29346,1.171875,1.142578125,-0.244140625,-0.25390625
29347,1.181640625,1.142578125,-0.25390625,-0.29296875
29348,1.15234375,1.064453125,-0.341796875,-0.17578125
29349,1.142578125,1.0546875,-0.205078125,-0.3515625
29350,1.19140625,1.11328125,-0.234375,-0.302734375
29351,1.15234375,1.025390625,-0.322265625,-0.37109375
29352,1.259765625,1.015625,-0.2734375,-0.224609375
29353,1.240234375,0.859375,-0.244140625,-0.3515625
29354,1.26953125,1.09375,-0.224609375,-0.185546875
29355,1.044921875,1.123046875,-0.1953125,-0.380859375
29356,1.1328125,1.005859375,-0.263671875,-0.390625
29357,1.09375,1.083984375,-0.185546875,-0.576171875
29358,1.220703125,1.044921875,-0.234375,-0.546875
29359,1.2890625,1.083984375,-0.126953125,-0.3125
29360,1.171875,1.103515625,-0.25390625,-0.244140625
29361,1.279296875,1.0546875,-0.302734375,-0.380859375
29362,1.1328125,1.162109375,-0.322265625,-0.37109375
29363,1.11328125,0.927734375,-0.2734375,-0.3515625
29364,1.142578125,1.1328125,-0.21484375,-0.380859375
29365,1.240234375,1.11328125,-0.37109375,-0.400390625
29366,1.171875,1.07421875,-0.205078125,-0.3515625
29367,1.23046875,1.0546875,-0.205078125,-0.29296875
29368,1.171875,1.103515625,-0.244140625,-0.2734375
29369,1.162109375,1.103515625,-0.283203125,-0.341796875
29370,1.25,1.005859375,-0.400390625,-0.244140625
29371,1.23046875,1.09375,-0.2734375,-0.29296875
29372,1.26953125,1.103515625,-0.21484375,-0.361328125
29373,1.19140625,1.142578125,-0.2734375,-0.25390625
29374,1.11328125,1.03515625,-0.2734375,-0.25390625
29375,1.123046875,1.103515625,-0.15625,-0.2734375
29376,1.2109375,0.99609375,-0.17578125,-0.17578125
29377,1.201171875,1.044921875,-0.25390625,-0.126953125
29378,1.30859375,1.103515625,-0.244140625,-0.390625
29379,1.220703125,1.083984375,-0.234375,-0.3125
29380,1.220703125,1.044921875,-0.3125,-0.3125
29381,1.259765625,1.015625,-0.244140625,-0.2734375
29382,1.162109375,0.99609375,-0.302734375,-0.283203125
29383,1.181640625,0.986328125,-0.3515625,-0.263671875
29384,1.2109375,1.11328125,-0.341796875,-0.29296875
29385,1.25,1.09375,-0.234375,-0.33203125
29386,1.201171875,1.103515625,-0.2734375,-0.341796875
29387,1.19140625,1.025390625,-0.33203125,-0.283203125
29388,1.162109375,1.09375,-0.3125,-0.302734375
29389,1.11328125,1.0546875,-0.361328125,-0.29296875
29390,1.09375,1.1328125,-0.224609375,-0.283203125
29391,1.220703125,1.11328125,-0.390625,-0.29296875
29392,0.947265625,1.07421875,-0.25390625,-0.234375
29393,1.083984375,1.0546875,-0.146484375,-0.2734375
29394,1.044921875,1.279296875,-0.21484375,-0.380859375
29395,1.083984375,1.103515625,-0.205078125,-0.244140625
29396,1.142578125,1.123046875,-0.21484375,-0.322265625
29397,1.103515625,1.19140625,-0.205078125,-0.341796875
29398,1.23046875,0.966796875,-0.1171875,-0.361328125
29399,1.181640625,1.005859375,-0.21484375,-0.3515625
29400,1.328125,0.888671875,-0.166015625,-0.2734375
29401,1.25,1.07421875,-0.205078125,-0.25390625
29402,1.142578125,1.15234375,-0.205078125,-0.2734375
29403,1.25,1.142578125,-0.09765625,-0.25390625
29404,1.298828125,1.083984375,-0.107421875,-0.37109375
29405,1.220703125,1.083984375,-0.146484375,-0.341796875
29406,1.26953125,1.123046875,-0.17578125,-0.146484375
29407,1.0546875,1.142578125,-0.205078125,-0.29296875
29408,1.103515625,1.044921875,-0.283203125,-0.2734375
29409,1.259765625,1.03515625,-0.185546875,-0.3125
29410,1.240234375,1.064453125,-0.224609375,-0.09765625
29411,1.2890625,0.947265625,-0.263671875,-0.2734375
29412,1.30859375,1.083984375,-0.341796875,-0.3515625
29413,1.123046875,1.11328125,-0.283203125,-0.234375
29414,1.23046875,1.044921875,-0.263671875,-0.244140625
29415,1.220703125,1.005859375,-0.21484375,-0.2734375
29416,1.201171875,1.1328125,-0.302734375,-0.146484375
29417,1.2890625,1.15234375,-0.33203125,-0.263671875
29418,1.123046875,1.103515625,-0.234375,-0.107421875
29419,1.201171875,1.025390625,-0.44921875,-0.234375
29420,1.181640625,1.103515625,-0.234375,-0.244140625
29421,1.07421875,1.11328125,-0.322265625,-0.29296875
29422,1.11328125,1.09375,-0.302734375,-0.322265625
29423,1.220703125,1.123046875,-0.244140625,-0.17578125
29424,1.142578125,1.09375,-0.3125,-0.244140625
29425,1.1328125,1.083984375,-0.146484375,-0.234375
29426,1.103515625,1.19140625,-0.322265625,-0.25390625
29427,1.162109375,1.19140625,-0.341796875,-0.224609375
29428,1.162109375,1.044921875,-0.37109375,-0.224609375
29429,1.15234375,1.015625,-0.361328125,-0.25390625
29430,1.171875,1.064453125,-0.380859375,-0.263671875
29431,1.25,0.99609375,-0.234375,-0.458984375
29432,1.201171875,1.1328125,-0.224609375,-0.283203125
29433,1.220703125,1.11328125,-0.29296875,-0.244140625
29434,1.25,1.09375,-0.302734375,-0.25390625
29435,1.19140625,1.0546875,-0.25390625,-0.25390625
29436,1.19140625,1.162109375,-0.41015625,-0.224609375
29437,1.181640625,1.09375,-0.37109375,-0.283203125
29438,1.220703125,1.220703125,-0.341796875,-0.29296875
29439,1.298828125,1.123046875,-0.380859375,-0.205078125
29440,1.162109375,1.15234375,-0.380859375,-0.33203125
29441,1.09375,1.044921875,-0.380859375,-0.283203125
29442,1.259765625,1.240234375,-0.44921875,-0.283203125
29443,1.201171875,1.03515625,-0.380859375,-0.263671875
29444,1.103515625,1.11328125,-0.3515625,-0.263671875
29445,1.03515625,1.07421875,-0.390625,-0.244140625
29446,1.162109375,1.1328125,-0.44921875,-0.1171875
29447,1.279296875,1.044921875,-0.380859375,-0.15625
29448,1.1328125,1.171875,-0.41015625,-0.263671875
29449,1.142578125,1.162109375,-0.380859375,-0.205078125
29450,1.103515625,1.181640625,-0.390625,-0.205078125
29451,1.220703125,1.123046875,-0.44921875,-0.29296875
29452,1.181640625,1.11328125,-0.33203125,-0.283203125
29453,1.162109375,1.0546875,-0.361328125,-0.322265625
29454,1.142578125,1.103515625,-0.3125,-0.234375
29455,1.181640625,1.0546875,-0.3515625,-0.25390625
29456,1.15234375,1.064453125,-0.361328125,-0.29296875
29457,1.171875,1.044921875,-0.283203125,-0.244140625
29458,1.259765625,1.181640625,-0.439453125,-0.361328125
29459,1.2109375,1.083984375,-0.3515625,-0.478515625
29460,1.15234375,1.15234375,-0.478515625,-0.078125
29461,1.2109375,1.103515625,-0.478515625,-0.3515625
29462,1.15234375,1.11328125,-0.390625,-0.224609375
29463,1.2890625,1.103515625,-0.4296875,-0.21484375
29464,1.171875,1.103515625,-0.3515625,-0.29296875
29465,1.123046875,0.99609375,-0.322265625,-0.205078125
29466,1.171875,1.123046875,-0.3125,-0.3125
29467,1.26953125,0.966796875,-0.25390625,-0.263671875
29468,1.142578125,1.09375,-0.400390625,-0.244140625
29469,1.23046875,0.908203125,-0.380859375,-0.302734375
29470,1.142578125,1.015625,-0.302734375,-0.166015625
29471,1.162109375,1.201171875,-0.3125,-0.37109375
29472,1.26953125,1.240234375,-0.380859375,-0.25390625
29473,1.23046875,1.07421875,-0.33203125,-0.126953125
29474,1.0546875,1.19140625,-0.33203125,-0.33203125
29475,1.103515625,1.142578125,-0.33203125,-0.419921875
29476,1.11328125,1.103515625,-0.3125,-0.17578125
29477,1.162109375,1.083984375,-0.205078125,-0.185546875
29478,1.318359375,1.07421875,-0.25390625,-0.1953125
29479,1.2890625,1.09375,-0.185546875,-0.29296875
29480,1.25,1.11328125,-0.205078125,-0.244140625
29481,1.240234375,1.09375,-0.283203125,-0.263671875
29482,1.1328125,1.11328125,-0.341796875,-0.41015625
29483,1.162109375,1.142578125,-0.3125,-0.25390625
29484,1.11328125,1.1328125,-0.2734375,-0.263671875
29485,1.123046875,1.11328125,-0.205078125,-0.1953125
29486,0.927734375,1.201171875,-0.205078125,-0.3515625
29487,1.19140625,1.064453125,-0.205078125,-0.166015625
29488,1.220703125,0.986328125,-0.302734375,-0.244140625
29489,1.201171875,1.064453125,-0.3125,-0.087890625
29490,1.171875,1.044921875,-0.283203125,-0.2734375
29491,1.0546875,1.083984375,-0.263671875,-0.166015625
29492,1.220703125,1.015625,-0.322265625,-0.234375
29493,1.26953125,1.11328125,-0.3515625,-0.322265625
29494,1.201171875,1.07421875,-0.361328125,-0.205078125
29495,1.1328125,1.15234375,-0.29296875,-0.224609375
29496,1.142578125,1.083984375,-0.33203125,-0.322265625
29497,1.25,1.142578125,-0.224609375,-0.17578125
29498,1.181640625,1.064453125,-0.205078125,-0.21484375
29499,1.220703125,1.2109375,-0.29296875,-0.263671875
29500,1.259765625,1.23046875,-0.37109375,-0.244140625
29501,1.26953125,1.083984375,-0.2734375,-0.263671875
29502,1.240234375,1.123046875,-0.37109375,-0.244140625
29503,1.328125,1.162109375,-0.29296875,-0.33203125
29504,1.328125,1.259765625,-0.4296875,-0.21484375
29505,1.2890625,1.11328125,-0.3125,-0.234375
29506,1.220703125,1.162109375,-0.322265625,-0.263671875
29507,1.181640625,0.986328125,-0.234375,-0.166015625
29508,1.337890625,1.09375,-0.29296875,-0.3125
29509,1.26953125,1.15234375,-0.302734375,-0.302734375
29510,1.2890625,1.181640625,-0.3125,-0.283203125
29511,1.2109375,1.181640625,-0.29296875,-0.33203125
29512,1.07421875,1.201171875,-0.146484375,-0.234375
29513,1.279296875,1.25,-0.2734375,-0.283203125
29514,1.123046875,1.09375,-0.37109375,-0.2734375
29515,1.2109375,1.083984375,-0.244140625,-0.322265625
29516,1.142578125,1.2890625,-0.126953125,-0.458984375
29517,1.318359375,1.181640625,-0.2734375,-0.263671875
29518,1.26953125,1.201171875,-0.17578125,-0.3515625
29519,1.142578125,1.0546875,-0.244140625,-0.13671875
29520,1.25,1.142578125,-0.263671875,-0.146484375
29521,1.044921875,1.23046875,-0.234375,-0.3125
29522,1.171875,1.162109375,-0.1953125,-0.283203125
29523,1.181640625,1.220703125,-0.205078125,-0.341796875
29524,1.220703125,1.2890625,-0.2734375,-0.2734375
29525,1.142578125,1.044921875,-0.390625,-0.390625
29526,1.26953125,1.09375,-0.185546875,-0.2734375
29527,1.30859375,1.1328125,-0.234375,-0.3125
29528,1.298828125,1.162109375,-0.25390625,-0.3125
29529,1.2109375,1.181640625,-0.302734375,-0.390625
29530,1.318359375,1.19140625,-0.341796875,-0.322265625
29531,1.2890625,0.99609375,-0.380859375,-0.33203125
29532,1.25,1.201171875,-0.224609375,-0.2734375
29533,1.30859375,1.103515625,-0.41015625,-0.283203125
29534,1.376953125,1.083984375,-0.33203125,-0.3515625
29535,1.279296875,1.171875,-0.322265625,-0.44921875
29536,1.279296875,1.015625,-0.2734375,-0.322265625
29537,1.25,0.966796875,-0.17578125,-0.2734375
29538,1.142578125,1.123046875,-0.390625,-0.29296875
29539,1.171875,1.201171875,-0.400390625,-0.3125
29540,1.25,1.15234375,-0.37109375,-0.33203125
29541,1.181640625,1.103515625,-0.302734375,-0.302734375
29542,1.19140625,1.142578125,-0.29296875,-0.263671875
29543,1.19140625,1.09375,-0.21484375,-0.3125
29544,1.201171875,1.07421875,-0.2734375,-0.322265625
29545,1.25,1.1328125,-0.25390625,-0.322265625
29546,1.23046875,1.142578125,-0.2734375,-0.29296875
29547,1.171875,1.103515625,-0.234375,-0.439453125
29548,1.220703125,0.908203125,-0.185546875,-0.33203125
29549,1.142578125,1.123046875,-0.25390625,-0.263671875
29550,1.15234375,1.123046875,-0.283203125,-0.3515625
29551,1.2109375,1.03515625,-0.3515625,-0.33203125
29552,1.181640625,1.09375,-0.224609375,-0.263671875
29553,1.171875,1.220703125,-0.3125,-0.44921875
29554,1.162109375,1.07421875,-0.283203125,-0.3125
29555,1.11328125,1.162109375,-0.3515625,-0.302734375
29556,1.09375,1.1328125,-0.341796875,-0.224609375
29557,1.2109375,1.2890625,-0.263671875,-0.3125
29558,1.240234375,1.11328125,-0.2734375,-0.244140625
29559,1.1328125,1.083984375,-0.283203125,-0.341796875
29560,1.220703125,1.07421875,-0.361328125,-0.302734375
29561,1.162109375,1.1328125,-0.302734375,-0.263671875
29562,1.19140625,1.1328125,-0.2734375,-0.341796875
29563,1.19140625,1.162109375,-0.29296875,-0.3515625
29564,1.25,1.171875,-0.302734375,-0.361328125
29565,1.201171875,1.11328125,-0.37109375,-0.400390625
29566,1.171875,1.19140625,-0.302734375,-0.380859375
29567,1.064453125,1.2109375,-0.283203125,-0.41015625
29568,1.0546875,1.15234375,-0.3125,-0.302734375
29569,1.181640625,1.30859375,-0.322265625,-0.33203125
29570,1.123046875,1.142578125,-0.302734375,-0.380859375
29571,1.171875,1.09375,-0.41015625,-0.341796875
29572,1.142578125,1.181640625,-0.3515625,-0.37109375
29573,1.03515625,1.279296875,-0.3515625,-0.390625
29574,1.15234375,1.142578125,-0.3125,-0.478515625
29575,1.26953125,1.2109375,-0.3515625,-0.4296875
29576,1.1328125,1.25,-0.29296875,-0.322265625
29577,1.142578125,1.2109375,-0.439453125,-0.44921875
29578,1.09375,1.19140625,-0.263671875,-0.244140625
29579,1.23046875,1.201171875,-0.263671875,-0.33203125
29580,1.09375,1.23046875,-0.224609375,-0.46875
29581,1.09375,1.15234375,-0.205078125,-0.400390625
29582,1.201171875,1.123046875,-0.25390625,-0.3125
29583,1.103515625,1.318359375,-0.205078125,-0.33203125
29584,1.279296875,1.19140625,-0.283203125,-0.3515625
29585,1.064453125,1.1328125,-0.166015625,-0.302734375
29586,1.162109375,1.279296875,-0.13671875,-0.439453125
29587,1.07421875,1.240234375,-0.283203125,-0.46875
29588,1.220703125,1.162109375,-0.3515625,-0.361328125
29589,1.083984375,1.279296875,-0.263671875,-0.234375
29590,1.162109375,1.11328125,-0.205078125,-0.478515625
29591,1.171875,1.25,-0.283203125,-0.478515625
29592,1.142578125,1.19140625,-0.1953125,-0.361328125
29593,1.025390625,1.201171875,-0.283203125,-0.439453125
29594,1.162109375,1.064453125,-0.3125,-0.37109375
29595,1.25,1.19140625,-0.361328125,-0.380859375
29596,1.2890625,1.220703125,-0.21484375,-0.380859375
29597,1.220703125,1.11328125,-0.2734375,-0.380859375
29598,1.19140625,1.064453125,-0.21484375,-0.4296875
29599,1.181640625,1.171875,-0.2734375,-0.4296875
29600,1.396484375,1.240234375,-0.224609375,-0.44921875
29601,1.142578125,1.15234375,-0.341796875,-0.302734375
29602,1.162109375,1.2109375,-0.302734375,-0.341796875
29603,1.11328125,1.171875,-0.29296875,-0.41015625
29604,1.09375,1.171875,-0.341796875,-0.419921875
29605,1.142578125,1.15234375,-0.33203125,-0.439453125
29606,1.07421875,1.19140625,-0.283203125,-0.400390625
29607,1.171875,1.201171875,-0.234375,-0.37109375
29608,1.298828125,1.142578125,-0.33203125,-0.380859375
29609,1.23046875,1.162109375,-0.2734375,-0.33203125
29610,1.201171875,1.23046875,-0.224609375,-0.3515625
29611,1.240234375,1.19140625,-0.15625,-0.283203125
29612,1.26953125,1.240234375,-0.29296875,-0.322265625
29613,1.103515625,1.15234375,-0.166015625,-0.341796875
29614,1.123046875,1.201171875,-0.341796875,-0.3515625
29615,1.1328125,1.2109375,-0.2734375,-0.41015625
29616,1.15234375,1.2109375,-0.25390625,-0.439453125
29617,1.201171875,1.23046875,-0.302734375,-0.33203125
29618,1.25,1.181640625,-0.1953125,-0.46875
29619,1.26953125,1.1328125,-0.224609375,-0.3125
29620,1.19140625,1.26953125,-0.263671875,-0.3515625
29621,1.240234375,1.171875,-0.2734375,-0.341796875
29622,1.142578125,1.19140625,-0.234375,-0.400390625
29623,1.201171875,1.123046875,-0.283203125,-0.390625
29624,1.181640625,1.123046875,-0.2734375,-0.46875
29625,1.142578125,1.07421875,-0.33203125,-0.3515625
29626,0.927734375,1.181640625,-0.283203125,-0.419921875
29627,1.19140625,1.220703125,-0.185546875,-0.361328125
29628,1.1328125,1.240234375,-0.302734375,-0.3515625
29629,1.1328125,1.23046875,-0.283203125,-0.458984375
29630,1.123046875,1.162109375,-0.25390625,-0.390625
29631,1.15234375,1.2890625,-0.244140625,-0.37109375
29632,1.1328125,1.15234375,-0.29296875,-0.546875
29633,1.1328125,1.181640625,-0.322265625,-0.322265625
29634,1.298828125,1.240234375,-0.33203125,-0.341796875
29635,1.25,1.103515625,-0.29296875,-0.361328125
29636,1.005859375,1.09375,-0.25390625,-0.3515625
29637,1.171875,1.1328125,-0.2734375,-0.361328125
29638,1.181640625,1.30859375,-0.21484375,-0.46875
29639,1.123046875,1.11328125,-0.205078125,-0.341796875
29640,1.09375,1.15234375,-0.322265625,-0.41015625
29641,1.220703125,1.23046875,-0.244140625,-0.537109375
29642,1.162109375,1.11328125,-0.390625,-0.341796875
29643,1.181640625,1.015625,-0.263671875,-0.41015625
29644,1.15234375,1.103515625,-0.3515625,-0.4296875
29645,1.220703125,1.083984375,-0.302734375,-0.458984375
29646,1.2109375,1.142578125,-0.263671875,-0.33203125
29647,1.181640625,1.396484375,-0.2734375,-0.361328125
29648,1.26953125,1.11328125,-0.224609375,-0.634765625
29649,1.40625,1.103515625,-0.205078125,-0.400390625
29650,1.240234375,1.171875,-0.283203125,-0.56640625
29651,1.142578125,1.2109375,-0.3515625,-0.46875
29652,1.1328125,1.083984375,-0.126953125,-0.380859375
29653,0.99609375,1.15234375,-0.244140625,-0.4296875
29654,1.025390625,1.142578125,-0.244140625,-0.48828125
29655,1.240234375,1.083984375,-0.21484375,-0.341796875
29656,1.162109375,1.103515625,-0.1953125,-0.400390625
29657,1.123046875,1.11328125,-0.263671875,-0.400390625
29658,1.19140625,1.064453125,-0.1953125,-0.478515625
29659,1.25,1.123046875,-0.146484375,-0.46875
29660,1.142578125,1.123046875,-0.302734375,-0.37109375
29661,1.142578125,1.083984375,-0.25390625,-0.400390625
29662,1.03515625,1.142578125,-0.244140625,-0.400390625
29663,1.015625,1.162109375,-0.244140625,-0.4296875
29664,1.15234375,1.11328125,-0.283203125,-0.380859375
29665,1.15234375,1.15234375,-0.2734375,-0.41015625
29666,1.181640625,1.1328125,-0.234375,-0.46875
29667,1.171875,1.083984375,-0.283203125,-0.37109375
29668,1.064453125,1.23046875,-0.283203125,-0.33203125
29669,1.103515625,1.181640625,-0.3515625,-0.224609375
29670,1.15234375,1.07421875,-0.185546875,-0.400390625
29671,1.11328125,1.19140625,-0.15625,-0.4296875
29672,1.123046875,1.11328125,-0.205078125,-0.341796875
29673,1.1328125,1.07421875,-0.244140625,-0.380859375
29674,1.23046875,1.19140625,-0.2734375,-0.390625
29675,1.1328125,1.19140625,-0.244140625,-0.41015625
29676,1.25,1.1328125,-0.1953125,-0.390625
29677,1.171875,1.15234375,-0.400390625,-0.4296875
29678,1.07421875,1.064453125,-0.302734375,-0.37109375
29679,1.064453125,1.09375,-0.224609375,-0.37109375
29680,1.11328125,1.123046875,-0.185546875,-0.4296875
29681,1.123046875,1.2109375,-0.283203125,-0.4296875
29682,1.103515625,1.181640625,-0.263671875,-0.458984375
29683,1.09375,1.19140625,-0.263671875,-0.361328125
29684,1.0546875,1.1328125,-0.17578125,-0.3515625
29685,1.15234375,1.103515625,-0.205078125,-0.41015625
29686,1.083984375,1.15234375,-0.244140625,-0.419921875
29687,1.181640625,1.103515625,-0.224609375,-0.44921875
29688,1.201171875,1.142578125,-0.224609375,-0.380859375
29689,1.044921875,1.259765625,-0.37109375,-0.361328125
29690,1.15234375,1.19140625,-0.380859375,-0.380859375
29691,1.123046875,1.103515625,-0.224609375,-0.37109375
29692,1.103515625,0.91796875,-0.224609375,-0.3125
29693,1.142578125,1.181640625,-0.283203125,-0.46875
29694,1.162109375,1.15234375,-0.2734375,-0.33203125
29695,1.2109375,1.1328125,-0.205078125,-0.400390625
29696,1.181640625,1.11328125,-0.2734375,-0.37109375
29697,1.15234375,1.15234375,-0.322265625,-0.546875
29698,1.220703125,1.09375,-0.380859375,-0.33203125
29699,1.240234375,1.142578125,-0.3125,-0.4296875
29700,1.19140625,1.03515625,-0.3515625,-0.29296875
29701,1.220703125,1.03515625,-0.234375,-0.3515625
29702,1.11328125,1.083984375,-0.224609375,-0.46875
29703,1.30859375,1.15234375,-0.2734375,-0.3515625
29704,1.09375,1.181640625,-0.283203125,-0.390625
29705,1.171875,1.142578125,-0.302734375,-0.48828125
29706,1.0546875,1.142578125,-0.341796875,-0.41015625
29707,1.259765625,1.1328125,-0.244140625,-0.44921875
29708,1.171875,1.07421875,-0.4296875,-0.478515625
29709,1.259765625,1.15234375,-0.33203125,-0.546875
29710,1.11328125,1.103515625,-0.29296875,-0.322265625
29711,1.171875,1.11328125,-0.380859375,-0.458984375
29712,1.30859375,1.220703125,-0.3125,-0.44921875
29713,1.2109375,1.201171875,-0.17578125,-0.400390625
29714,1.279296875,1.220703125,-0.283203125,-0.380859375
29715,1.240234375,1.11328125,-0.3125,-0.380859375
29716,1.220703125,1.201171875,-0.224609375,-0.3125
29717,1.201171875,1.162109375,-0.390625,-0.419921875
29718,1.103515625,1.083984375,-0.25390625,-0.56640625
29719,1.2890625,1.1328125,-0.263671875,-0.380859375
29720,1.142578125,1.142578125,-0.302734375,-0.361328125
29721,1.083984375,1.123046875,-0.25390625,-0.283203125
29722,1.15234375,1.0546875,-0.302734375,-0.419921875
29723,1.220703125,1.15234375,-0.322265625,-0.25390625
29724,1.259765625,1.064453125,-0.283203125,-0.46875
29725,1.11328125,0.986328125,-0.2734375,-0.4296875
29726,1.162109375,1.162109375,-0.15625,-0.33203125
29727,1.201171875,1.103515625,-0.37109375,-0.419921875
29728,1.142578125,1.07421875,-0.322265625,-0.390625
29729,1.11328125,1.025390625,-0.341796875,-0.2734375
29730,1.044921875,1.15234375,-0.302734375,-0.3515625
29731,1.19140625,1.083984375,-0.380859375,-0.341796875
29732,1.1328125,0.99609375,-0.263671875,-0.25390625
29733,1.171875,1.103515625,-0.283203125,-0.234375
29734,1.123046875,1.083984375,-0.322265625,-0.3125
29735,1.240234375,1.201171875,-0.390625,-0.302734375
29736,1.220703125,1.123046875,-0.341796875,-0.322265625
29737,1.15234375,1.1328125,-0.302734375,-0.33203125
29738,1.181640625,1.044921875,-0.283203125,-0.361328125
29739,1.083984375,1.07421875,-0.322265625,-0.41015625
29740,1.201171875,1.03515625,-0.3125,-0.361328125
29741,1.103515625,0.9765625,-0.25390625,-0.322265625
29742,1.23046875,1.0546875,-0.244140625,-0.322265625
29743,1.142578125,1.0546875,-0.29296875,-0.390625
29744,1.2109375,1.201171875,-0.302734375,-0.400390625
29745,1.171875,1.103515625,-0.25390625,-0.419921875
29746,1.103515625,1.123046875,-0.2734375,-0.419921875
29747,1.30859375,1.11328125,-0.2734375,-0.37109375
29748,1.19140625,1.103515625,-0.234375,-0.400390625
29749,1.3671875,1.11328125,-0.341796875,-0.4296875
29750,1.2109375,1.142578125,-0.44921875,-0.33203125
29751,1.34765625,1.181640625,-0.244140625,-0.185546875
29752,1.357421875,1.162109375,-0.29296875,-0.3515625
29753,1.162109375,1.015625,-0.322265625,-0.517578125
29754,1.220703125,1.34765625,-0.361328125,-0.458984375
29755,1.19140625,1.11328125,-0.3125,-0.33203125
29756,1.220703125,1.171875,-0.44921875,-0.3515625
29757,1.279296875,1.162109375,-0.3125,-0.341796875
29758,1.181640625,1.044921875,-0.322265625,-0.29296875
29759,1.279296875,1.09375,-0.126953125,-0.380859375
29760,1.23046875,1.103515625,-0.21484375,-0.2734375
29761,1.23046875,1.162109375,-0.263671875,-0.33203125
29762,1.26953125,1.15234375,-0.244140625,-0.341796875
29763,1.2890625,1.142578125,-0.21484375,-0.283203125
29764,1.26953125,1.103515625,-0.263671875,-0.361328125
29765,1.23046875,1.171875,-0.21484375,-0.439453125
29766,1.171875,1.15234375,-0.244140625,-0.302734375
29767,1.220703125,1.11328125,-0.3515625,-0.458984375
29768,1.23046875,1.142578125,-0.234375,-0.380859375
29769,1.3671875,1.09375,-0.2734375,-0.390625
29770,1.318359375,1.11328125,-0.166015625,-0.341796875
29771,1.34765625,1.123046875,-0.146484375,-0.400390625
29772,1.259765625,1.15234375,-0.107421875,-0.390625
29773,1.26953125,1.11328125,-0.224609375,-0.37109375
29774,1.2890625,1.123046875,-0.1953125,-0.29296875
29775,1.2109375,1.11328125,-0.25390625,-0.380859375
29776,1.2109375,1.123046875,-0.263671875,-0.2734375
29777,1.181640625,1.142578125,-0.263671875,-0.29296875
29778,1.2109375,1.11328125,-0.244140625,-0.25390625
29779,1.181640625,1.07421875,-0.2734375,-0.5078125
29780,1.201171875,1.103515625,-0.25390625,-0.390625
29781,1.1328125,1.123046875,-0.234375,-0.341796875
29782,1.19140625,1.09375,-0.05859375,-0.302734375
29783,1.30859375,1.1328125,-0.15625,-0.21484375
29784,1.19140625,1.025390625,-0.224609375,-0.37109375
29785,1.2109375,1.11328125,-0.17578125,-0.107421875
29786,1.11328125,1.103515625,-0.3125,-0.322265625
29787,1.142578125,1.07421875,-0.185546875,-0.263671875
29788,1.220703125,1.064453125,-0.234375,-0.4296875
29789,1.201171875,1.0546875,-0.33203125,-0.341796875
29790,1.2890625,1.064453125,-0.185546875,-0.361328125
29791,1.171875,1.11328125,-0.2734375,-0.400390625
29792,1.220703125,1.15234375,-0.21484375,-0.33203125
29793,1.337890625,0.80078125,-0.25390625,-0.390625
29794,1.240234375,1.015625,-0.322265625,-0.33203125
29795,1.142578125,1.142578125,-0.244140625,-0.390625
29796,1.09375,1.142578125,-0.3515625,-0.3515625
29797,1.171875,1.0546875,-0.1171875,-0.361328125
29798,1.30859375,1.07421875,-0.205078125,-0.458984375
29799,1.11328125,1.15234375,-0.283203125,-0.37109375
29800,1.23046875,1.103515625,-0.166015625,-0.400390625
29801,1.26953125,1.015625,-0.244140625,-0.224609375
29802,1.064453125,1.0546875,-0.1953125,-0.234375
29803,1.123046875,1.064453125,-0.3125,-0.15625
29804,1.220703125,1.044921875,-0.234375,-0.33203125
29805,1.1328125,1.025390625,-0.263671875,-0.283203125
29806,1.162109375,1.083984375,-0.380859375,-0.25390625
29807,1.396484375,1.11328125,-0.166015625,-0.33203125
29808,1.123046875,0.859375,-0.3515625,-0.361328125
29809,1.171875,0.99609375,-0.244140625,-0.41015625
29810,1.19140625,1.064453125,-0.17578125,-0.3515625
29811,1.171875,1.025390625,-0.224609375,-0.302734375
29812,1.181640625,0.927734375,-0.234375,-0.224609375
29813,1.103515625,1.07421875,-0.283203125,-0.2734375
29814,1.19140625,0.869140625,-0.224609375,-0.322265625
29815,1.201171875,1.1328125,-0.380859375,-0.41015625
29816,1.25,1.083984375,-0.29296875,-0.3515625
29817,1.1328125,1.09375,-0.2734375,-0.224609375
29818,1.220703125,0.99609375,-0.263671875,-0.185546875
29819,1.15234375,1.044921875,-0.29296875,-0.341796875
29820,1.11328125,1.19140625,-0.361328125,-0.3125
29821,1.220703125,1.123046875,-0.283203125,-0.380859375
29822,1.064453125,1.11328125,-0.224609375,-0.556640625
29823,1.181640625,1.162109375,-0.205078125,-0.302734375
29824,1.123046875,1.15234375,-0.3125,-0.33203125
29825,1.07421875,1.03515625,-0.2734375,-0.37109375
29826,1.2109375,1.0546875,-0.205078125,-0.25390625
29827,1.171875,1.083984375,-0.224609375,-0.341796875
29828,1.318359375,1.123046875,-0.2734375,-0.17578125
29829,1.259765625,1.23046875,-0.224609375,-0.244140625
29830,1.2109375,1.09375,-0.283203125,-0.25390625
29831,1.298828125,1.0546875,-0.263671875,-0.3125
29832,1.07421875,1.025390625,-0.380859375,-0.341796875
29833,1.162109375,0.95703125,-0.244140625,-0.13671875
29834,1.201171875,1.03515625,-0.4296875,-0.263671875
29835,1.2890625,1.03515625,-0.244140625,-0.185546875
29836,1.376953125,1.09375,-0.4296875,-0.3515625
29837,1.181640625,1.1328125,-0.234375,-0.37109375
29838,1.3671875,1.09375,-0.25390625,-0.263671875
29839,1.201171875,1.07421875,-0.263671875,-0.3125
29840,1.11328125,1.103515625,-0.322265625,-0.283203125
29841,1.23046875,1.142578125,-0.25390625,-0.3515625
29842,1.23046875,0.986328125,-0.361328125,-0.205078125
29843,1.0546875,1.025390625,-0.361328125,-0.185546875
29844,1.25,1.103515625,-0.21484375,-0.2734375
29845,1.259765625,1.064453125,-0.390625,-0.322265625
29846,1.142578125,1.142578125,-0.41015625,-0.458984375
29847,1.103515625,1.11328125,-0.224609375,-0.302734375
29848,1.328125,1.03515625,-0.234375,-0.3125
29849,1.123046875,1.103515625,-0.3125,-0.107421875
29850,1.2109375,1.064453125,-0.3125,-0.3515625
29851,1.298828125,1.220703125,-0.224609375,-0.341796875
29852,1.23046875,1.09375,-0.390625,-0.2734375
29853,1.09375,1.064453125,-0.33203125,-0.302734375
29854,1.181640625,1.0546875,-0.15625,-0.25390625
29855,1.181640625,1.064453125,-0.41015625,-0.2734375
29856,1.23046875,1.044921875,-0.322265625,-0.3125
29857,1.26953125,0.986328125,-0.21484375,-0.146484375
29858,1.30859375,1.044921875,-0.33203125,-0.244140625
29859,1.240234375,1.09375,-0.29296875,-0.2734375
29860,1.23046875,1.064453125,-0.25390625,-0.2734375
29861,1.2890625,1.1328125,-0.29296875,-0.33203125
29862,1.162109375,1.15234375,-0.3125,-0.1953125
29863,1.201171875,1.083984375,-0.390625,-0.283203125
29864,1.2890625,1.083984375,-0.166015625,-0.126953125
29865,1.298828125,1.11328125,-0.3125,-0.3515625
29866,1.083984375,1.240234375,-0.419921875,-0.21484375
29867,1.298828125,1.09375,-0.390625,-0.244140625
29868,1.201171875,1.064453125,-0.390625,-0.244140625
29869,1.2890625,1.259765625,-0.37109375,-0.263671875
29870,1.240234375,1.142578125,-0.46875,-0.224609375
29871,1.25,1.11328125,-0.37109375,-0.263671875
29872,1.220703125,1.09375,-0.380859375,-0.2734375
29873,1.171875,1.11328125,-0.419921875,-0.361328125
29874,1.220703125,1.142578125,-0.37109375,-0.2734375
29875,1.279296875,1.083984375,-0.37109375,-0.224609375
29876,1.19140625,1.1328125,-0.380859375,-0.41015625
29877,1.23046875,1.025390625,-0.3515625,-0.244140625
29878,1.240234375,1.083984375,-0.302734375,-0.29296875
29879,1.240234375,1.240234375,-0.400390625,-0.146484375
29880,1.171875,1.142578125,-0.3515625,-0.263671875
29881,1.1328125,1.1328125,-0.2734375,-0.244140625
29882,1.2109375,1.123046875,-0.302734375,-0.3515625
29883,1.103515625,1.11328125,-0.2734375,-0.2734375
29884,1.11328125,1.171875,-0.33203125,-0.205078125
29885,1.15234375,0.87890625,-0.400390625,-0.1953125
29886,1.220703125,1.005859375,-0.3125,-0.322265625
29887,1.162109375,1.123046875,-0.341796875,-0.29296875
29888,1.142578125,1.15234375,-0.46875,-0.380859375
29889,1.162109375,1.015625,-0.341796875,-0.21484375
29890,0.986328125,1.025390625,-0.3515625,-0.244140625
29891,1.15234375,0.91796875,-0.205078125,-0.244140625
29892,1.201171875,1.1328125,-0.41015625,-0.15625
29893,1.181640625,1.005859375,-0.2734375,-0.29296875
29894,1.11328125,1.1328125,-0.478515625,-0.341796875
29895,1.162109375,1.03515625,-0.29296875,-0.15625
29896,1.171875,1.162109375,-0.3515625,-0.283203125
29897,1.19140625,1.044921875,-0.3515625,-0.224609375
29898,1.23046875,1.162109375,-0.263671875,-0.205078125
29899,1.25,1.15234375,-0.29296875,-0.341796875
29900,1.09375,1.298828125,-0.3515625,-0.341796875
29901,1.30859375,1.1328125,-0.263671875,-0.13671875
29902,1.15234375,1.09375,-0.263671875,-0.25390625
29903,1.19140625,1.005859375,-0.234375,-0.322265625
29904,1.201171875,1.11328125,-0.283203125,-0.224609375
29905,1.03515625,1.171875,-0.4296875,-0.185546875
29906,1.142578125,1.044921875,-0.341796875,-0.29296875
29907,1.123046875,1.181640625,-0.263671875,-0.078125
29908,1.19140625,1.171875,-0.1953125,-0.3125
29909,1.123046875,1.11328125,-0.29296875,-0.29296875
29910,1.181640625,1.07421875,-0.2734375,-0.400390625
29911,1.19140625,1.2109375,-0.263671875,-0.244140625
29912,1.103515625,0.99609375,-0.322265625,-0.2734375
29913,1.240234375,1.171875,-0.25390625,-0.244140625
29914,1.142578125,0.9765625,-0.2734375,-0.234375
29915,1.142578125,1.171875,-0.263671875,-0.283203125
29916,1.171875,1.123046875,-0.244140625,-0.33203125
29917,1.220703125,1.064453125,-0.244140625,-0.29296875
29918,1.240234375,1.015625,-0.15625,-0.185546875
29919,1.171875,1.11328125,-0.29296875,-0.17578125
29920,1.23046875,1.025390625,-0.234375,-0.13671875
29921,1.162109375,1.09375,-0.283203125,-0.1953125
29922,1.1328125,1.083984375,-0.3515625,-0.283203125
29923,1.201171875,1.064453125,-0.33203125,-0.283203125
29924,1.181640625,1.103515625,-0.390625,-0.322265625
29925,1.26953125,1.09375,-0.3515625,-0.400390625
29926,1.240234375,1.0546875,-0.37109375,-0.341796875
29927,1.259765625,1.1328125,-0.2734375,-0.25390625
29928,1.259765625,1.103515625,-0.3125,-0.302734375
29929,1.259765625,1.1328125,-0.322265625,-0.29296875
29930,1.337890625,1.240234375,-0.361328125,-0.2734375
29931,1.23046875,1.103515625,-0.3515625,-0.01953125
29932,1.171875,1.11328125,-0.361328125,-0.283203125
29933,1.201171875,0.947265625,-0.2734375,-0.224609375
29934,1.25,1.11328125,-0.263671875,-0.244140625
29935,1.162109375,1.171875,-0.380859375,-0.17578125
29936,1.26953125,1.19140625,-0.224609375,-0.25390625
29937,1.25,1.171875,-0.380859375,-0.2734375
29938,1.259765625,1.142578125,-0.380859375,-0.224609375
29939,1.2109375,1.03515625,-0.341796875,-0.2734375
29940,1.25,1.064453125,-0.322265625,-0.185546875
29941,1.11328125,1.171875,-0.283203125,-0.576171875
29942,1.201171875,1.15234375,-0.3125,-0.302734375
29943,1.23046875,1.15234375,-0.3515625,-0.390625
29944,1.1328125,1.064453125,-0.25390625,-0.341796875
29945,1.181640625,1.19140625,-0.29296875,-0.283203125
29946,1.220703125,1.162109375,-0.322265625,-0.25390625
29947,1.015625,1.083984375,-0.322265625,-0.439453125
29948,1.103515625,1.123046875,-0.302734375,-0.3515625
29949,1.103515625,1.1328125,-0.41015625,-0.33203125
29950,1.181640625,1.142578125,-0.244140625,-0.361328125
29951,1.2890625,1.1328125,-0.263671875,-0.234375
29952,1.201171875,1.1328125,-0.302734375,-0.234375
29953,1.103515625,1.15234375,-0.224609375,-0.41015625
29954,1.2890625,1.083984375,-0.322265625,-0.341796875
29955,1.123046875,1.005859375,-0.21484375,-0.29296875
29956,1.3671875,1.103515625,-0.2734375,-0.33203125
29957,1.23046875,1.181640625,-0.380859375,-0.3125
29958,1.279296875,1.1328125,-0.52734375,-0.244140625
29959,1.40625,1.1328125,-0.234375,-0.478515625
29960,1.26953125,1.142578125,-0.33203125,-0.25390625
29961,1.2890625,1.103515625,-0.302734375,-0.25390625
29962,1.328125,1.07421875,-0.41015625,-0.341796875
29963,1.279296875,1.240234375,-0.33203125,-0.341796875
29964,1.26953125,1.15234375,-0.44921875,-0.234375
29965,1.240234375,1.09375,-0.302734375,-0.361328125
29966,1.240234375,1.15234375,-0.244140625,-0.361328125
29967,1.19140625,1.07421875,-0.3125,-0.224609375
29968,1.298828125,1.19140625,-0.29296875,-0.234375
29969,1.2109375,1.201171875,-0.21484375,-0.302734375
29970,1.220703125,1.083984375,-0.234375,-0.3125
29971,1.34765625,1.19140625,-0.25390625,-0.3125
29972,1.23046875,1.19140625,-0.3125,-0.283203125
29973,1.162109375,1.181640625,-0.17578125,-0.25390625
29974,1.201171875,1.162109375,-0.33203125,-0.341796875
29975,1.23046875,1.162109375,-0.2734375,-0.29296875
29976,1.19140625,1.025390625,-0.322265625,-0.302734375
29977,1.23046875,1.181640625,-0.341796875,-0.21484375
29978,1.25,1.083984375,-0.2734375,-0.1953125
29979,1.279296875,1.23046875,-0.3515625,-0.25390625
29980,1.181640625,1.171875,-0.2734375,-0.2734375
29981,1.2109375,1.181640625,-0.322265625,-0.2734375
29982,1.181640625,1.15234375,-0.302734375,-0.302734375
29983,1.03515625,1.201171875,-0.205078125,-0.33203125
29984,1.201171875,1.15234375,-0.29296875,-0.341796875
29985,1.162109375,1.19140625,-0.185546875,-0.3125
29986,1.171875,1.083984375,-0.3125,-0.37109375
29987,1.064453125,1.181640625,-0.3125,-0.2734375
29988,1.123046875,1.318359375,-0.341796875,-0.2734375
29989,1.142578125,1.171875,-0.2734375,-0.3515625
29990,1.181640625,1.15234375,-0.33203125,-0.33203125
29991,1.19140625,1.171875,-0.224609375,-0.3515625
29992,1.25,1.15234375,-0.29296875,-0.25390625
29993,1.15234375,1.220703125,-0.33203125,-0.302734375
29994,1.298828125,1.1328125,-0.263671875,-0.3125
29995,1.162109375,1.181640625,-0.322265625,-0.33203125
29996,1.15234375,1.11328125,-0.3125,-0.341796875
29997,1.162109375,1.240234375,-0.29296875,-0.33203125
29998,1.142578125,1.2890625,-0.37109375,-0.419921875
29999,1.25,1.220703125,-0.302734375,-0.341796875
30000,1.201171875,1.40625,-0.302734375,-0.3515625
30001,1.064453125,1.103515625,-0.44921875,-0.224609375
30002,1.025390625,1.25,-0.302734375,-0.37109375
30003,1.162109375,1.30859375,-0.341796875,-0.419921875
30004,1.064453125,1.259765625,-0.21484375,-0.302734375
30005,1.103515625,1.25,-0.234375,-0.3515625
30006,1.044921875,1.26953125,-0.205078125,-0.390625
30007,1.23046875,1.26953125,-0.390625,-0.419921875
30008,1.025390625,1.25,-0.146484375,-0.33203125
30009,1.103515625,1.240234375,-0.302734375,-0.419921875
30010,1.142578125,1.15234375,-0.3515625,-0.41015625
30011,1.171875,1.19140625,-0.1953125,-0.380859375
30012,1.142578125,1.220703125,-0.283203125,-0.29296875
30013,1.162109375,1.25,-0.17578125,-0.341796875
30014,1.162109375,1.19140625,-0.1953125,-0.283203125
30015,1.07421875,1.30859375,-0.17578125,-0.380859375
30016,1.103515625,1.1328125,-0.25390625,-0.439453125
30017,1.162109375,1.220703125,-0.29296875,-0.33203125
30018,1.1328125,1.357421875,-0.244140625,-0.302734375
30019,1.09375,1.123046875,-0.322265625,-0.3515625
30020,1.19140625,1.240234375,-0.29296875,-0.498046875
30021,1.09375,1.2109375,-0.205078125,-0.361328125
30022,1.11328125,1.2109375,-0.29296875,-0.341796875
30023,1.09375,1.220703125,-0.283203125,-0.458984375
30024,1.2109375,1.25,-0.400390625,-0.41015625
30025,1.162109375,1.2890625,-0.341796875,-0.361328125
30026,1.07421875,1.19140625,-0.1953125,-0.439453125
30027,1.15234375,1.3671875,-0.13671875,-0.37109375
30028,1.26953125,1.2109375,-0.21484375,-0.361328125
30029,1.142578125,1.23046875,-0.09765625,-0.419921875
30030,1.3671875,1.201171875,-0.322265625,-0.4296875
30031,1.298828125,1.25,-0.380859375,-0.390625
30032,1.19140625,1.19140625,-0.263671875,-0.41015625
30033,1.1328125,1.220703125,-0.302734375,-0.3515625
30034,1.2109375,1.328125,-0.234375,-0.41015625
30035,1.181640625,1.30859375,-0.400390625,-0.5078125
30036,1.1328125,1.19140625,-0.234375,-0.3515625
30037,1.201171875,1.2109375,-0.498046875,-0.41015625
30038,1.171875,1.2890625,-0.37109375,-0.419921875
30039,1.298828125,1.19140625,-0.341796875,-0.3515625
30040,1.15234375,1.11328125,-0.1953125,-0.4296875
30041,1.15234375,1.201171875,-0.2734375,-0.380859375
30042,1.103515625,1.220703125,-0.380859375,-0.400390625
30043,1.142578125,0.9375,-0.302734375,-0.380859375
30044,1.15234375,1.240234375,-0.2734375,-0.439453125
30045,1.1328125,1.23046875,-0.380859375,-0.400390625
30046,1.064453125,1.171875,-0.400390625,-0.400390625
30047,1.1328125,1.171875,-0.21484375,-0.3125
30048,1.201171875,1.19140625,-0.380859375,-0.52734375
30049,1.162109375,1.240234375,-0.21484375,-0.419921875
30050,1.15234375,1.123046875,-0.33203125,-0.1953125
30051,1.162109375,1.259765625,-0.37109375,-0.380859375
30052,1.25,1.2109375,-0.29296875,-0.380859375
30053,1.25,1.044921875,-0.263671875,-0.46875
30054,1.201171875,1.19140625,-0.244140625,-0.44921875
30055,1.171875,1.15234375,-0.44921875,-0.341796875
30056,1.2109375,1.181640625,-0.341796875,-0.3515625
30057,1.30859375,1.15234375,-0.283203125,-0.283203125
30058,1.181640625,1.162109375,-0.263671875,-0.380859375
30059,1.162109375,1.09375,-0.390625,-0.60546875
30060,1.03515625,1.201171875,-0.244140625,-0.4296875
30061,1.259765625,1.015625,-0.341796875,-0.390625
30062,1.142578125,1.103515625,-0.390625,-0.390625
30063,1.142578125,1.09375,-0.29296875,-0.322265625
30064,1.279296875,1.19140625,-0.263671875,-0.380859375
30065,1.15234375,0.99609375,-0.322265625,-0.498046875
30066,1.123046875,1.2109375,-0.380859375,-0.41015625
30067,1.1328125,1.025390625,-0.263671875,-0.390625
30068,1.19140625,1.181640625,-0.205078125,-0.3125
30069,1.23046875,1.171875,-0.3125,-0.37109375
30070,1.2109375,1.181640625,-0.302734375,-0.3515625
30071,1.171875,1.0546875,-0.25390625,-0.1171875
30072,1.1328125,1.1328125,-0.224609375,-0.263671875
30073,1.25,1.083984375,-0.234375,-0.33203125
30074,1.1328125,1.0546875,-0.361328125,-0.21484375
30075,1.25,1.162109375,-0.224609375,-0.361328125
30076,1.142578125,1.162109375,-0.33203125,-0.3125
30077,1.162109375,1.142578125,-0.2734375,-0.41015625
30078,1.11328125,1.11328125,-0.302734375,-0.380859375
30079,1.1328125,1.3671875,-0.205078125,-0.361328125
30080,1.2109375,1.25,-0.234375,-0.37109375
30081,1.005859375,1.103515625,-0.234375,-0.419921875
30082,1.11328125,1.162109375,-0.341796875,-0.46875
30083,1.15234375,1.171875,-0.2734375,-0.205078125
30084,1.11328125,1.11328125,-0.25390625,-0.37109375
30085,0.99609375,1.19140625,-0.302734375,-0.48828125
30086,1.23046875,1.07421875,-0.13671875,-0.3515625
30087,1.11328125,1.1328125,-0.29296875,-0.361328125
30088,1.103515625,1.1328125,-0.185546875,-0.400390625
30089,1.1328125,1.23046875,-0.25390625,-0.41015625
30090,1.083984375,1.123046875,-0.302734375,-0.244140625
30091,1.11328125,1.07421875,-0.302734375,-0.37109375
30092,1.0546875,1.103515625,-0.390625,-0.52734375
30093,1.171875,1.201171875,-0.33203125,-0.41015625
30094,1.15234375,1.19140625,-0.283203125,-0.41015625
30095,1.15234375,1.181640625,-0.224609375,-0.361328125
30096,1.083984375,1.123046875,-0.3125,-0.458984375
30097,1.162109375,1.123046875,-0.322265625,-0.4296875
30098,1.11328125,1.23046875,-0.322265625,-0.439453125
30099,1.09375,1.181640625,-0.37109375,-0.380859375
30100,1.11328125,1.103515625,-0.244140625,-0.400390625
30101,1.25,1.09375,-0.244140625,-0.4296875
30102,1.11328125,1.162109375,-0.244140625,-0.341796875
30103,1.171875,1.19140625,-0.263671875,-0.419921875
30104,1.201171875,1.171875,-0.166015625,-0.2734375
30105,1.07421875,1.240234375,-0.283203125,-0.458984375
30106,1.142578125,1.240234375,-0.244140625,-0.478515625
30107,1.103515625,1.142578125,-0.283203125,-0.4296875
30108,1.19140625,1.181640625,-0.224609375,-0.46875
30109,1.11328125,1.0546875,-0.263671875,-0.4296875
30110,1.123046875,1.1328125,-0.166015625,-0.400390625
30111,1.279296875,1.142578125,-0.17578125,-0.37109375
30112,1.1328125,1.1328125,-0.25390625,-0.478515625
30113,1.0546875,1.201171875,-0.224609375,-0.419921875
30114,1.103515625,1.09375,-0.21484375,-0.3515625
30115,1.083984375,1.09375,-0.3125,-0.5859375
30116,1.1328125,1.240234375,-0.263671875,-0.498046875
30117,1.11328125,1.19140625,-0.224609375,-0.498046875
30118,1.142578125,1.15234375,-0.341796875,-0.46875
30119,1.083984375,1.15234375,-0.322265625,-0.5078125
30120,1.171875,1.15234375,-0.1953125,-0.302734375
30121,1.26953125,1.1328125,-0.244140625,-0.46875
30122,1.25,1.083984375,-0.244140625,-0.4296875
30123,1.15234375,1.171875,-0.322265625,-0.322265625
30124,1.1328125,1.11328125,-0.29296875,-0.380859375
30125,0.9765625,1.11328125,-0.15625,-0.302734375
30126,1.142578125,1.09375,-0.21484375,-0.263671875
30127,1.162109375,1.083984375,-0.1953125,-0.3125
30128,1.201171875,0.95703125,-0.244140625,-0.33203125
30129,1.162109375,1.2109375,-0.29296875,-0.4296875
30130,1.298828125,1.142578125,-0.29296875,-0.33203125
30131,1.1328125,1.064453125,-0.234375,-0.380859375
30132,1.259765625,1.181640625,-0.302734375,-0.263671875
30133,1.298828125,1.1328125,-0.234375,-0.41015625
30134,1.2109375,1.19140625,-0.244140625,-0.361328125
30135,1.162109375,1.103515625,-0.25390625,-0.44921875
30136,1.2109375,1.142578125,-0.341796875,-0.537109375
30137,1.09375,1.162109375,-0.263671875,-0.390625
30138,1.162109375,0.986328125,-0.15625,-0.44921875
30139,1.142578125,1.181640625,-0.29296875,-0.458984375
30140,1.23046875,1.25,-0.361328125,-0.458984375
30141,1.181640625,1.123046875,-0.244140625,-0.44921875
30142,1.1328125,1.083984375,-0.166015625,-0.46875
30143,1.083984375,1.240234375,-0.224609375,-0.4296875
30144,1.181640625,1.171875,-0.283203125,-0.5078125
30145,1.279296875,1.15234375,-0.341796875,-0.400390625
30146,1.1328125,1.2890625,-0.13671875,-0.380859375
30147,1.201171875,1.240234375,-0.107421875,-0.322265625
30148,1.19140625,1.11328125,-0.29296875,-0.5859375
30149,1.123046875,1.19140625,-0.283203125,-0.341796875
30150,1.30859375,1.1328125,-0.1953125,-0.439453125
30151,1.240234375,1.171875,-0.29296875,-0.400390625
30152,1.11328125,1.0546875,-0.341796875,-0.458984375
30153,1.259765625,0.703125,-0.234375,-0.37109375
30154,1.220703125,1.15234375,-0.283203125,-0.361328125
30155,1.103515625,1.171875,-0.283203125,-0.41015625
30156,1.240234375,1.103515625,-0.29296875,-0.380859375
30157,1.23046875,1.142578125,-0.263671875,-0.322265625
30158,1.2109375,1.1328125,-0.302734375,-0.25390625
30159,1.19140625,1.09375,-0.263671875,-0.458984375
30160,1.259765625,1.142578125,-0.341796875,-0.29296875
30161,1.19140625,1.15234375,-0.224609375,-0.4296875
30162,1.15234375,1.09375,-0.322265625,-0.361328125
30163,1.09375,1.11328125,-0.283203125,-0.29296875
30164,1.220703125,1.1328125,-0.263671875,-0.244140625
30165,1.162109375,1.0546875,-0.224609375,-0.361328125
30166,1.240234375,1.162109375,-0.2734375,-0.37109375
30167,1.181640625,1.142578125,-0.2734375,-0.380859375
30168,1.19140625,1.15234375,-0.263671875,-0.361328125
30169,1.2109375,1.083984375,-0.37109375,-0.3125
30170,1.19140625,1.083984375,-0.2734375,-0.29296875
30171,1.11328125,1.083984375,-0.21484375,-0.361328125
30172,1.181640625,1.09375,-0.244140625,-0.29296875
30173,1.298828125,1.123046875,-0.2734375,-0.234375
30174,1.181640625,1.103515625,-0.29296875,-0.322265625
30175,1.240234375,1.162109375,-0.283203125,-0.33203125
30176,1.279296875,1.171875,-0.234375,-0.341796875
30177,1.23046875,1.005859375,-0.3125,-0.41015625
30178,1.337890625,0.9765625,-0.283203125,-0.37109375
30179,1.328125,1.0546875,-0.322265625,-0.380859375
30180,1.259765625,1.201171875,-0.458984375,-0.439453125
30181,1.2890625,1.07421875,-0.302734375,-0.46875
30182,1.34765625,1.1328125,-0.29296875,-0.4296875
30183,1.34765625,1.171875,-0.234375,-0.37109375
30184,1.259765625,1.220703125,-0.2734375,-0.146484375
30185,1.240234375,1.03515625,-0.390625,-0.380859375
30186,1.26953125,1.09375,-0.2734375,-0.439453125
30187,1.26953125,1.083984375,-0.205078125,-0.3515625
30188,1.298828125,1.123046875,-0.29296875,-0.390625
30189,1.318359375,1.2109375,-0.37109375,-0.400390625
30190,1.2890625,1.15234375,-0.478515625,-0.4296875
30191,1.220703125,1.064453125,-0.244140625,-0.390625
30192,1.259765625,1.2109375,-0.29296875,-0.341796875
30193,1.2890625,1.171875,-0.263671875,-0.3125
30194,1.298828125,1.15234375,-0.2734375,-0.37109375
30195,0.986328125,1.11328125,-0.283203125,-0.361328125
30196,1.26953125,1.103515625,-0.361328125,-0.263671875
30197,1.30859375,1.240234375,-0.283203125,-0.44921875
30198,1.220703125,1.240234375,-0.2734375,-0.3125
30199,1.318359375,1.19140625,-0.2734375,-0.400390625
30200,1.2890625,1.09375,-0.244140625,-0.37109375
30201,1.23046875,1.23046875,-0.234375,-0.390625
30202,1.240234375,1.123046875,-0.263671875,-0.3515625
30203,1.15234375,1.142578125,-0.15625,-0.498046875
30204,1.376953125,1.220703125,-0.185546875,-0.2734375
30205,1.2890625,1.044921875,-0.234375,-0.25390625
30206,1.201171875,1.09375,-0.205078125,-0.390625
30207,1.162109375,1.142578125,-0.1953125,-0.33203125
30208,1.064453125,1.0546875,-0.107421875,-0.33203125
30209,1.220703125,1.220703125,-0.205078125,-0.46875
30210,1.259765625,1.015625,-0.234375,-0.3515625
30211,1.30859375,1.09375,-0.146484375,-0.380859375
30212,1.181640625,1.083984375,-0.185546875,-0.439453125
30213,1.25,1.142578125,-0.13671875,-0.322265625
30214,1.19140625,1.0546875,-0.2734375,-0.33203125
30215,1.30859375,1.162109375,-0.283203125,-0.1171875
30216,1.38671875,1.11328125,-0.263671875,-0.37109375
30217,1.25,1.181640625,-0.41015625,-0.302734375
30218,1.279296875,1.15234375,-0.29296875,-0.44921875
30219,1.259765625,1.09375,-0.302734375,-0.37109375
30220,1.2109375,1.09375,-0.244140625,-0.4296875
30221,1.220703125,1.123046875,-0.25390625,-0.380859375
30222,1.19140625,1.09375,-0.1953125,-0.390625
30223,1.19140625,1.07421875,-0.234375,-0.400390625
30224,1.142578125,1.0546875,-0.2734375,-0.341796875
30225,1.201171875,1.044921875,-0.2734375,-0.390625
30226,1.26953125,1.07421875,-0.17578125,-0.380859375
30227,1.259765625,1.044921875,-0.15625,-0.4296875
30228,1.279296875,1.064453125,-0.283203125,-0.361328125
30229,1.162109375,1.03515625,-0.244140625,-0.37109375
30230,1.2109375,1.064453125,-0.185546875,-0.3515625
30231,1.181640625,1.064453125,-0.244140625,-0.390625
30232,1.25,1.09375,-0.234375,-0.380859375
30233,1.171875,1.15234375,-0.185546875,-0.302734375
30234,1.142578125,1.162109375,-0.3125,-0.2734375
30235,1.1328125,1.0546875,-0.126953125,-0.322265625
30236,1.103515625,1.064453125,-0.15625,-0.3125
30237,1.064453125,1.0546875,-0.234375,-0.224609375
30238,1.1328125,1.123046875,-0.205078125,-0.29296875
30239,1.11328125,0.99609375,-0.3125,-0.33203125
30240,1.201171875,1.07421875,-0.283203125,-0.33203125
30241,1.19140625,1.025390625,-0.390625,-0.29296875
30242,1.201171875,1.005859375,-0.185546875,-0.15625
30243,1.142578125,1.0546875,-0.33203125,-0.29296875
30244,1.220703125,1.025390625,-0.15625,-0.283203125
30245,1.23046875,1.09375,-0.2734375,-0.107421875
30246,1.171875,1.15234375,-0.13671875,-0.283203125
30247,1.171875,1.07421875,-0.33203125,-0.33203125
30248,1.103515625,0.95703125,-0.1953125,-0.341796875
30249,1.19140625,1.015625,-0.17578125,-0.1953125
30250,1.240234375,1.09375,-0.25390625,-0.283203125
30251,1.064453125,1.123046875,-0.361328125,-0.46875
30252,1.015625,1.064453125,-0.283203125,-0.33203125
30253,1.19140625,1.0546875,-0.361328125,-0.224609375
30254,1.162109375,1.083984375,-0.234375,-0.25390625
30255,1.181640625,1.103515625,-0.3125,-0.361328125
30256,1.19140625,1.064453125,-0.3125,-0.390625
30257,1.181640625,1.064453125,-0.263671875,-0.3125
30258,1.162109375,1.03515625,-0.283203125,-0.263671875
30259,1.123046875,1.03515625,-0.25390625,-0.263671875
30260,1.3671875,1.23046875,-0.224609375,-0.29296875
30261,1.181640625,1.09375,-0.1953125,-0.41015625
30262,1.30859375,1.025390625,-0.341796875,-0.25390625
30263,1.201171875,0.91796875,-0.2734375,-0.2734375
30264,1.19140625,1.015625,-0.283203125,-0.380859375
30265,1.259765625,1.03515625,-0.2734375,-0.29296875
30266,1.220703125,0.986328125,-0.244140625,-0.263671875
30267,1.259765625,1.015625,-0.205078125,-0.263671875
30268,1.2109375,1.103515625,-0.322265625,-0.33203125
30269,1.11328125,0.986328125,-0.361328125,-0.302734375
30270,1.259765625,1.03515625,-0.2734375,-0.341796875
30271,1.23046875,1.15234375,-0.29296875,-0.185546875
30272,1.201171875,0.9765625,-0.234375,-0.37109375
30273,1.201171875,1.064453125,-0.322265625,-0.29296875
30274,1.2109375,1.103515625,-0.3515625,-0.263671875
30275,1.181640625,1.083984375,-0.302734375,-0.244140625
30276,1.181640625,1.103515625,-0.33203125,-0.224609375
30277,1.25,1.1328125,-0.2734375,-0.2734375
30278,1.25,1.181640625,-0.2734375,-0.2734375
30279,1.23046875,1.09375,-0.29296875,-0.29296875
30280,1.25,1.083984375,-0.283203125,-0.185546875
30281,1.2109375,1.240234375,-0.283203125,-0.244140625
30282,1.181640625,1.142578125,-0.3125,-0.56640625
30283,1.25,1.0546875,-0.29296875,-0.302734375
30284,1.19140625,1.142578125,-0.29296875,-0.263671875
30285,1.220703125,1.044921875,-0.390625,-0.244140625
30286,1.279296875,1.201171875,-0.302734375,-0.2734375
30287,1.181640625,1.171875,-0.4296875,-0.29296875
30288,1.171875,1.0546875,-0.283203125,-0.2734375
30289,1.25,1.0546875,-0.263671875,-0.21484375
30290,1.25,1.03515625,-0.341796875,-0.21484375
30291,1.2109375,1.15234375,-0.29296875,-0.29296875
30292,1.220703125,1.0546875,-0.244140625,-0.3125
30293,1.259765625,1.201171875,-0.263671875,-0.205078125
30294,1.25,1.044921875,-0.341796875,-0.234375
30295,1.220703125,0.9375,-0.400390625,-0.3125
30296,1.142578125,1.201171875,-0.29296875,-0.1953125
30297,1.23046875,1.11328125,-0.2734375,-0.224609375
30298,1.2890625,1.005859375,-0.21484375,-0.283203125
30299,1.201171875,0.966796875,-0.322265625,-0.224609375
30300,1.220703125,1.083984375,-0.33203125,-0.244140625
30301,1.2109375,1.09375,-0.37109375,-0.185546875
30302,1.15234375,0.9375,-0.3515625,-0.3125
30303,1.201171875,1.064453125,-0.322265625,-0.009765625
30304,1.19140625,1.103515625,-0.3515625,-0.234375
30305,1.23046875,1.220703125,-0.283203125,-0.283203125
30306,1.259765625,0.986328125,-0.25390625,-0.400390625
30307,1.25,1.025390625,-0.224609375,-0.2734375
30308,1.240234375,1.1328125,-0.2734375,-0.234375
30309,1.11328125,1.09375,-0.341796875,-0.2734375
30310,1.19140625,1.11328125,-0.3515625,-0.302734375
30311,1.162109375,1.103515625,-0.322265625,-0.224609375
30312,1.181640625,1.2109375,-0.4296875,-0.166015625
30313,1.220703125,1.07421875,-0.37109375,-0.3515625
30314,1.142578125,1.083984375,-0.302734375,-0.33203125
30315,1.15234375,1.064453125,-0.302734375,-0.283203125
30316,1.279296875,1.123046875,-0.33203125,-0.234375
30317,1.259765625,1.005859375,-0.33203125,-0.15625
30318,1.09375,1.103515625,-0.1171875,-0.2734375
30319,1.318359375,1.044921875,-0.244140625,-0.390625
30320,1.181640625,1.064453125,-0.29296875,-0.2734375
30321,1.19140625,1.142578125,-0.341796875,-0.380859375
30322,1.201171875,1.11328125,-0.322265625,-0.400390625
30323,1.220703125,1.044921875,-0.341796875,-0.25390625
30324,1.171875,1.09375,-0.3125,-0.302734375
30325,1.3671875,1.044921875,-0.3125,-0.25390625
30326,1.220703125,1.09375,-0.234375,-0.25390625
30327,1.23046875,1.015625,-0.185546875,-0.341796875
30328,1.23046875,1.044921875,-0.263671875,0.01953125
30329,1.201171875,0.99609375,-0.2734375,-0.244140625
30330,1.1328125,1.09375,-0.13671875,-0.17578125
30331,1.171875,1.181640625,-0.263671875,-0.146484375
30332,1.181640625,1.083984375,-0.341796875,-0.25390625
30333,1.19140625,1.064453125,-0.419921875,-0.234375
30334,1.09375,1.11328125,-0.224609375,-0.29296875
30335,1.23046875,1.181640625,-0.29296875,-0.361328125
30336,1.220703125,1.123046875,-0.263671875,-0.244140625
30337,1.19140625,1.142578125,-0.283203125,-0.4296875
30338,1.11328125,1.162109375,-0.283203125,-0.3125
30339,1.142578125,1.23046875,-0.25390625,-0.3125
30340,1.201171875,1.103515625,-0.1953125,-0.2734375
30341,1.181640625,1.171875,-0.2734375,-0.224609375
30342,1.337890625,1.201171875,-0.244140625,-0.322265625
30343,1.1328125,1.1328125,-0.25390625,-0.21484375
30344,1.23046875,1.171875,-0.244140625,-0.25390625
30345,1.123046875,1.30859375,-0.15625,-0.21484375
30346,1.25,1.044921875,-0.302734375,-0.234375
30347,1.220703125,1.103515625,-0.2734375,-0.25390625
30348,1.26953125,1.123046875,-0.17578125,-0.263671875
30349,1.1328125,1.11328125,-0.33203125,-0.234375
30350,1.142578125,0.9765625,-0.29296875,-0.25390625
30351,1.26953125,1.09375,-0.2734375,-0.244140625
30352,1.162109375,1.083984375,-0.25390625,-0.322265625
30353,1.201171875,1.162109375,-0.341796875,-0.234375
30354,1.240234375,1.25,-0.302734375,-0.302734375
30355,1.259765625,1.103515625,-0.29296875,-0.361328125
30356,1.25,1.15234375,-0.2734375,-0.37109375
30357,1.2890625,1.11328125,-0.25390625,-0.302734375
30358,1.279296875,1.03515625,-0.21484375,-0.25390625
30359,1.30859375,1.162109375,-0.29296875,-0.283203125
30360,1.23046875,1.15234375,-0.283203125,-0.263671875
30361,1.25,1.23046875,-0.302734375,-0.13671875
30362,1.240234375,1.11328125,-0.185546875,-0.224609375
30363,1.083984375,1.220703125,-0.37109375,-0.2734375
30364,1.279296875,1.2109375,-0.44921875,-0.498046875
30365,1.15234375,1.11328125,-0.283203125,-0.21484375
30366,1.181640625,1.083984375,-0.244140625,-0.29296875
30367,1.181640625,1.09375,-0.400390625,-0.390625
30368,1.162109375,1.11328125,-0.302734375,-0.263671875
30369,1.181640625,1.181640625,-0.3515625,-0.13671875
30370,1.30859375,1.2109375,-0.25390625,-0.224609375
30371,1.318359375,1.162109375,-0.2734375,-0.322265625
30372,1.259765625,1.181640625,-0.283203125,-0.302734375
30373,1.220703125,1.259765625,-0.283203125,-0.263671875
30374,1.201171875,1.123046875,-0.302734375,-0.458984375
30375,1.2890625,1.1328125,-0.361328125,-0.244140625
30376,1.259765625,1.09375,-0.380859375,-0.3515625
30377,1.279296875,1.142578125,-0.3125,-0.21484375
30378,1.25,1.279296875,-0.400390625,-0.185546875
30379,1.220703125,1.123046875,-0.302734375,-0.29296875
30380,1.240234375,1.19140625,-0.25390625,-0.439453125
30381,1.220703125,1.11328125,-0.25390625,-0.283203125
30382,1.25,1.19140625,-0.322265625,-0.361328125
30383,1.220703125,1.142578125,-0.341796875,-0.458984375
30384,1.19140625,1.162109375,-0.29296875,-0.29296875
30385,1.25,1.015625,-0.3125,-0.302734375
30386,1.279296875,1.162109375,-0.302734375,-0.302734375
30387,1.2890625,1.005859375,-0.25390625,-0.263671875
30388,1.279296875,1.259765625,-0.2734375,-0.341796875
30389,1.25,1.25,-0.283203125,-0.3515625
30390,1.220703125,1.1328125,-0.361328125,-0.341796875
30391,1.259765625,1.15234375,-0.263671875,-0.3125
30392,1.25,1.1328125,-0.322265625,-0.3515625
30393,1.259765625,1.26953125,-0.380859375,-0.33203125
30394,1.26953125,1.171875,-0.29296875,-0.341796875
30395,1.259765625,1.1328125,-0.341796875,-0.341796875
30396,1.337890625,1.15234375,-0.302734375,-0.283203125
30397,1.220703125,1.240234375,-0.1953125,-0.244140625
30398,1.2890625,1.2109375,-0.322265625,-0.21484375
30399,1.2890625,1.181640625,-0.322265625,-0.29296875
30400,1.240234375,1.15234375,-0.33203125,-0.263671875
30401,1.23046875,1.19140625,-0.283203125,-0.33203125
30402,1.2890625,1.15234375,-0.341796875,-0.3515625
30403,1.23046875,1.201171875,-0.322265625,-0.29296875
30404,1.23046875,1.1328125,-0.400390625,-0.3515625
30405,1.259765625,1.181640625,-0.33203125,-0.341796875
30406,1.2890625,1.064453125,-0.44921875,-0.302734375
30407,1.181640625,1.0546875,-0.37109375,-0.322265625
30408,1.2109375,1.181640625,-0.21484375,-0.283203125
30409,1.2109375,1.171875,-0.25390625,-0.29296875
30410,1.19140625,0.9375,-0.29296875,-0.341796875
30411,1.23046875,1.15234375,-0.2734375,-0.21484375
30412,1.240234375,1.19140625,-0.21484375,-0.244140625
30413,1.2890625,1.142578125,-0.2734375,-0.478515625
30414,1.259765625,1.142578125,-0.234375,-0.3125
30415,1.123046875,1.083984375,-0.341796875,-0.419921875
30416,1.240234375,1.162109375,-0.234375,-0.33203125
30417,1.083984375,1.15234375,-0.341796875,-0.1953125
30418,1.171875,1.162109375,-0.380859375,-0.322265625
30419,1.26953125,1.1328125,-0.1953125,-0.2734375
30420,1.201171875,1.142578125,-0.3125,-0.419921875
30421,1.201171875,1.07421875,-0.2734375,-0.302734375
30422,1.25,1.09375,-0.283203125,-0.302734375
30423,1.171875,1.162109375,-0.3515625,-0.166015625
30424,1.220703125,1.083984375,-0.25390625,-0.29296875
30425,1.2890625,0.703125,-0.3515625,-0.283203125
30426,1.03515625,1.142578125,-0.205078125,-0.263671875
30427,1.23046875,1.23046875,-0.263671875,-0.361328125
30428,1.09375,1.03515625,-0.17578125,-0.25390625
30429,1.220703125,1.083984375,-0.2734375,-0.3515625
30430,1.220703125,1.171875,-0.13671875,-0.3515625
30431,1.103515625,1.318359375,-0.3125,-0.37109375
30432,1.123046875,1.259765625,-0.322265625,-0.341796875
30433,1.220703125,1.26953125,-0.2734375,-0.283203125
30434,1.103515625,1.201171875,-0.361328125,-0.322265625
30435,1.240234375,1.259765625,-0.234375,-0.21484375
30436,1.318359375,1.181640625,-0.2734375,-0.37109375
30437,1.171875,1.26953125,-0.48828125,-0.37109375
30438,1.2109375,1.259765625,-0.25390625,-0.41015625
30439,1.2109375,1.240234375,-0.302734375,-0.3125
30440,1.1328125,1.2890625,-0.185546875,-0.37109375
30441,1.279296875,1.2109375,-0.25390625,-0.37109375
30442,1.201171875,1.25,-0.3515625,-0.361328125
30443,1.142578125,1.328125,-0.21484375,-0.390625
30444,1.2109375,1.279296875,-0.302734375,-0.2734375
30445,1.103515625,1.15234375,-0.244140625,-0.380859375
30446,1.083984375,1.30859375,-0.37109375,-0.390625
30447,1.0546875,1.259765625,-0.25390625,-0.380859375
30448,1.064453125,1.25,-0.3125,-0.400390625
30449,1.123046875,1.201171875,-0.29296875,-0.439453125
30450,1.1328125,1.279296875,-0.185546875,-0.3125
30451,1.11328125,1.240234375,-0.283203125,-0.322265625
30452,1.181640625,1.181640625,-0.29296875,-0.400390625
30453,1.015625,1.2890625,-0.283203125,-0.3125
30454,1.142578125,1.328125,-0.25390625,-0.4296875
30455,1.279296875,1.240234375,-0.15625,-0.400390625
30456,1.064453125,1.23046875,-0.3125,-0.4296875
30457,1.19140625,1.220703125,-0.224609375,-0.4296875
30458,1.220703125,1.2109375,-0.1171875,-0.380859375
30459,1.19140625,1.123046875,-0.29296875,-0.390625
30460,1.328125,1.181640625,-0.283203125,-0.37109375
30461,1.2109375,1.181640625,-0.205078125,-0.3515625
30462,1.19140625,1.171875,-0.283203125,-0.380859375
30463,1.09375,1.240234375,-0.224609375,-0.458984375
30464,1.240234375,1.1328125,-0.3125,-0.44921875
30465,1.162109375,1.171875,-0.15625,-0.439453125
30466,1.181640625,1.337890625,-0.244140625,-0.419921875
30467,1.11328125,1.171875,-0.341796875,-0.439453125
30468,1.171875,1.25,-0.322265625,-0.439453125
30469,1.103515625,1.181640625,-0.263671875,-0.46875
30470,1.11328125,1.25,-0.2734375,-0.341796875
30471,1.142578125,1.396484375,-0.21484375,-0.33203125
30472,1.19140625,1.201171875,-0.224609375,-0.4296875
30473,1.1328125,1.40625,-0.25390625,-0.478515625
30474,1.044921875,1.162109375,-0.341796875,-0.615234375
30475,1.171875,1.11328125,-0.244140625,-0.458984375
30476,1.181640625,1.181640625,-0.322265625,-0.33203125
30477,1.083984375,1.298828125,-0.283203125,-0.361328125
30478,1.23046875,1.162109375,-0.25390625,-0.3515625
30479,1.181640625,1.083984375,-0.341796875,-0.361328125
30480,1.07421875,1.23046875,-0.1953125,-0.2734375
30481,1.201171875,1.298828125,-0.205078125,-0.458984375
30482,1.09375,1.23046875,-0.107421875,-0.400390625
30483,1.15234375,1.240234375,-0.263671875,-0.4296875
30484,1.298828125,1.25,-0.2734375,-0.3515625
30485,1.23046875,1.123046875,-0.263671875,-0.37109375
30486,1.201171875,1.1328125,-0.15625,-0.361328125
30487,1.123046875,1.103515625,-0.322265625,-0.41015625
30488,1.19140625,1.103515625,-0.263671875,-0.33203125
30489,1.19140625,1.162109375,-0.48828125,-0.263671875
30490,1.298828125,1.11328125,-0.234375,-0.390625
30491,1.23046875,1.083984375,-0.234375,-0.322265625
30492,1.181640625,1.23046875,-0.2734375,-0.380859375
30493,1.240234375,1.201171875,-0.234375,-0.3515625
30494,1.240234375,1.298828125,-0.341796875,-0.322265625
30495,1.240234375,1.1328125,-0.33203125,-0.390625
30496,1.240234375,1.26953125,-0.25390625,-0.390625
30497,1.1328125,1.142578125,-0.283203125,-0.380859375
30498,1.3671875,1.171875,-0.380859375,-0.458984375
30499,1.19140625,1.19140625,-0.21484375,-0.400390625
30500,1.2109375,1.162109375,-0.361328125,-0.400390625
30501,1.162109375,1.07421875,-0.185546875,-0.33203125
30502,1.0546875,1.171875,-0.25390625,-0.546875
30503,1.23046875,1.298828125,-0.3515625,-0.439453125
30504,1.2109375,1.083984375,-0.302734375,-0.390625
30505,1.123046875,1.123046875,-0.29296875,-0.302734375
30506,1.162109375,1.2890625,-0.33203125,-0.41015625
30507,1.220703125,1.23046875,-0.25390625,-0.419921875
30508,1.201171875,1.103515625,-0.283203125,-0.3515625
30509,1.162109375,1.15234375,-0.2734375,-0.33203125
30510,1.11328125,0.986328125,-0.234375,-0.439453125
30511,1.181640625,1.162109375,-0.33203125,-0.400390625
30512,1.123046875,1.162109375,-0.322265625,-0.380859375
30513,1.1328125,1.083984375,-0.361328125,-0.3515625
30514,1.07421875,1.201171875,-0.2734375,-0.341796875
30515,1.162109375,1.171875,-0.3125,-0.37109375
30516,1.171875,1.181640625,-0.21484375,-0.439453125
30517,1.142578125,1.171875,-0.322265625,-0.390625
30518,1.0546875,1.15234375,-0.25390625,-0.390625
30519,1.19140625,1.19140625,-0.3125,-0.4296875
30520,1.15234375,1.123046875,-0.400390625,-0.361328125
30521,1.064453125,1.1328125,-0.244140625,-0.3515625
30522,1.1328125,1.201171875,-0.25390625,-0.400390625
30523,1.19140625,1.2109375,-0.2734375,-0.3515625
30524,1.279296875,1.11328125,-0.185546875,-0.400390625
30525,1.201171875,1.005859375,-0.283203125,-0.390625
30526,1.171875,1.11328125,-0.107421875,-0.458984375
30527,1.19140625,1.201171875,-0.322265625,-0.380859375
30528,1.201171875,1.201171875,-0.244140625,-0.37109375
30529,1.25,1.220703125,-0.2734375,-0.33203125
30530,1.23046875,1.162109375,-0.322265625,-0.419921875
30531,1.23046875,1.2109375,-0.302734375,-0.44921875
30532,1.1328125,1.171875,-0.283203125,-0.44921875
30533,1.19140625,1.083984375,-0.21484375,-0.4296875
30534,1.142578125,1.220703125,-0.361328125,-0.41015625
30535,1.181640625,1.220703125,-0.283203125,-0.44921875
30536,1.19140625,1.23046875,-0.224609375,-0.37109375
30537,1.171875,1.181640625,-0.224609375,-0.419921875
30538,1.2109375,1.103515625,-0.29296875,-0.41015625
30539,1.162109375,1.15234375,-0.21484375,-0.48828125
30540,1.201171875,1.1328125,-0.25390625,-0.46875
30541,1.11328125,1.09375,-0.25390625,-0.517578125
30542,1.1328125,1.103515625,-0.234375,-0.41015625
30543,1.09375,1.220703125,-0.146484375,-0.400390625
30544,1.171875,1.171875,-0.21484375,-0.56640625
30545,1.064453125,1.220703125,-0.2734375,-0.3125
30546,1.181640625,1.201171875,-0.2734375,-0.44921875
30547,1.162109375,1.318359375,-0.15625,-0.4296875
30548,1.19140625,1.15234375,-0.1953125,-0.380859375
30549,1.201171875,1.1328125,-0.419921875,-0.48828125
30550,1.15234375,1.201171875,-0.25390625,-0.46875
30551,1.240234375,1.23046875,-0.2734375,-0.41015625
30552,1.318359375,1.162109375,-0.263671875,-0.5078125
30553,1.142578125,1.15234375,-0.2734375,-0.458984375
30554,1.083984375,1.171875,-0.302734375,-0.595703125
30555,1.19140625,1.123046875,-0.234375,-0.361328125
30556,1.005859375,1.03515625,-0.205078125,-0.400390625
30557,1.2109375,1.181640625,-0.3125,-0.29296875
30558,1.23046875,1.123046875,-0.1953125,-0.33203125
30559,1.19140625,0.908203125,-0.244140625,-0.546875
30560,1.19140625,1.1328125,-0.185546875,-0.361328125
30561,1.162109375,1.181640625,-0.21484375,-0.29296875
30562,1.11328125,1.083984375,-0.205078125,-0.439453125
30563,1.171875,1.103515625,-0.1953125,-0.390625
30564,1.1328125,1.142578125,-0.185546875,-0.302734375
30565,1.26953125,1.044921875,-0.302734375,-0.3125
30566,1.23046875,1.142578125,-0.0390625,-0.546875
30567,1.19140625,1.07421875,-0.244140625,-0.3125
30568,1.240234375,1.1328125,-0.185546875,-0.1953125
30569,1.11328125,1.142578125,-0.244140625,-0.37109375
30570,1.259765625,1.201171875,-0.15625,-0.478515625
30571,1.220703125,1.15234375,-0.15625,-0.419921875
30572,1.09375,1.1328125,-0.25390625,-0.419921875
30573,1.11328125,1.09375,-0.224609375,-0.400390625
30574,1.279296875,1.220703125,-0.3515625,-0.390625
30575,1.171875,1.07421875,-0.2734375,-0.41015625
30576,1.142578125,1.171875,-0.29296875,-0.546875
30577,1.23046875,1.1328125,-0.244140625,-0.302734375
30578,1.19140625,1.142578125,-0.234375,-0.3515625
30579,1.19140625,1.15234375,-0.322265625,-0.3515625
30580,1.181640625,1.142578125,-0.224609375,-0.3515625
30581,1.259765625,1.162109375,-0.3515625,-0.3515625
30582,1.240234375,1.15234375,-0.263671875,-0.3515625
30583,1.26953125,1.1328125,-0.234375,-0.33203125
30584,1.162109375,1.083984375,-0.29296875,-0.4296875
30585,1.30859375,1.123046875,-0.322265625,-0.390625
30586,1.23046875,0.869140625,-0.29296875,-0.361328125
30587,1.279296875,1.083984375,-0.341796875,-0.52734375
30588,1.240234375,1.162109375,-0.3125,-0.361328125
30589,1.34765625,1.1328125,-0.3515625,-0.263671875
30590,1.279296875,1.15234375,-0.1953125,-0.283203125
30591,1.1328125,1.09375,-0.322265625,-0.419921875
30592,1.201171875,1.0546875,-0.41015625,-0.3125
30593,1.23046875,0.91796875,-0.234375,-0.341796875
30594,1.25,1.005859375,-0.302734375,-0.3515625
30595,1.201171875,1.2109375,-0.283203125,-0.380859375
30596,1.181640625,1.142578125,-0.3515625,-0.44921875
30597,1.220703125,1.171875,-0.29296875,-0.41015625
30598,1.162109375,1.162109375,-0.146484375,-0.390625
30599,1.171875,1.162109375,-0.302734375,-0.361328125
30600,1.25,1.005859375,-0.33203125,-0.361328125
30601,1.181640625,1.201171875,-0.283203125,-0.390625
30602,1.23046875,1.083984375,-0.21484375,-0.25390625
30603,1.220703125,1.0546875,-0.3125,-0.44921875
30604,1.279296875,1.11328125,-0.3515625,-0.341796875
30605,1.23046875,1.142578125,-0.25390625,-0.48828125
30606,1.162109375,1.2109375,-0.302734375,-0.400390625
30607,1.19140625,1.162109375,-0.25390625,-0.341796875
30608,1.3671875,0.95703125,-0.29296875,-0.380859375
30609,1.435546875,1.123046875,-0.263671875,-0.400390625
30610,1.328125,1.171875,-0.205078125,-0.33203125
30611,1.3671875,1.220703125,-0.283203125,-0.37109375
30612,1.40625,1.201171875,-0.33203125,-0.400390625
30613,1.328125,1.25,-0.25390625,-0.478515625
30614,1.396484375,1.19140625,-0.263671875,-0.4296875
30615,1.396484375,1.23046875,-0.263671875,-0.263671875
30616,1.318359375,1.171875,-0.283203125,-0.46875
30617,1.4453125,0.99609375,-0.400390625,-0.380859375
30618,1.357421875,1.181640625,-0.419921875,-0.341796875
30619,1.2109375,1.025390625,-0.21484375,-0.390625
30620,1.2109375,1.220703125,-0.37109375,-0.400390625
30621,1.240234375,1.15234375,-0.302734375,-0.41015625
30622,1.376953125,1.15234375,-0.224609375,-0.3515625
30623,1.259765625,1.162109375,-0.283203125,-0.361328125
30624,1.337890625,1.162109375,-0.380859375,-0.3515625
30625,1.328125,1.005859375,-0.2734375,-0.390625
30626,1.318359375,1.23046875,-0.478515625,-0.37109375
30627,1.2109375,1.09375,-0.390625,-0.439453125
30628,1.298828125,1.19140625,-0.25390625,-0.361328125
30629,1.34765625,1.279296875,-0.33203125,-0.33203125
30630,1.3671875,1.1328125,-0.25390625,-0.439453125
30631,1.396484375,1.162109375,-0.146484375,-0.400390625
30632,1.25,1.162109375,-0.17578125,-0.25390625
30633,1.279296875,1.181640625,-0.2734375,-0.25390625
30634,1.318359375,1.2109375,-0.263671875,-0.37109375
30635,1.34765625,1.15234375,-0.205078125,-0.400390625
30636,1.30859375,1.142578125,-0.263671875,-0.361328125
30637,1.279296875,1.103515625,-0.29296875,-0.400390625
30638,1.328125,0.947265625,-0.13671875,-0.341796875
30639,1.298828125,1.1328125,-0.224609375,-0.390625
30640,1.2890625,1.142578125,-0.29296875,-0.341796875
30641,1.240234375,1.11328125,-0.25390625,-0.283203125
30642,1.259765625,1.123046875,-0.107421875,-0.4296875
30643,1.2890625,1.09375,-0.322265625,-0.37109375
30644,1.357421875,1.162109375,-0.1953125,-0.390625
30645,1.3671875,1.19140625,-0.361328125,-0.400390625
30646,1.220703125,1.201171875,-0.419921875,-0.4296875
30647,1.494140625,0.966796875,-0.244140625,-0.361328125
30648,1.279296875,1.171875,-0.21484375,-0.400390625
30649,1.064453125,1.1328125,-0.21484375,-0.390625
30650,1.171875,1.103515625,-0.244140625,-0.380859375
30651,1.162109375,1.162109375,-0.244140625,-0.439453125
30652,1.162109375,1.1328125,-0.33203125,-0.361328125
30653,1.23046875,1.2109375,-0.283203125,-0.478515625
30654,1.171875,1.19140625,-0.29296875,-0.419921875
30655,1.240234375,1.0546875,-0.3125,-0.341796875
30656,1.181640625,1.142578125,-0.234375,-0.41015625
30657,1.162109375,1.162109375,-0.33203125,-0.5078125
30658,1.240234375,1.0546875,-0.263671875,-0.44921875
30659,1.123046875,1.25,-0.263671875,-0.390625
30660,1.19140625,0.986328125,-0.2734375,-0.283203125
30661,1.103515625,1.171875,-0.21484375,-0.478515625
30662,1.259765625,1.1328125,-0.17578125,-0.41015625
30663,1.240234375,1.11328125,-0.234375,-0.52734375
30664,1.123046875,1.123046875,-0.166015625,-0.390625
30665,1.181640625,1.23046875,-0.185546875,-0.302734375
30666,1.15234375,1.103515625,-0.1953125,-0.2734375
30667,1.26953125,1.09375,-0.25390625,-0.322265625
30668,1.123046875,1.064453125,-0.25390625,-0.185546875
30669,1.19140625,1.064453125,-0.1953125,-0.341796875
30670,1.15234375,1.123046875,-0.205078125,-0.390625
30671,1.2109375,1.11328125,-0.361328125,-0.3515625
30672,1.07421875,1.11328125,-0.1953125,-0.25390625
30673,1.298828125,1.044921875,-0.17578125,-0.302734375
30674,1.318359375,1.09375,-0.17578125,-0.322265625
30675,1.25,1.259765625,-0.234375,-0.341796875
30676,1.25,1.0546875,-0.205078125,-0.37109375
30677,1.1328125,0.986328125,-0.166015625,-0.283203125
30678,1.2109375,0.95703125,-0.205078125,-0.283203125
30679,1.162109375,1.015625,-0.17578125,-0.205078125
30680,1.171875,1.07421875,-0.25390625,-0.263671875
30681,1.181640625,0.986328125,-0.205078125,-0.44921875
30682,1.1328125,1.0546875,-0.126953125,-0.41015625
30683,1.171875,1.103515625,-0.1953125,-0.37109375
30684,1.1328125,1.220703125,-0.25390625,-0.537109375
30685,1.30859375,1.03515625,-0.341796875,-0.361328125
30686,1.171875,1.1328125,-0.380859375,-0.33203125
30687,1.279296875,0.9375,-0.37109375,-0.3515625
30688,1.328125,1.083984375,-0.33203125,-0.341796875
30689,1.181640625,1.07421875,-0.33203125,-0.263671875
30690,1.11328125,1.19140625,-0.341796875,-0.37109375
30691,1.171875,1.07421875,-0.302734375,-0.224609375
30692,1.2109375,1.07421875,-0.25390625,-0.283203125
30693,1.09375,1.19140625,-0.302734375,-0.29296875
30694,1.171875,1.005859375,-0.380859375,-0.25390625
30695,1.1328125,1.025390625,-0.263671875,-0.322265625
30696,1.171875,1.044921875,-0.244140625,-0.244140625
30697,1.083984375,1.044921875,-0.3125,-0.25390625
30698,1.171875,1.0546875,-0.41015625,-0.224609375
30699,1.201171875,1.0546875,-0.244140625,-0.3125
30700,1.240234375,0.9765625,-0.244140625,-0.21484375
30701,1.015625,0.9765625,-0.302734375,-0.302734375
30702,1.240234375,1.0546875,-0.33203125,-0.2734375
30703,1.171875,1.025390625,-0.2734375,-0.283203125
30704,1.2890625,1.064453125,-0.3125,-0.3125
30705,1.279296875,1.259765625,-0.33203125,-0.29296875
30706,1.26953125,1.064453125,-0.263671875,-0.400390625
30707,1.259765625,1.0546875,-0.2734375,-0.322265625
30708,1.220703125,1.11328125,-0.25390625,-0.3125
30709,1.25,1.142578125,-0.166015625,-0.234375
30710,1.30859375,1.15234375,-0.302734375,-0.21484375
30711,1.201171875,1.11328125,-0.302734375,-0.2734375
30712,1.220703125,1.103515625,-0.205078125,-0.263671875
30713,1.23046875,1.142578125,-0.33203125,-0.322265625
30714,1.25,1.2109375,-0.419921875,-0.29296875
30715,1.25,1.142578125,-0.37109375,-0.341796875
30716,1.220703125,0.99609375,-0.390625,-0.205078125
30717,1.201171875,1.103515625,-0.37109375,-0.29296875
30718,1.19140625,1.07421875,-0.419921875,-0.3125
30719,1.19140625,1.1328125,-0.517578125,-0.1953125
30720,1.2109375,1.2109375,-0.29296875,-0.263671875
30721,1.240234375,1.09375,-0.41015625,-0.341796875
30722,1.171875,0.99609375,-0.302734375,-0.21484375
30723,1.23046875,1.0546875,-0.37109375,-0.25390625
30724,1.318359375,1.03515625,-0.3125,-0.361328125
30725,1.318359375,1.25,-0.41015625,-0.5078125
30726,1.30859375,1.142578125,-0.380859375,-0.33203125
30727,1.298828125,1.083984375,-0.25390625,-0.21484375
30728,1.11328125,1.083984375,-0.263671875,-0.166015625
30729,1.259765625,1.0546875,-0.52734375,-0.17578125
30730,1.240234375,1.025390625,-0.1953125,-0.3515625
30731,1.25,1.11328125,-0.37109375,-0.087890625
30732,1.23046875,1.1328125,-0.322265625,-0.302734375
30733,1.25,1.171875,-0.322265625,-0.3125
30734,1.2109375,1.162109375,-0.283203125,-0.13671875
30735,1.181640625,1.025390625,-0.263671875,-0.33203125
30736,1.162109375,1.26953125,-0.390625,-0.25390625
30737,1.15234375,1.15234375,-0.2734375,-0.33203125
30738,1.044921875,1.1328125,-0.322265625,-0.283203125
30739,1.181640625,1.044921875,-0.41015625,-0.244140625
30740,1.2109375,1.083984375,-0.41015625,-0.1171875
30741,1.123046875,1.162109375,-0.25390625,-0.3125
30742,1.259765625,1.2109375,-0.341796875,-0.361328125
30743,1.2109375,1.123046875,-0.2734375,-0.126953125
30744,1.123046875,1.298828125,-0.29296875,-0.33203125
30745,1.26953125,0.927734375,-0.517578125,-0.390625
30746,1.171875,1.11328125,-0.46875,-0.205078125
30747,1.19140625,1.09375,-0.400390625,-0.283203125
30748,1.123046875,1.064453125,-0.2734375,-0.244140625
30749,1.38671875,1.162109375,-0.322265625,-0.224609375
30750,1.240234375,1.23046875,-0.3125,-0.234375
30751,1.318359375,1.123046875,-0.439453125,-0.322265625
30752,1.240234375,1.123046875,-0.341796875,-0.439453125
30753,1.2890625,1.044921875,-0.37109375,-0.341796875
30754,1.2109375,1.025390625,-0.29296875,-0.341796875
30755,1.220703125,1.09375,-0.29296875,-0.283203125
30756,1.1328125,1.103515625,-0.21484375,-0.25390625
30757,1.279296875,1.171875,-0.263671875,-0.3125
30758,1.23046875,1.025390625,-0.21484375,-0.21484375
30759,1.181640625,1.142578125,-0.244140625,-0.205078125
30760,1.171875,1.11328125,-0.1953125,-0.341796875
30761,1.19140625,1.09375,-0.283203125,-0.302734375
30762,1.240234375,1.09375,-0.205078125,-0.2734375
30763,1.162109375,1.201171875,-0.29296875,-0.185546875
30764,1.201171875,1.142578125,-0.244140625,-0.205078125
30765,1.123046875,1.1328125,-0.263671875,-0.2734375
30766,1.162109375,1.181640625,-0.29296875,-0.25390625
30767,1.064453125,1.103515625,-0.263671875,-0.224609375
30768,1.142578125,1.171875,-0.3125,-0.21484375
30769,1.171875,1.181640625,-0.25390625,-0.322265625
30770,1.171875,1.171875,-0.361328125,-0.37109375
30771,1.162109375,1.142578125,-0.341796875,-0.244140625
30772,1.19140625,1.044921875,-0.087890625,-0.2734375
30773,1.259765625,1.201171875,-0.2734375,-0.2734375
30774,1.201171875,1.220703125,-0.185546875,-0.17578125
30775,1.40625,1.103515625,-0.3125,-0.17578125
30776,1.162109375,1.064453125,-0.263671875,-0.234375
30777,1.171875,1.15234375,-0.322265625,-0.1953125
30778,1.259765625,1.103515625,-0.41015625,-0.29296875
30779,1.23046875,1.201171875,-0.33203125,-0.234375
30780,1.23046875,1.142578125,-0.21484375,-0.146484375
30781,1.2109375,1.162109375,-0.2734375,-0.25390625
30782,1.279296875,1.103515625,-0.302734375,-0.390625
30783,1.240234375,1.044921875,-0.263671875,-0.263671875
30784,1.19140625,1.15234375,-0.2734375,-0.322265625
30785,1.23046875,1.142578125,-0.234375,-0.185546875
30786,1.25,1.123046875,-0.234375,-0.1171875
30787,1.259765625,0.95703125,-0.33203125,-0.25390625
30788,1.26953125,1.0546875,-0.37109375,-0.33203125
30789,1.240234375,1.015625,-0.263671875,-0.283203125
30790,1.162109375,1.064453125,-0.29296875,-0.15625
30791,1.181640625,0.986328125,-0.4296875,-0.3515625
30792,1.357421875,1.142578125,-0.29296875,-0.2734375
30793,1.318359375,1.083984375,-0.2734375,-0.2734375
30794,1.259765625,1.1328125,-0.244140625,-0.283203125
30795,1.240234375,1.142578125,-0.390625,-0.283203125
30796,1.19140625,0.9765625,-0.361328125,-0.166015625
30797,1.2109375,1.11328125,-0.166015625,-0.244140625
30798,1.23046875,1.201171875,-0.2734375,-0.234375
30799,1.337890625,1.201171875,-0.37109375,-0.3125
30800,1.25,1.1328125,-0.234375,-0.25390625
30801,1.2890625,1.123046875,-0.3125,-0.234375
30802,1.220703125,1.19140625,-0.361328125,-0.2734375
30803,1.34765625,1.171875,-0.302734375,-0.2734375
30804,1.298828125,1.181640625,-0.25390625,-0.244140625
30805,1.259765625,1.142578125,-0.302734375,-0.341796875
30806,1.26953125,1.142578125,-0.322265625,-0.244140625
30807,1.25,1.162109375,-0.3125,-0.37109375
30808,1.2109375,1.064453125,-0.29296875,-0.283203125
30809,1.279296875,1.15234375,-0.302734375,-0.263671875
30810,1.23046875,1.19140625,-0.283203125,-0.234375
30811,1.279296875,1.03515625,-0.302734375,-0.390625
30812,1.220703125,1.11328125,-0.224609375,-0.25390625
30813,1.259765625,1.19140625,-0.244140625,-0.37109375
30814,1.279296875,1.103515625,-0.29296875,-0.419921875
30815,1.337890625,1.220703125,-0.2734375,-0.3125
30816,1.357421875,1.11328125,-0.2734375,-0.322265625
30817,1.25,1.181640625,-0.224609375,-0.1953125
30818,1.240234375,1.07421875,-0.1953125,-0.37109375
30819,1.181640625,1.103515625,-0.302734375,-0.41015625
30820,1.2109375,1.1328125,-0.29296875,-0.302734375
30821,1.220703125,1.23046875,-0.302734375,-0.3125
30822,1.25,1.142578125,-0.3515625,-0.29296875
30823,1.23046875,1.19140625,-0.3125,-0.244140625
30824,1.259765625,1.201171875,-0.205078125,-0.37109375
30825,1.240234375,1.201171875,-0.46875,-0.322265625
30826,1.240234375,1.1328125,-0.3125,-0.283203125
30827,1.2109375,1.220703125,-0.341796875,-0.234375
30828,1.103515625,1.19140625,-0.400390625,-0.302734375
30829,1.34765625,1.220703125,-0.380859375,-0.3125
30830,1.2890625,1.2890625,-0.33203125,-0.322265625
30831,1.23046875,1.181640625,-0.25390625,-0.361328125
30832,1.279296875,1.162109375,-0.302734375,-0.29296875
30833,1.240234375,1.19140625,-0.361328125,-0.361328125
30834,1.26953125,1.201171875,-0.29296875,-0.458984375
30835,1.337890625,1.19140625,-0.33203125,-0.361328125
30836,1.298828125,1.1328125,-0.341796875,-0.322265625
30837,1.30859375,1.005859375,-0.3515625,-0.419921875
30838,1.171875,1.123046875,-0.25390625,-0.25390625
30839,1.328125,1.1328125,-0.29296875,-0.341796875
30840,1.201171875,1.005859375,-0.2734375,-0.2734375
30841,1.298828125,1.005859375,-0.25390625,-0.263671875
30842,1.259765625,1.11328125,-0.341796875,-0.3515625
30843,1.259765625,1.220703125,-0.25390625,-0.126953125
30844,1.30859375,1.064453125,-0.341796875,-0.400390625
30845,1.15234375,1.162109375,-0.322265625,-0.419921875
30846,1.064453125,1.201171875,-0.224609375,-0.29296875
30847,1.279296875,1.11328125,-0.29296875,-0.341796875
30848,1.23046875,1.11328125,-0.322265625,-0.283203125
30849,1.240234375,1.279296875,-0.2734375,-0.380859375
30850,1.11328125,1.162109375,-0.224609375,-0.2734375
30851,1.201171875,1.142578125,-0.390625,-0.29296875
30852,1.30859375,1.11328125,-0.185546875,-0.244140625
30853,1.19140625,1.15234375,-0.17578125,-0.29296875
30854,1.2109375,1.26953125,0,-0.3515625
30855,1.240234375,1.103515625,-0.234375,-0.224609375
30856,1.240234375,1.142578125,-0.21484375,-0.302734375
30857,1.26953125,1.259765625,-0.263671875,-0.244140625
30858,1.220703125,1.083984375,-0.048828125,-0.3125
30859,1.083984375,1.103515625,-0.361328125,-0.33203125
30860,1.03515625,1.11328125,-0.21484375,-0.37109375
30861,1.171875,1.279296875,-0.224609375,-0.4296875
30862,1.2890625,1.279296875,-0.244140625,-0.46875
30863,1.2109375,1.279296875,-0.166015625,-0.380859375
30864,1.2109375,1.34765625,-0.05859375,-0.341796875
30865,1.19140625,1.318359375,-0.185546875,-0.283203125
30866,1.142578125,1.328125,-0.3125,-0.3515625
30867,1.162109375,1.1328125,-0.400390625,-0.3515625
30868,1.240234375,1.318359375,-0.361328125,-0.33203125
30869,1.25,1.30859375,-0.3515625,-0.33203125
30870,1.23046875,1.298828125,-0.458984375,-0.41015625
30871,1.171875,1.259765625,-0.29296875,-0.361328125
30872,1.142578125,1.279296875,-0.380859375,-0.361328125
30873,1.162109375,1.2890625,-0.37109375,-0.3515625
30874,1.181640625,1.23046875,-0.341796875,-0.46875
30875,1.19140625,1.259765625,-0.2734375,-0.33203125
30876,1.162109375,1.279296875,-0.400390625,-0.4296875
30877,1.15234375,1.298828125,-0.2734375,-0.37109375
30878,1.2109375,1.328125,-0.25390625,-0.390625
30879,1.162109375,1.259765625,-0.263671875,-0.341796875
30880,1.19140625,1.240234375,-0.21484375,-0.205078125
30881,1.220703125,1.30859375,-0.078125,-0.37109375
30882,1.162109375,1.2109375,-0.25390625,-0.341796875
30883,1.240234375,1.240234375,-0.25390625,-0.44921875
30884,1.103515625,1.2890625,-0.283203125,-0.322265625
30885,1.19140625,1.435546875,-0.283203125,-0.341796875
30886,1.2109375,1.357421875,-0.244140625,-0.322265625
30887,1.044921875,1.240234375,-0.3125,-0.498046875
30888,1.23046875,1.279296875,-0.126953125,-0.400390625
30889,1.23046875,1.30859375,-0.25390625,-0.234375
30890,1.19140625,1.220703125,-0.224609375,-0.3515625
30891,1.240234375,1.201171875,-0.302734375,-0.4296875
30892,1.123046875,1.240234375,-0.33203125,-0.41015625
30893,1.181640625,1.19140625,-0.29296875,-0.576171875
30894,1.15234375,1.298828125,-0.15625,-0.4296875
30895,1.357421875,1.259765625,-0.361328125,-0.48828125
30896,1.15234375,1.240234375,-0.3125,-0.458984375
30897,1.25,1.25,-0.400390625,-0.2734375
30898,1.1328125,1.2109375,-0.341796875,-0.400390625
30899,1.2109375,1.298828125,-0.21484375,-0.439453125
30900,1.171875,1.30859375,-0.244140625,-0.458984375
30901,1.083984375,1.142578125,-0.1953125,-0.44921875
30902,1.181640625,1.201171875,-0.419921875,-0.41015625
30903,1.07421875,1.181640625,-0.3515625,-0.41015625
30904,1.19140625,1.19140625,-0.234375,-0.517578125
30905,1.19140625,1.240234375,-0.419921875,-0.576171875
30906,1.240234375,1.142578125,-0.263671875,-0.439453125
30907,1.09375,1.240234375,-0.234375,-0.458984375
30908,1.044921875,1.259765625,-0.234375,-0.400390625
30909,1.2109375,1.220703125,-0.224609375,-0.41015625
30910,1.0546875,1.181640625,-0.2734375,-0.361328125
30911,1.0546875,1.259765625,-0.244140625,-0.37109375
30912,1.25,1.25,-0.21484375,-0.4296875
30913,1.328125,1.15234375,-0.302734375,-0.400390625
30914,1.357421875,1.240234375,-0.1171875,-0.3125
30915,1.279296875,1.328125,-0.205078125,-0.37109375
30916,1.337890625,1.376953125,-0.21484375,-0.48828125
30917,1.240234375,1.123046875,-0.224609375,-0.244140625
30918,1.23046875,1.123046875,-0.1953125,-0.3125
30919,1.26953125,1.15234375,-0.1953125,-0.33203125
30920,1.38671875,1.171875,-0.263671875,-0.419921875
30921,1.171875,1.19140625,-0.234375,-0.400390625
30922,1.25,1.07421875,-0.263671875,-0.44921875
30923,1.259765625,1.23046875,-0.21484375,-0.37109375
30924,1.23046875,1.25,-0.37109375,-0.37109375
30925,1.23046875,1.201171875,-0.4296875,-0.46875
30926,1.259765625,1.2109375,-0.37109375,-0.322265625
30927,1.181640625,1.171875,-0.283203125,-0.29296875
30928,1.103515625,1.11328125,-0.2734375,-0.3515625
30929,1.259765625,1.142578125,-0.185546875,-0.41015625
30930,1.259765625,1.2109375,-0.2734375,-0.44921875
30931,1.1328125,1.142578125,-0.25390625,-0.390625
30932,1.171875,1.240234375,-0.33203125,-0.33203125
30933,1.298828125,1.123046875,-0.302734375,-0.37109375
30934,1.240234375,1.220703125,-0.3125,-0.400390625
30935,1.2109375,1.103515625,-0.244140625,-0.46875
30936,1.220703125,1.201171875,-0.244140625,-0.41015625
30937,1.201171875,1.103515625,-0.21484375,-0.25390625
30938,1.181640625,1.1328125,-0.166015625,-0.263671875
30939,1.181640625,1.123046875,-0.244140625,-0.361328125
30940,1.11328125,1.162109375,-0.25390625,-0.380859375
30941,1.240234375,1.201171875,-0.2734375,-0.29296875
30942,1.26953125,1.171875,-0.205078125,-0.380859375
30943,1.181640625,1.181640625,-0.263671875,-0.33203125
30944,1.15234375,1.15234375,-0.25390625,-0.41015625
30945,1.181640625,1.201171875,-0.25390625,-0.3515625
30946,1.181640625,1.123046875,-0.3125,-0.44921875
30947,1.181640625,1.142578125,-0.21484375,-0.419921875
30948,1.2109375,1.09375,-0.361328125,-0.44921875
30949,1.162109375,1.123046875,-0.17578125,-0.37109375
30950,1.318359375,1.1328125,-0.244140625,-0.419921875
30951,1.162109375,1.181640625,-0.3125,-0.439453125
30952,1.142578125,1.15234375,-0.2734375,-0.390625
30953,1.201171875,1.162109375,-0.302734375,-0.478515625
30954,1.1328125,1.15234375,-0.283203125,-0.37109375
30955,1.240234375,1.19140625,-0.29296875,-0.400390625
30956,1.259765625,1.181640625,-0.341796875,-0.498046875
30957,1.201171875,1.259765625,-0.25390625,-0.419921875
30958,1.240234375,1.23046875,-0.283203125,-0.498046875
30959,1.220703125,1.171875,-0.234375,-0.244140625
30960,1.318359375,1.259765625,-0.205078125,-0.419921875
30961,1.171875,1.123046875,-0.3125,-0.458984375
30962,1.19140625,1.201171875,-0.1953125,-0.33203125
30963,1.220703125,1.2109375,-0.29296875,-0.37109375
30964,1.220703125,1.11328125,-0.33203125,-0.44921875
30965,1.19140625,1.083984375,-0.2734375,-0.48828125
30966,1.171875,1.07421875,-0.185546875,-0.4296875
30967,1.220703125,1.19140625,-0.234375,-0.390625
30968,1.181640625,1.34765625,-0.1953125,-0.380859375
30969,1.1328125,1.171875,-0.205078125,-0.44921875
30970,1.23046875,1.19140625,-0.2734375,-0.380859375
30971,1.103515625,0.986328125,-0.322265625,-0.41015625
30972,1.083984375,1.07421875,-0.21484375,-0.322265625
30973,1.171875,1.23046875,-0.234375,-0.48828125
30974,1.201171875,1.083984375,-0.302734375,-0.44921875
30975,1.25,1.220703125,-0.087890625,-0.322265625
30976,1.171875,1.2890625,-0.302734375,-0.48828125
30977,1.09375,1.15234375,-0.341796875,-0.361328125
30978,1.11328125,1.279296875,-0.29296875,-0.458984375
30979,1.201171875,1.0546875,-0.244140625,-0.419921875
30980,1.103515625,1.162109375,-0.302734375,-0.400390625
30981,1.083984375,1.19140625,-0.25390625,-0.25390625
30982,1.083984375,1.25,-0.21484375,-0.52734375
30983,1.259765625,1.162109375,-0.2734375,-0.44921875
30984,1.103515625,1.181640625,-0.322265625,-0.341796875
30985,1.19140625,1.25,-0.3515625,-0.41015625
30986,1.181640625,1.162109375,-0.234375,-0.400390625
30987,1.318359375,1.025390625,-0.263671875,-0.21484375
30988,1.2890625,1.09375,-0.283203125,-0.341796875
30989,1.259765625,1.044921875,-0.29296875,-0.37109375
30990,1.23046875,1.181640625,-0.390625,-0.341796875
30991,1.259765625,1.0546875,-0.234375,-0.3515625
30992,1.201171875,1.19140625,-0.25390625,-0.41015625
30993,1.2109375,1.07421875,-0.13671875,-0.41015625
30994,1.23046875,1.09375,-0.17578125,-0.380859375
30995,1.220703125,1.044921875,-0.205078125,-0.41015625
30996,1.2109375,1.15234375,-0.283203125,-0.37109375
30997,1.34765625,1.103515625,-0.166015625,-0.400390625
30998,1.2890625,1.123046875,-0.25390625,-0.302734375
30999,1.15234375,1.083984375,-0.234375,-0.478515625
31000,1.1328125,1.11328125,-0.2734375,-0.341796875
31001,1.15234375,1.064453125,-0.21484375,-0.439453125
31002,1.19140625,1.162109375,-0.029296875,-0.439453125
31003,1.23046875,1.103515625,-0.3515625,-0.400390625
31004,1.23046875,1.1328125,-0.361328125,-0.419921875
31005,1.083984375,1.171875,-0.25390625,-0.390625
31006,1.25,1.025390625,-0.283203125,-0.458984375
31007,1.19140625,1.11328125,-0.283203125,-0.4296875
31008,1.201171875,1.171875,-0.29296875,-0.390625
31009,1.2109375,1.171875,-0.33203125,-0.361328125
31010,1.162109375,1.103515625,-0.390625,-0.4296875
31011,1.279296875,1.064453125,-0.322265625,-0.41015625
31012,1.181640625,1.064453125,-0.3125,-0.361328125
31013,1.15234375,1.064453125,-0.166015625,-0.380859375
31014,1.1328125,1.083984375,-0.33203125,-0.5859375
31015,1.201171875,1.181640625,-0.244140625,-0.439453125
31016,1.201171875,1.09375,-0.283203125,-0.3515625
31017,1.15234375,1.123046875,-0.302734375,-0.46875
31018,1.181640625,1.07421875,-0.224609375,-0.322265625
31019,1.171875,1.064453125,-0.302734375,-0.419921875
31020,1.162109375,1.07421875,-0.3125,-0.439453125
31021,1.220703125,1.103515625,-0.263671875,-0.361328125
31022,1.15234375,1.11328125,-0.17578125,-0.380859375
31023,1.19140625,1.26953125,-0.283203125,-0.4296875
31024,1.240234375,1.142578125,-0.302734375,-0.322265625
31025,1.201171875,1.240234375,-0.341796875,-0.380859375
31026,1.259765625,1.171875,-0.244140625,-0.263671875
31027,1.298828125,1.181640625,-0.263671875,-0.361328125
31028,1.2890625,1.064453125,-0.29296875,-0.322265625
31029,1.19140625,1.171875,-0.2734375,-0.302734375
31030,1.15234375,1.162109375,-0.322265625,-0.234375
31031,1.2109375,1.103515625,-0.380859375,-0.380859375
31032,1.23046875,1.015625,-0.25390625,-0.361328125
31033,1.220703125,1.11328125,-0.21484375,-0.458984375
31034,1.171875,1.103515625,-0.322265625,-0.41015625
31035,1.376953125,1.123046875,-0.25390625,-0.400390625
31036,1.142578125,1.064453125,-0.29296875,-0.419921875
31037,1.25,1.201171875,-0.41015625,-0.400390625
31038,1.34765625,1.201171875,-0.244140625,-0.4296875
31039,1.34765625,1.123046875,-0.224609375,-0.4296875
31040,1.357421875,1.09375,-0.33203125,-0.341796875
31041,1.26953125,1.123046875,-0.302734375,-0.517578125
31042,1.3671875,1.1328125,-0.234375,-0.439453125
31043,1.42578125,1.201171875,-0.263671875,-0.44921875
31044,1.416015625,1.2890625,-0.146484375,-0.41015625
31045,1.30859375,1.162109375,-0.302734375,-0.52734375
31046,1.2890625,1.181640625,-0.21484375,-0.390625
31047,1.328125,1.11328125,-0.263671875,-0.546875
31048,1.30859375,1.162109375,-0.205078125,-0.3515625
31049,1.396484375,1.162109375,-0.224609375,-0.361328125
31050,1.23046875,0.87890625,-0.44921875,-0.44921875
31051,1.318359375,1.171875,-0.33203125,-0.41015625
31052,1.2109375,1.15234375,-0.302734375,-0.4296875
31053,1.318359375,1.201171875,-0.185546875,-0.37109375
31054,1.337890625,1.064453125,-0.361328125,-0.439453125
31055,1.26953125,1.162109375,-0.21484375,-0.419921875
31056,1.318359375,1.15234375,-0.37109375,-0.341796875
31057,1.40625,1.240234375,-0.166015625,-0.37109375
31058,1.318359375,1.15234375,-0.21484375,-0.37109375
31059,1.30859375,1.2109375,-0.244140625,-0.380859375
31060,1.38671875,1.1328125,-0.244140625,-0.341796875
31061,1.279296875,1.103515625,-0.29296875,-0.361328125
31062,1.25,1.171875,-0.126953125,-0.458984375
31063,1.30859375,1.23046875,-0.166015625,-0.390625
31064,1.279296875,1.11328125,-0.25390625,-0.302734375
31065,1.298828125,1.25,-0.21484375,-0.4296875
31066,1.171875,1.162109375,-0.205078125,-0.576171875
31067,1.337890625,1.083984375,-0.25390625,-0.400390625
31068,1.30859375,1.142578125,-0.361328125,-0.37109375
31069,1.279296875,1.2109375,-0.2734375,-0.37109375
31070,1.328125,1.11328125,-0.234375,-0.37109375
31071,1.259765625,1.259765625,-0.1953125,-0.29296875
31072,1.30859375,1.09375,-0.29296875,-0.439453125
31073,1.259765625,1.09375,-0.224609375,-0.37109375
31074,1.318359375,1.103515625,-0.1953125,-0.37109375
31075,1.318359375,0.888671875,-0.2734375,-0.263671875
31076,1.220703125,1.09375,-0.3125,-0.3125
31077,1.279296875,1.044921875,-0.224609375,-0.3125
31078,1.30859375,1.103515625,-0.263671875,-0.52734375
31079,1.19140625,1.064453125,-0.146484375,-0.302734375
31080,1.25,1.1328125,-0.2734375,-0.4296875
31081,1.220703125,1.09375,-0.302734375,-0.29296875
31082,1.15234375,1.142578125,-0.25390625,-0.37109375
31083,1.162109375,1.083984375,-0.244140625,-0.400390625
31084,1.15234375,1.11328125,-0.234375,-0.341796875
31085,1.064453125,1.025390625,-0.234375,-0.419921875
31086,1.25,1.1328125,-0.25390625,-0.380859375
31087,1.26953125,1.15234375,-0.21484375,-0.439453125
31088,1.07421875,1.09375,-0.234375,-0.390625
31089,1.318359375,1.318359375,-0.244140625,-0.390625
31090,1.201171875,1.064453125,-0.224609375,-0.419921875
31091,1.220703125,1.11328125,-0.166015625,-0.44921875
31092,1.240234375,1.0546875,-0.263671875,-0.46875
31093,1.240234375,1.201171875,-0.29296875,-0.380859375
31094,1.171875,1.15234375,-0.322265625,-0.46875
31095,1.09375,1.09375,-0.2734375,-0.4296875
31096,1.23046875,1.220703125,-0.341796875,-0.283203125
31097,1.171875,1.123046875,-0.17578125,-0.322265625
31098,1.26953125,1.220703125,-0.166015625,-0.224609375
31099,1.181640625,1.015625,-0.185546875,-0.361328125
31100,1.162109375,1.103515625,-0.21484375,-0.17578125
31101,1.181640625,1.0546875,-0.234375,-0.322265625
31102,1.328125,1.005859375,-0.2734375,-0.33203125
31103,1.259765625,1.064453125,-0.263671875,-0.3125
31104,1.298828125,1.0546875,-0.25390625,-0.3125
31105,1.259765625,1.142578125,-0.1953125,-0.25390625
31106,1.2109375,1.044921875,-0.1953125,-0.419921875
31107,1.240234375,1.15234375,-0.09765625,-0.244140625
31108,1.220703125,0.986328125,-0.322265625,-0.244140625
31109,1.25,1.005859375,-0.1953125,-0.185546875
31110,1.328125,1.015625,-0.2734375,-0.361328125
31111,1.103515625,1.07421875,-0.283203125,-0.322265625
31112,1.279296875,1.015625,-0.068359375,-0.205078125
31113,1.1328125,0.9375,-0.166015625,-0.21484375
31114,1.2109375,1.1328125,-0.224609375,-0.341796875
31115,1.25,1.064453125,-0.185546875,-0.41015625
31116,1.328125,1.142578125,-0.33203125,-0.33203125
31117,1.23046875,1.07421875,-0.29296875,-0.341796875
31118,1.23046875,1.064453125,-0.2734375,-0.3515625
31119,1.220703125,1.083984375,-0.263671875,-0.400390625
31120,1.240234375,1.123046875,-0.283203125,-0.33203125
31121,1.318359375,1.103515625,-0.29296875,-0.3125
31122,1.1328125,1.2109375,-0.3125,-0.380859375
31123,1.201171875,1.025390625,-0.263671875,-0.2734375
31124,1.19140625,1.03515625,-0.2734375,-0.3125
31125,1.19140625,1.03515625,-0.263671875,-0.361328125
31126,1.2109375,1.09375,-0.21484375,-0.322265625
31127,1.19140625,1.09375,-0.17578125,-0.302734375
31128,1.162109375,1.015625,-0.17578125,-0.234375
31129,1.142578125,1.09375,-0.09765625,-0.244140625
31130,1.2109375,1.025390625,-0.17578125,-0.263671875
31131,1.220703125,1.15234375,-0.166015625,-0.244140625
31132,1.240234375,1.07421875,-0.107421875,-0.361328125
31133,1.103515625,1.064453125,-0.13671875,-0.166015625
31134,1.2109375,1.025390625,-0.13671875,-0.234375
31135,1.2109375,0.888671875,-0.3125,-0.322265625
31136,1.162109375,1.044921875,-0.234375,-0.21484375
31137,1.240234375,1.0546875,-0.341796875,-0.33203125
31138,1.259765625,1.09375,-0.33203125,-0.3125
31139,1.2890625,1.0546875,-0.302734375,-0.322265625
31140,1.259765625,1.0546875,-0.263671875,-0.234375
31141,1.15234375,1.11328125,-0.1171875,-0.234375
31142,1.23046875,0.966796875,-0.322265625,-0.234375
31143,1.171875,1.123046875,-0.224609375,-0.21484375
31144,1.2890625,1.03515625,-0.419921875,-0.3125
31145,1.201171875,1.103515625,-0.283203125,-0.33203125
31146,1.15234375,1.181640625,-0.341796875,-0.1171875
31147,1.2109375,1.0546875,-0.380859375,-0.283203125
31148,1.19140625,1.07421875,-0.13671875,-0.3125
31149,1.40625,1.025390625,-0.361328125,-0.1953125
31150,1.09375,1.03515625,-0.283203125,-0.1953125
31151,1.220703125,1.0546875,-0.400390625,-0.361328125
31152,1.19140625,1.083984375,-0.380859375,-0.1171875
31153,1.240234375,1.162109375,-0.400390625,-0.283203125
31154,1.2109375,1.11328125,-0.2734375,-0.1953125
31155,1.201171875,1.064453125,-0.25390625,-0.1953125
31156,1.220703125,1.142578125,-0.224609375,-0.1953125
31157,1.201171875,1.142578125,-0.419921875,-0.234375
31158,1.201171875,1.015625,-0.44921875,-0.33203125
31159,1.201171875,1.044921875,-0.3515625,-0.2734375
31160,1.23046875,1.1328125,-0.4296875,-0.25390625
31161,1.07421875,1.07421875,-0.33203125,-0.29296875
31162,1.240234375,1.083984375,-0.322265625,-0.224609375
31163,1.26953125,0.869140625,-0.21484375,-0.205078125
31164,1.23046875,0.947265625,-0.341796875,-0.2734375
31165,1.23046875,1.083984375,-0.2734375,-0.2734375
31166,1.23046875,1.123046875,-0.3125,-0.263671875
31167,1.2109375,1.123046875,-0.322265625,-0.498046875
31168,1.279296875,1.044921875,-0.244140625,-0.21484375
31169,1.09375,1.07421875,-0.3515625,-0.146484375
31170,1.30859375,1.103515625,-0.361328125,-0.263671875
31171,1.298828125,1.044921875,-0.361328125,-0.234375
31172,1.23046875,1.064453125,-0.41015625,-0.302734375
31173,1.279296875,1.083984375,-0.41015625,-0.33203125
31174,1.357421875,1.103515625,-0.37109375,-0.390625
31175,1.240234375,1.07421875,-0.478515625,-0.25390625
31176,1.23046875,1.142578125,-0.361328125,-0.1953125
31177,1.298828125,1.103515625,-0.380859375,-0.322265625
31178,1.220703125,1.1328125,-0.3125,-0.2734375
31179,1.2890625,1.044921875,-0.419921875,-0.244140625
31180,1.181640625,1.103515625,-0.361328125,-0.25390625
31181,1.25,1.09375,-0.3515625,-0.234375
31182,1.19140625,1.064453125,-0.380859375,-0.17578125
31183,1.19140625,1.1328125,-0.33203125,-0.25390625
31184,1.11328125,1.11328125,-0.52734375,-0.15625
31185,1.19140625,1.0546875,-0.244140625,-0.29296875
31186,1.23046875,1.064453125,-0.33203125,-0.25390625
31187,1.19140625,1.083984375,-0.3515625,-0.224609375
31188,1.201171875,1.0546875,-0.3125,-0.205078125
31189,1.201171875,1.103515625,-0.341796875,-0.4296875
31190,1.25,1.123046875,-0.2734375,-0.283203125
31191,1.26953125,1.103515625,-0.244140625,-0.37109375
31192,1.171875,1.123046875,-0.234375,-0.283203125
31193,1.220703125,1.0546875,-0.1953125,-0.2734375
31194,1.25,1.07421875,-0.146484375,-0.33203125
31195,1.19140625,1.0546875,-0.224609375,-0.302734375
31196,1.123046875,1.26953125,-0.244140625,-0.244140625
31197,1.2109375,1.064453125,-0.263671875,-0.33203125
31198,1.201171875,1.26953125,-0.439453125,-0.3125
31199,1.220703125,0.99609375,-0.244140625,-0.21484375
31200,1.171875,1.201171875,-0.283203125,-0.205078125
31201,1.279296875,1.123046875,-0.41015625,-0.185546875
31202,1.328125,1.1328125,-0.2734375,-0.224609375
31203,1.2890625,1.357421875,-0.25390625,-0.244140625
31204,1.259765625,1.220703125,-0.29296875,-0.419921875
31205,1.40625,1.123046875,-0.2734375,-0.234375
31206,1.26953125,1.201171875,-0.37109375,-0.263671875
31207,1.201171875,1.123046875,-0.33203125,-0.263671875
31208,1.2109375,1.015625,-0.41015625,-0.29296875
31209,1.328125,0.8984375,-0.244140625,-0.29296875
31210,1.220703125,1.044921875,-0.244140625,-0.263671875
31211,1.142578125,1.11328125,-0.29296875,-0.21484375
31212,1.2890625,1.07421875,-0.2734375,-0.263671875
31213,1.3671875,1.09375,-0.283203125,-0.205078125
31214,1.26953125,1.07421875,-0.1171875,-0.234375
31215,1.318359375,1.103515625,-0.1953125,-0.224609375
31216,1.240234375,1.11328125,-0.37109375,-0.3515625
31217,1.3671875,0.966796875,-0.15625,-0.21484375
31218,1.240234375,1.03515625,-0.263671875,-0.1953125
31219,1.142578125,1.07421875,-0.29296875,-0.29296875
31220,1.171875,1.09375,-0.15625,-0.302734375
31221,1.19140625,0.87890625,-0.244140625,-0.25390625
31222,1.26953125,1.07421875,-0.244140625,-0.29296875
31223,1.2890625,1.11328125,-0.126953125,-0.263671875
31224,1.19140625,1.142578125,-0.322265625,-0.21484375
31225,1.201171875,1.162109375,-0.263671875,-0.13671875
31226,1.142578125,1.0546875,-0.29296875,-0.17578125
31227,1.259765625,1.0546875,-0.2734375,-0.3125
31228,1.240234375,1.103515625,-0.3125,-0.37109375
31229,1.2109375,1.103515625,-0.3125,-0.25390625
31230,1.26953125,1.123046875,-0.3125,-0.224609375
31231,1.142578125,1.15234375,-0.263671875,-0.244140625
31232,1.25,1.11328125,-0.322265625,-0.29296875
31233,1.42578125,1.15234375,-0.322265625,-0.25390625
31234,1.2890625,1.1328125,-0.302734375,-0.37109375
31235,1.34765625,1.19140625,-0.25390625,-0.166015625
31236,1.337890625,1.162109375,-0.2734375,-0.2734375
31237,1.30859375,1.103515625,-0.263671875,-0.29296875
31238,1.19140625,1.1328125,-0.419921875,-0.29296875
31239,1.259765625,1.1328125,-0.33203125,-0.33203125
31240,1.259765625,1.09375,-0.4296875,-0.3515625
31241,1.376953125,1.11328125,-0.322265625,-0.3125
31242,1.298828125,1.171875,-0.302734375,-0.205078125
31243,1.337890625,1.142578125,-0.2734375,-0.361328125
31244,1.201171875,1.1328125,-0.244140625,-0.263671875
31245,1.19140625,1.044921875,-0.341796875,-0.25390625
31246,1.318359375,1.07421875,-0.361328125,-0.41015625
31247,1.19140625,1.044921875,-0.244140625,-0.283203125
31248,1.240234375,1.103515625,-0.302734375,-0.302734375
31249,1.181640625,1.103515625,-0.3125,-0.283203125
31250,1.23046875,1.103515625,-0.205078125,-0.341796875
31251,1.26953125,1.162109375,-0.322265625,-0.234375
31252,1.181640625,1.1328125,-0.29296875,-0.25390625
31253,1.279296875,1.181640625,-0.361328125,-0.322265625
31254,1.328125,1.064453125,-0.234375,-0.302734375
31255,1.25,1.083984375,-0.263671875,-0.244140625
31256,1.201171875,1.0546875,-0.33203125,-0.322265625
31257,1.23046875,1.25,-0.3515625,-0.3515625
31258,1.30859375,1.201171875,-0.361328125,-0.283203125
31259,1.25,1.142578125,-0.3125,-0.13671875
31260,1.2109375,1.162109375,-0.302734375,-0.29296875
31261,1.25,1.123046875,-0.25390625,-0.302734375
31262,1.23046875,1.220703125,-0.3125,-0.15625
31263,1.171875,1.181640625,-0.25390625,-0.322265625
31264,1.259765625,1.142578125,-0.2734375,-0.302734375
31265,1.279296875,1.123046875,-0.3125,-0.224609375
31266,1.318359375,1.220703125,-0.25390625,-0.302734375
31267,1.279296875,1.11328125,-0.322265625,-0.37109375
31268,1.298828125,1.09375,-0.283203125,-0.1953125
31269,1.2109375,1.15234375,-0.390625,-0.25390625
31270,1.298828125,1.25,-0.2734375,-0.234375
31271,1.23046875,1.142578125,-0.361328125,-0.09765625
31272,1.328125,0.95703125,-0.224609375,-0.33203125
31273,1.279296875,1.103515625,-0.29296875,-0.205078125
31274,1.240234375,1.03515625,-0.244140625,-0.390625
31275,1.2109375,1.23046875,-0.3125,-0.361328125
31276,1.357421875,1.181640625,-0.263671875,-0.2734375
31277,1.259765625,1.083984375,-0.322265625,-0.263671875
31278,1.1328125,1.09375,-0.283203125,-0.2734375
31279,1.279296875,1.0546875,-0.33203125,-0.234375
31280,1.26953125,1.103515625,-0.224609375,-0.244140625
31281,1.298828125,1.1328125,-0.283203125,-0.3125
31282,1.201171875,1.0546875,-0.341796875,-0.400390625
31283,1.171875,1.15234375,-0.25390625,-0.37109375
31284,1.396484375,1.171875,-0.234375,-0.322265625
31285,1.2109375,1.142578125,-0.185546875,-0.341796875
31286,1.30859375,1.0546875,-0.29296875,-0.224609375
31287,1.240234375,1.064453125,-0.29296875,-0.283203125
31288,1.1328125,1.103515625,-0.263671875,-0.3125
31289,1.162109375,1.083984375,-0.302734375,-0.283203125
31290,1.07421875,1.123046875,-0.1953125,-0.2734375
31291,1.09375,0.9765625,-0.322265625,-0.3515625
31292,1.396484375,1.09375,-0.2734375,-0.15625
31293,1.171875,1.259765625,-0.29296875,-0.3125
31294,1.240234375,1.19140625,-0.3125,-0.322265625
31295,1.240234375,1.25,-0.21484375,-0.380859375
31296,1.181640625,1.2109375,-0.322265625,-0.390625
31297,1.171875,1.19140625,-0.2734375,-0.390625
31298,1.259765625,1.19140625,-0.2734375,-0.3125
31299,1.30859375,1.2109375,-0.244140625,-0.33203125
31300,1.181640625,1.171875,-0.390625,-0.419921875
31301,1.220703125,1.181640625,-0.37109375,-0.322265625
31302,1.220703125,1.23046875,-0.283203125,-0.322265625
31303,1.26953125,1.279296875,-0.3125,-0.41015625
31304,1.181640625,1.26953125,-0.3515625,-0.322265625
31305,1.181640625,1.19140625,-0.400390625,-0.3515625
31306,1.23046875,1.2890625,-0.302734375,-0.3515625
31307,1.171875,1.40625,-0.283203125,-0.4296875
31308,1.34765625,1.279296875,-0.3125,-0.2734375
31309,1.259765625,1.171875,-0.302734375,-0.302734375
31310,1.19140625,1.162109375,-0.234375,-0.400390625
31311,1.201171875,1.25,-0.2734375,-0.33203125
31312,1.181640625,1.2109375,-0.29296875,-0.283203125
31313,1.1328125,1.23046875,-0.263671875,-0.3125
31314,1.123046875,1.2109375,-0.166015625,-0.439453125
31315,1.142578125,1.23046875,-0.25390625,-0.322265625
31316,1.26953125,1.259765625,-0.25390625,-0.37109375
31317,1.162109375,1.328125,-0.302734375,-0.44921875
31318,1.259765625,1.2890625,-0.224609375,-0.37109375
31319,1.181640625,1.337890625,-0.29296875,-0.380859375
31320,1.181640625,1.30859375,-0.25390625,-0.341796875
31321,1.220703125,1.240234375,-0.2734375,-0.380859375
31322,1.11328125,1.25,-0.29296875,-0.3515625
31323,1.181640625,1.26953125,-0.322265625,-0.478515625
31324,1.259765625,1.142578125,-0.224609375,-0.263671875
31325,1.259765625,1.11328125,-0.29296875,-0.400390625
31326,1.181640625,1.1328125,-0.234375,-0.458984375
31327,1.337890625,1.123046875,-0.283203125,-0.37109375
31328,1.181640625,1.220703125,-0.2734375,-0.380859375
31329,1.142578125,1.171875,-0.224609375,-0.234375
31330,1.19140625,1.103515625,-0.263671875,-0.41015625
31331,1.2109375,1.15234375,-0.146484375,-0.390625
31332,1.220703125,1.1328125,-0.283203125,-0.46875
31333,1.220703125,1.162109375,-0.244140625,-0.44921875
31334,1.171875,1.181640625,-0.185546875,-0.3515625
31335,1.23046875,1.2109375,-0.361328125,-0.390625
31336,1.220703125,1.162109375,-0.166015625,-0.419921875
31337,1.19140625,1.181640625,-0.263671875,-0.46875
31338,1.23046875,1.103515625,-0.29296875,-0.380859375
31339,1.2109375,1.220703125,-0.3125,-0.41015625
31340,1.171875,1.26953125,-0.25390625,-0.458984375
31341,1.220703125,1.201171875,-0.322265625,-0.380859375
31342,1.30859375,1.142578125,-0.2734375,-0.400390625
31343,1.240234375,1.26953125,-0.234375,-0.361328125
31344,1.2890625,1.2109375,-0.21484375,-0.361328125
31345,1.328125,1.162109375,-0.21484375,-0.361328125
31346,1.25,1.23046875,-0.244140625,-0.498046875
31347,1.328125,1.162109375,-0.244140625,-0.361328125
31348,1.279296875,1.416015625,-0.29296875,-0.361328125
31349,1.23046875,1.23046875,-0.146484375,-0.390625
31350,1.2890625,1.23046875,-0.185546875,-0.46875
31351,1.2109375,1.171875,-0.263671875,-0.44921875
31352,1.318359375,1.142578125,-0.263671875,-0.390625
31353,1.34765625,1.103515625,-0.341796875,-0.341796875
31354,1.25,1.220703125,-0.29296875,-0.400390625
31355,1.318359375,1.15234375,-0.234375,-0.41015625
31356,1.34765625,1.19140625,-0.283203125,-0.44921875
31357,1.142578125,1.220703125,-0.29296875,-0.390625
31358,1.2890625,1.220703125,-0.29296875,-0.478515625
31359,1.2109375,1.1328125,-0.224609375,-0.29296875
31360,1.1328125,1.259765625,-0.1953125,-0.41015625
31361,1.30859375,1.2109375,-0.37109375,-0.263671875
31362,1.259765625,1.171875,-0.361328125,-0.458984375
31363,1.240234375,1.142578125,-0.2734375,-0.46875
31364,1.376953125,1.201171875,-0.29296875,-0.400390625
31365,1.23046875,1.181640625,-0.29296875,-0.498046875
31366,1.142578125,1.240234375,-0.322265625,-0.390625
31367,1.162109375,1.19140625,-0.29296875,-0.44921875
31368,1.30859375,1.15234375,-0.25390625,-0.33203125
31369,1.25,1.220703125,-0.2734375,-0.341796875
31370,1.220703125,1.103515625,-0.2734375,-0.390625
31371,1.162109375,1.171875,-0.322265625,-0.400390625
31372,1.259765625,1.142578125,-0.29296875,-0.44921875
31373,1.23046875,1.19140625,-0.37109375,-0.361328125
31374,1.15234375,1.2109375,-0.224609375,-0.419921875
31375,1.26953125,1.142578125,-0.244140625,-0.44921875
31376,1.2109375,1.064453125,-0.302734375,-0.341796875
31377,1.259765625,1.162109375,-0.25390625,-0.439453125
31378,1.19140625,1.181640625,-0.263671875,-0.4296875
31379,1.23046875,1.083984375,-0.25390625,-0.419921875
31380,1.19140625,1.005859375,-0.13671875,-0.517578125
31381,1.220703125,1.15234375,-0.25390625,-0.60546875
31382,1.181640625,1.298828125,-0.263671875,-0.4296875
31383,1.30859375,1.171875,-0.244140625,-0.380859375
31384,1.181640625,1.240234375,-0.263671875,-0.44921875
31385,1.2890625,1.201171875,-0.263671875,-0.380859375
31386,1.25,1.2109375,-0.166015625,-0.2734375
31387,1.240234375,1.142578125,-0.17578125,-0.439453125
31388,1.19140625,0.986328125,-0.341796875,-0.556640625
31389,1.25,1.11328125,-0.244140625,-0.361328125
31390,1.2109375,1.103515625,-0.283203125,-0.361328125
31391,1.259765625,1.11328125,-0.29296875,-0.4296875
31392,1.201171875,1.201171875,-0.2734375,-0.478515625
31393,1.2890625,1.220703125,-0.25390625,-0.41015625
31394,1.318359375,1.15234375,-0.15625,-0.400390625
31395,1.240234375,1.064453125,-0.078125,-0.4296875
31396,1.279296875,1.19140625,-0.205078125,-0.419921875
31397,1.23046875,1.34765625,-0.302734375,-0.2734375
31398,1.201171875,1.181640625,-0.3515625,-0.380859375
31399,1.26953125,1.201171875,-0.37109375,-0.537109375
31400,1.1328125,1.19140625,-0.185546875,-0.439453125
31401,1.259765625,1.142578125,-0.224609375,-0.322265625
31402,1.171875,1.044921875,-0.205078125,-0.458984375
31403,1.162109375,1.162109375,-0.166015625,-0.458984375
31404,1.2109375,1.11328125,-0.25390625,-0.29296875
31405,1.15234375,1.181640625,-0.2734375,-0.322265625
31406,1.142578125,1.19140625,-0.244140625,-0.37109375
31407,1.162109375,1.044921875,-0.33203125,-0.37109375
31408,1.1328125,1.2109375,-0.21484375,-0.263671875
31409,1.181640625,1.19140625,-0.3125,-0.419921875
31410,1.279296875,1.26953125,-0.146484375,-0.41015625
31411,1.171875,1.162109375,-0.25390625,-0.56640625
31412,1.171875,1.142578125,-0.244140625,-0.400390625
31413,1.123046875,1.181640625,-0.341796875,-0.439453125
31414,1.083984375,1.201171875,-0.3515625,-0.390625
31415,1.162109375,1.240234375,-0.302734375,-0.380859375
31416,1.181640625,1.15234375,-0.2734375,-0.498046875
31417,1.181640625,1.220703125,-0.263671875,-0.41015625
31418,1.25,1.162109375,-0.2734375,-0.439453125
31419,1.181640625,1.15234375,-0.234375,-0.390625
31420,1.25,1.2109375,-0.234375,-0.390625
31421,1.26953125,1.123046875,-0.185546875,-0.439453125
31422,1.103515625,1.162109375,-0.25390625,-0.341796875
31423,1.181640625,1.064453125,-0.15625,-0.390625
31424,1.2109375,1.15234375,-0.185546875,-0.380859375
31425,1.162109375,1.103515625,-0.283203125,-0.400390625
31426,1.38671875,1.09375,-0.37109375,-0.44921875
31427,1.220703125,1.142578125,-0.13671875,-0.3515625
31428,1.201171875,1.005859375,-0.29296875,-0.361328125
31429,1.25,1.1328125,-0.17578125,-0.361328125
31430,1.26953125,1.142578125,-0.205078125,-0.29296875
31431,1.240234375,1.123046875,-0.244140625,-0.341796875
31432,1.34765625,1.15234375,-0.29296875,-0.341796875
31433,1.376953125,1.11328125,-0.15625,-0.439453125
31434,1.2890625,1.07421875,-0.224609375,-0.41015625
31435,1.2890625,1.318359375,-0.126953125,-0.4296875
31436,1.42578125,1.15234375,-0.21484375,-0.4296875
31437,1.240234375,0.986328125,-0.283203125,-0.44921875
31438,1.25,1.142578125,-0.09765625,-0.46875
31439,1.337890625,1.09375,-0.244140625,-0.41015625
31440,1.23046875,1.15234375,-0.205078125,-0.458984375
31441,1.2109375,1.181640625,-0.25390625,-0.37109375
31442,1.328125,1.123046875,-0.21484375,-0.44921875
31443,1.142578125,1.064453125,-0.087890625,-0.33203125
31444,1.30859375,1.11328125,-0.224609375,-0.400390625
31445,1.19140625,1.044921875,-0.126953125,-0.458984375
31446,1.220703125,1.064453125,-0.1171875,-0.380859375
31447,1.26953125,1.025390625,-0.21484375,-0.458984375
31448,1.337890625,1.1328125,-0.302734375,-0.33203125
31449,1.328125,1.23046875,-0.25390625,-0.341796875
31450,1.2109375,1.142578125,-0.244140625,-0.37109375
31451,1.298828125,1.171875,-0.25390625,-0.37109375
31452,1.201171875,1.23046875,-0.126953125,-0.3515625
31453,1.15234375,0.9765625,-0.234375,-0.341796875
31454,1.279296875,1.11328125,-0.234375,-0.3125
31455,1.30859375,1.171875,-0.244140625,-0.41015625
31456,1.26953125,1.07421875,-0.263671875,-0.419921875
31457,1.259765625,1.142578125,-0.3125,-0.478515625
31458,1.2890625,1.142578125,-0.302734375,-0.3515625
31459,1.34765625,1.09375,-0.17578125,-0.400390625
31460,1.376953125,1.11328125,-0.29296875,-0.33203125
31461,1.181640625,1.2890625,-0.3515625,-0.419921875
31462,1.279296875,1.1328125,-0.25390625,-0.46875
31463,1.3671875,1.11328125,-0.33203125,-0.48828125
31464,1.220703125,1.1328125,-0.21484375,-0.37109375
31465,1.357421875,1.09375,-0.283203125,-0.3125
31466,1.337890625,1.1328125,-0.29296875,-0.341796875
31467,1.42578125,1.083984375,-0.283203125,-0.341796875
31468,1.357421875,1.123046875,-0.224609375,-0.361328125
31469,1.4453125,1.142578125,-0.263671875,-0.419921875
31470,1.220703125,1.103515625,-0.17578125,-0.478515625
31471,1.337890625,1.201171875,-0.3125,-0.380859375
31472,1.220703125,1.07421875,-0.3125,-0.41015625
31473,1.34765625,1.103515625,-0.302734375,-0.37109375
31474,1.4453125,1.09375,-0.302734375,-0.400390625
31475,1.30859375,1.162109375,-0.3515625,-0.3515625
31476,1.318359375,1.0546875,-0.185546875,-0.498046875
31477,1.4453125,1.142578125,-0.263671875,-0.478515625
31478,1.3671875,1.171875,-0.244140625,-0.37109375
31479,1.357421875,1.103515625,-0.302734375,-0.4296875
31480,1.396484375,1.09375,-0.1953125,-0.341796875
31481,1.259765625,1.044921875,-0.087890625,-0.29296875
31482,1.279296875,1.171875,-0.25390625,-0.37109375
31483,1.240234375,1.26953125,-0.244140625,-0.37109375
31484,1.298828125,1.1328125,-0.17578125,-0.37109375
31485,1.23046875,1.0546875,-0.21484375,-0.37109375
31486,1.26953125,1.09375,-0.263671875,-0.390625
31487,1.3671875,1.15234375,-0.234375,-0.439453125
31488,1.25,1.11328125,-0.3515625,-0.41015625
31489,1.30859375,1.11328125,-0.302734375,-0.439453125
31490,1.162109375,1.083984375,-0.263671875,-0.390625
31491,1.25,1.103515625,-0.17578125,-0.3125
31492,1.328125,1.0546875,-0.283203125,-0.37109375
31493,1.298828125,1.1328125,-0.21484375,-0.595703125
31494,1.2109375,1.083984375,-0.17578125,-0.41015625
31495,1.240234375,1.0546875,-0.185546875,-0.390625
31496,1.26953125,1.0546875,-0.21484375,-0.400390625
31497,1.279296875,1.11328125,-0.263671875,-0.29296875
31498,1.357421875,1.083984375,-0.13671875,-0.322265625
31499,1.455078125,1.09375,-0.2734375,-0.439453125
31500,1.240234375,1.1328125,-0.263671875,-0.283203125
31501,1.318359375,1.015625,-0.2734375,-0.1953125
31502,1.25,1.0546875,-0.29296875,-0.380859375
31503,1.40625,1.09375,-0.185546875,-0.41015625
31504,1.38671875,1.103515625,-0.1953125,-0.41015625
31505,1.34765625,1.162109375,-0.25390625,-0.361328125
31506,1.25,1.123046875,-0.25390625,-0.380859375
31507,1.30859375,1.171875,-0.224609375,-0.33203125
31508,1.3671875,0.986328125,-0.263671875,-0.361328125
31509,1.298828125,1.103515625,-0.21484375,-0.439453125
31510,1.279296875,1.26953125,-0.205078125,-0.380859375
31511,1.2890625,1.07421875,-0.17578125,-0.302734375
31512,1.201171875,1.09375,-0.244140625,-0.341796875
31513,1.181640625,1.11328125,-0.29296875,-0.341796875
31514,1.25,1.005859375,-0.166015625,-0.5078125
31515,1.123046875,1.083984375,-0.13671875,-0.33203125
31516,1.11328125,1.11328125,-0.2734375,-0.33203125
31517,1.376953125,1.025390625,-0.1953125,-0.498046875
31518,1.201171875,1.19140625,-0.21484375,-0.439453125
31519,1.142578125,1.123046875,-0.244140625,-0.3125
31520,1.279296875,1.15234375,-0.234375,-0.41015625
31521,1.19140625,1.09375,-0.2734375,-0.25390625
31522,1.240234375,1.2109375,-0.234375,-0.419921875
31523,1.181640625,1.142578125,-0.21484375,-0.322265625
31524,1.201171875,1.083984375,-0.244140625,-0.46875
31525,1.15234375,1.162109375,-0.185546875,-0.3515625
31526,1.2109375,1.2890625,-0.166015625,-0.4296875
31527,1.171875,1.15234375,-0.322265625,-0.478515625
31528,1.220703125,1.11328125,-0.29296875,-0.380859375
31529,1.23046875,1.201171875,-0.234375,-0.41015625
31530,1.298828125,1.123046875,-0.263671875,-0.41015625
31531,1.38671875,1.0546875,-0.234375,-0.283203125
31532,1.19140625,1.015625,-0.205078125,-0.3515625
31533,1.19140625,1.0546875,-0.234375,-0.361328125
31534,1.25,1.064453125,-0.234375,-0.263671875
31535,1.2890625,1.07421875,-0.380859375,-0.341796875
31536,1.123046875,1.083984375,-0.205078125,-0.5078125
31537,1.171875,1.09375,-0.390625,-0.29296875
31538,1.220703125,1.09375,-0.185546875,-0.25390625
31539,1.171875,1.07421875,-0.205078125,-0.322265625
31540,1.220703125,1.07421875,-0.29296875,-0.2734375
31541,1.181640625,0.888671875,-0.21484375,-0.29296875
31542,1.220703125,1.0546875,-0.244140625,-0.341796875
31543,1.23046875,1.064453125,-0.302734375,-0.244140625
31544,1.19140625,1.07421875,-0.25390625,-0.302734375
31545,1.162109375,1.142578125,-0.263671875,-0.234375
31546,1.07421875,1.142578125,-0.1953125,-0.380859375
31547,1.162109375,1.025390625,-0.244140625,-0.439453125
31548,1.259765625,1.083984375,-0.302734375,-0.33203125
31549,1.162109375,1.025390625,-0.244140625,-0.37109375
31550,1.26953125,1.03515625,-0.205078125,-0.185546875
31551,1.23046875,0.986328125,-0.244140625,-0.224609375
31552,1.259765625,0.99609375,-0.244140625,-0.29296875
31553,1.083984375,1.005859375,-0.17578125,-0.380859375
31554,1.19140625,1.083984375,-0.283203125,-0.44921875
31555,1.181640625,1.015625,-0.224609375,-0.419921875
31556,1.318359375,0.9765625,-0.380859375,-0.29296875
31557,1.171875,1.07421875,-0.17578125,-0.283203125
31558,1.19140625,0.99609375,-0.3125,-0.322265625
31559,1.240234375,1.005859375,-0.15625,-0.322265625
31560,1.181640625,1.064453125,-0.234375,-0.263671875
31561,1.201171875,1.123046875,-0.3125,-0.263671875
31562,1.15234375,1.07421875,-0.322265625,-0.1953125
31563,1.220703125,1.123046875,-0.1953125,-0.146484375
31564,1.083984375,0.986328125,-0.15625,-0.29296875
31565,1.318359375,1.07421875,-0.244140625,-0.283203125
31566,1.201171875,1.0546875,-0.234375,-0.205078125
31567,1.318359375,1.025390625,-0.302734375,-0.263671875
31568,1.40625,0.927734375,-0.244140625,-0.25390625
31569,1.318359375,1.07421875,-0.185546875,-0.25390625
31570,1.34765625,1.142578125,-0.244140625,-0.341796875
31571,1.30859375,1.07421875,-0.224609375,-0.263671875
31572,1.142578125,1.19140625,-0.302734375,-0.322265625
31573,1.328125,1.11328125,-0.25390625,-0.33203125
31574,1.2109375,1.162109375,-0.361328125,-0.224609375
31575,1.2109375,0.99609375,-0.146484375,-0.1171875
31576,1.19140625,1.083984375,-0.283203125,-0.458984375
31577,1.181640625,1.083984375,-0.126953125,-0.224609375
31578,1.318359375,1.09375,-0.205078125,-0.13671875
31579,1.25,1.07421875,-0.3125,-0.1953125
31580,1.123046875,1.07421875,-0.400390625,-0.25390625
31581,1.259765625,0.810546875,-0.361328125,-0.224609375
31582,1.19140625,1.1328125,-0.302734375,-0.3515625
31583,1.142578125,1.044921875,-0.205078125,-0.166015625
31584,1.240234375,1.07421875,-0.244140625,-0.283203125
31585,1.30859375,1.0546875,-0.13671875,-0.234375
31586,1.279296875,1.1328125,-0.21484375,-0.2734375
31587,1.26953125,1.005859375,-0.2734375,-0.25390625
31588,1.25,1.1328125,-0.185546875,-0.322265625
31589,1.240234375,1.103515625,-0.3125,-0.244140625
31590,1.171875,0.95703125,-0.302734375,-0.234375
31591,1.15234375,1.123046875,-0.263671875,-0.25390625
31592,1.2890625,1.15234375,-0.283203125,-0.205078125
31593,1.220703125,1.220703125,-0.322265625,-0.234375
31594,1.26953125,1.171875,-0.498046875,-0.322265625
31595,1.19140625,1.171875,-0.322265625,-0.25390625
31596,1.240234375,1.044921875,-0.234375,-0.29296875
31597,1.337890625,1.0546875,-0.400390625,-0.33203125
31598,1.23046875,1.09375,-0.2734375,-0.244140625
31599,1.2109375,1.09375,-0.33203125,-0.25390625
31600,1.201171875,1.162109375,-0.263671875,-0.3515625
31601,1.171875,1.09375,-0.3515625,-0.2734375
31602,1.15234375,1.11328125,-0.341796875,-0.283203125
31603,1.220703125,1.15234375,-0.46875,-0.322265625
31604,1.201171875,1.083984375,-0.283203125,-0.25390625
31605,1.201171875,1.0546875,-0.48828125,-0.25390625
31606,1.15234375,1.07421875,-0.400390625,-0.146484375
31607,1.240234375,1.15234375,-0.33203125,-0.3125
31608,1.2890625,1.09375,-0.4296875,-0.3515625
31609,1.103515625,1.044921875,-0.29296875,-0.224609375
31610,1.25,1.1328125,-0.29296875,-0.244140625
31611,1.259765625,1.15234375,-0.37109375,-0.29296875
31612,1.23046875,1.142578125,-0.322265625,-0.302734375
31613,1.0546875,1.03515625,-0.4296875,-0.3125
31614,1.19140625,0.986328125,-0.419921875,-0.1953125
31615,1.201171875,1.142578125,-0.37109375,-0.15625
31616,1.220703125,1.123046875,-0.37109375,-0.234375
31617,1.162109375,1.103515625,-0.37109375,-0.263671875
31618,1.181640625,1.19140625,-0.283203125,-0.244140625
31619,1.09375,1.044921875,-0.263671875,-0.25390625
31620,1.298828125,1.064453125,-0.390625,-0.21484375
31621,1.25,1.083984375,-0.41015625,-0.166015625
31622,1.15234375,1.103515625,-0.244140625,-0.33203125
31623,1.298828125,1.19140625,-0.380859375,-0.283203125
31624,1.171875,1.2109375,-0.234375,-0.166015625
31625,1.2890625,1.1328125,-0.2734375,-0.390625
31626,1.11328125,1.03515625,-0.322265625,-0.234375
31627,1.171875,1.0546875,-0.3125,-0.29296875
31628,1.23046875,1.044921875,-0.283203125,-0.322265625
31629,1.26953125,1.123046875,-0.3515625,-0.302734375
31630,1.181640625,0.927734375,-0.29296875,-0.302734375
31631,1.142578125,1.162109375,-0.341796875,-0.224609375
31632,1.171875,1.201171875,-0.302734375,-0.25390625
31633,1.09375,1.19140625,-0.3125,-0.2734375
31634,1.171875,1.171875,-0.380859375,-0.419921875
31635,1.162109375,1.201171875,-0.3515625,-0.322265625
31636,1.220703125,1.2109375,-0.1953125,-0.234375
31637,1.2109375,1.15234375,-0.224609375,-0.3515625
31638,1.162109375,1.015625,-0.25390625,-0.283203125
31639,1.11328125,0.9765625,-0.341796875,-0.068359375
31640,1.23046875,1.123046875,-0.3515625,-0.234375
31641,1.2109375,1.1328125,-0.1953125,-0.2734375
31642,1.162109375,1.142578125,-0.2734375,-0.302734375
31643,1.240234375,1.19140625,-0.2734375,-0.234375
31644,1.259765625,1.15234375,-0.224609375,-0.1953125
31645,1.220703125,1.181640625,-0.2734375,-0.1953125
31646,1.123046875,1.044921875,-0.1953125,-0.1953125
31647,1.25,1.0546875,-0.166015625,-0.244140625
31648,1.15234375,0.99609375,-0.302734375,-0.283203125
31649,1.259765625,1.11328125,-0.234375,-0.17578125
31650,1.142578125,1.19140625,-0.234375,-0.263671875
31651,1.201171875,1.142578125,-0.3515625,-0.33203125
31652,1.240234375,1.09375,-0.244140625,-0.400390625
31653,1.2890625,1.03515625,-0.1953125,-0.263671875
31654,1.34765625,1.318359375,-0.234375,-0.283203125
31655,1.220703125,1.025390625,-0.322265625,-0.244140625
31656,1.328125,1.09375,-0.283203125,-0.25390625
31657,1.2109375,1.0546875,-0.341796875,-0.17578125
31658,1.19140625,1.171875,-0.400390625,-0.2734375
31659,1.298828125,1.083984375,-0.341796875,-0.29296875
31660,1.26953125,1.025390625,-0.25390625,-0.25390625
31661,1.2890625,1.09375,-0.380859375,-0.234375
31662,1.328125,1.1328125,-0.2734375,-0.21484375
31663,1.2109375,1.19140625,-0.21484375,-0.302734375
31664,1.2890625,1.142578125,-0.322265625,-0.390625
31665,1.376953125,1.1328125,-0.3515625,-0.25390625
31666,1.30859375,1.015625,-0.302734375,-0.205078125
31667,1.298828125,1.11328125,-0.33203125,-0.2734375
31668,1.279296875,1.07421875,-0.390625,-0.185546875
31669,1.318359375,1.19140625,-0.2734375,-0.302734375
31670,1.328125,1.005859375,-0.25390625,-0.4296875
31671,1.23046875,1.123046875,-0.29296875,-0.33203125
31672,1.259765625,1.083984375,-0.25390625,-0.3515625
31673,1.25,1.064453125,-0.302734375,-0.17578125
31674,1.162109375,1.09375,-0.1953125,-0.361328125
31675,1.26953125,1.23046875,-0.3515625,-0.302734375
31676,1.2890625,1.11328125,-0.322265625,-0.17578125
31677,1.259765625,1.181640625,-0.302734375,-0.37109375
31678,1.240234375,1.09375,-0.234375,-0.3125
31679,1.240234375,1.220703125,-0.166015625,-0.3125
31680,1.240234375,1.083984375,-0.263671875,-0.224609375
31681,1.201171875,1.083984375,-0.3125,-0.283203125
31682,1.23046875,1.11328125,-0.283203125,-0.48828125
31683,1.171875,1.09375,-0.390625,-0.21484375
31684,1.259765625,1.19140625,-0.283203125,-0.283203125
31685,1.240234375,1.064453125,-0.439453125,-0.263671875
31686,1.083984375,1.201171875,-0.21484375,-0.205078125
31687,1.19140625,1.162109375,-0.341796875,-0.283203125
31688,1.25,1.201171875,-0.263671875,-0.205078125
31689,1.298828125,1.1328125,-0.341796875,-0.458984375
31690,1.328125,1.142578125,-0.3125,-0.263671875
31691,1.279296875,1.181640625,-0.244140625,-0.37109375
31692,1.40625,1.201171875,-0.37109375,-0.29296875
31693,1.328125,1.298828125,-0.263671875,-0.29296875
31694,1.259765625,1.15234375,-0.185546875,-0.185546875
31695,1.279296875,1.142578125,-0.322265625,-0.13671875
31696,1.396484375,1.2109375,-0.15625,-0.224609375
31697,1.2890625,1.142578125,-0.283203125,-0.322265625
31698,1.328125,1.181640625,-0.3125,-0.33203125
31699,1.1328125,0.9375,-0.322265625,-0.29296875
31700,1.34765625,0.9375,-0.185546875,-0.302734375
31701,1.142578125,1.1328125,-0.2734375,-0.380859375
31702,1.201171875,1.103515625,-0.302734375,-0.283203125
31703,1.2890625,1.123046875,-0.390625,-0.224609375
31704,1.25,1.103515625,-0.302734375,-0.205078125
31705,1.38671875,0.986328125,-0.3515625,-0.29296875
31706,1.2890625,1.0546875,-0.244140625,-0.3125
31707,1.25,1.07421875,-0.361328125,-0.29296875
31708,1.279296875,1.103515625,-0.302734375,-0.322265625
31709,1.162109375,1.09375,-0.29296875,-0.302734375
31710,1.181640625,1.103515625,-0.234375,-0.322265625
31711,1.337890625,1.240234375,-0.17578125,-0.29296875
31712,1.19140625,0.947265625,-0.361328125,-0.341796875
31713,1.26953125,1.171875,-0.302734375,-0.25390625
31714,1.240234375,1.064453125,-0.29296875,-0.341796875
31715,1.25,1.162109375,-0.3125,-0.302734375
31716,1.2890625,1.0546875,-0.263671875,-0.224609375
31717,1.2890625,1.07421875,-0.302734375,-0.25390625
31718,1.23046875,0.91796875,-0.283203125,-0.302734375
31719,1.19140625,1.09375,-0.2734375,-0.1953125
31720,1.279296875,1.09375,-0.244140625,-0.224609375
31721,1.103515625,1.142578125,-0.25390625,-0.390625
31722,1.2109375,1.07421875,-0.263671875,-0.29296875
31723,1.298828125,1.0546875,-0.244140625,-0.25390625
31724,1.171875,1.09375,-0.263671875,-0.361328125
31725,1.26953125,1.07421875,-0.29296875,-0.302734375
31726,1.201171875,1.181640625,-0.2734375,-0.302734375
31727,1.171875,1.123046875,-0.322265625,-0.3125
31728,1.15234375,1.19140625,-0.244140625,-0.400390625
31729,1.26953125,1.259765625,-0.263671875,-0.33203125
31730,1.220703125,1.1328125,-0.37109375,-0.3125
31731,1.259765625,1.220703125,-0.283203125,-0.1171875
31732,1.1328125,1.240234375,-0.390625,-0.283203125
31733,1.181640625,1.220703125,-0.37109375,-0.302734375
31734,1.220703125,1.2109375,-0.302734375,-0.15625
31735,1.2109375,1.23046875,-0.390625,-0.3515625
31736,1.15234375,1.240234375,-0.37109375,-0.341796875
31737,1.162109375,1.25,-0.390625,-0.283203125
31738,1.26953125,1.162109375,-0.37109375,-0.341796875
31739,1.38671875,1.220703125,-0.380859375,-0.37109375
31740,1.240234375,1.044921875,-0.3125,-0.458984375
31741,1.25,1.2890625,-0.3125,-0.234375
31742,1.25,0.99609375,-0.185546875,-0.400390625
31743,1.171875,1.240234375,-0.3125,-0.478515625
31744,1.19140625,1.181640625,-0.21484375,-0.439453125
31745,1.26953125,1.2109375,-0.224609375,-0.439453125
31746,1.376953125,1.19140625,-0.205078125,-0.56640625
31747,1.19140625,1.2890625,-0.25390625,-0.4296875
31748,1.2890625,1.15234375,-0.390625,-0.361328125
31749,1.279296875,1.259765625,-0.25390625,-0.400390625
31750,1.2890625,1.279296875,-0.25390625,-0.29296875
31751,1.19140625,1.162109375,-0.146484375,-0.419921875
31752,1.2109375,1.259765625,-0.322265625,-0.390625
31753,1.2109375,1.259765625,-0.234375,-0.400390625
31754,1.2109375,1.25,-0.37109375,-0.4296875
31755,1.142578125,1.064453125,-0.3515625,-0.400390625
31756,1.30859375,1.240234375,-0.15625,-0.41015625
31757,1.357421875,1.259765625,-0.205078125,-0.44921875
31758,1.1328125,1.15234375,-0.3515625,-0.341796875
31759,1.142578125,1.162109375,-0.2734375,-0.283203125
31760,1.34765625,1.2109375,-0.1171875,-0.5078125
31761,1.34765625,1.259765625,-0.2734375,-0.5078125
31762,1.181640625,1.11328125,-0.25390625,-0.2734375
31763,1.357421875,1.15234375,-0.17578125,-0.44921875
31764,1.23046875,1.181640625,-0.224609375,-0.537109375
31765,1.25,1.103515625,-0.25390625,-0.41015625
31766,1.220703125,1.09375,-0.2734375,-0.41015625
31767,1.259765625,1.201171875,-0.2734375,-0.33203125
31768,1.171875,1.23046875,-0.205078125,-0.390625
31769,1.2890625,1.201171875,-0.29296875,-0.33203125
31770,1.328125,1.181640625,-0.29296875,-0.478515625
31771,1.298828125,1.220703125,-0.25390625,-0.498046875
31772,1.26953125,1.171875,-0.341796875,-0.390625
31773,1.38671875,0.986328125,-0.234375,-0.380859375
31774,1.26953125,1.142578125,-0.341796875,-0.341796875
31775,1.19140625,1.201171875,-0.302734375,-0.380859375
31776,1.26953125,1.220703125,-0.17578125,-0.517578125
31777,1.328125,1.23046875,-0.1953125,-0.390625
31778,1.2890625,1.2109375,-0.322265625,-0.498046875
31779,1.328125,1.220703125,-0.390625,-0.37109375
31780,1.23046875,1.181640625,-0.322265625,-0.46875
31781,1.30859375,1.220703125,-0.29296875,-0.400390625
31782,1.34765625,1.26953125,-0.361328125,-0.33203125
31783,1.396484375,1.142578125,-0.322265625,-0.33203125
31784,1.279296875,1.15234375,-0.2734375,-0.361328125
31785,1.23046875,1.23046875,-0.29296875,-0.419921875
31786,1.25,1.11328125,-0.21484375,-0.498046875
31787,1.240234375,1.103515625,-0.21484375,-0.37109375
31788,1.2109375,1.298828125,-0.322265625,-0.361328125
31789,1.220703125,1.181640625,-0.3125,-0.15625
31790,1.181640625,1.19140625,-0.205078125,-0.4296875
31791,1.25,1.15234375,-0.29296875,-0.390625
31792,1.171875,1.1328125,-0.263671875,-0.33203125
31793,1.240234375,1.181640625,-0.13671875,-0.341796875
31794,1.19140625,1.162109375,-0.244140625,-0.3125
31795,1.25,1.15234375,-0.224609375,-0.56640625
31796,1.171875,1.162109375,-0.2734375,-0.390625
31797,1.1328125,1.103515625,-0.25390625,-0.361328125
31798,1.171875,1.19140625,-0.302734375,-0.400390625
31799,1.201171875,1.2109375,-0.283203125,-0.341796875
31800,1.2109375,1.09375,-0.21484375,-0.41015625
31801,1.240234375,1.123046875,-0.205078125,-0.3515625
31802,1.162109375,1.15234375,-0.2734375,-0.390625
31803,1.396484375,1.25,-0.205078125,-0.44921875
31804,1.26953125,1.357421875,-0.2734375,-0.478515625
31805,1.328125,1.23046875,-0.244140625,-0.5078125
31806,1.240234375,1.201171875,-0.224609375,-0.4296875
31807,1.298828125,1.142578125,-0.205078125,-0.458984375
31808,1.2109375,1.11328125,-0.29296875,-0.302734375
31809,1.279296875,1.015625,-0.263671875,-0.4296875
31810,1.259765625,1.23046875,-0.05859375,-0.458984375
31811,1.50390625,1.07421875,-0.13671875,-0.400390625
31812,1.171875,1.328125,-0.263671875,-0.478515625
31813,1.25,1.015625,-0.29296875,-0.390625
31814,1.2890625,1.03515625,-0.283203125,-0.322265625
31815,1.19140625,1.025390625,-0.21484375,-0.400390625
31816,1.220703125,0.966796875,-0.146484375,-0.498046875
31817,1.298828125,1.1328125,-0.1171875,-0.48828125
31818,1.26953125,1.123046875,-0.17578125,-0.3515625
31819,1.3671875,1.15234375,-0.21484375,-0.458984375
31820,1.240234375,1.171875,-0.166015625,-0.341796875
31821,1.376953125,1.064453125,-0.234375,-0.361328125
31822,1.26953125,1.123046875,-0.263671875,-0.419921875
31823,1.201171875,1.09375,-0.322265625,-0.44921875
31824,1.259765625,1.171875,-0.166015625,-0.400390625
31825,1.201171875,1.25,-0.263671875,-0.3515625
31826,1.25,1.1328125,-0.29296875,-0.46875
31827,1.26953125,1.1328125,-0.302734375,-0.41015625
31828,1.240234375,1.162109375,-0.302734375,-0.390625
31829,1.09375,1.201171875,-0.21484375,-0.400390625
31830,1.42578125,1.07421875,-0.33203125,-0.390625
31831,1.181640625,1.083984375,-0.33203125,-0.380859375
31832,1.19140625,1.19140625,-0.244140625,-0.458984375
31833,1.142578125,1.142578125,-0.244140625,-0.4296875
31834,1.2109375,1.083984375,-0.15625,-0.44921875
31835,1.201171875,1.15234375,-0.205078125,-0.48828125
31836,1.181640625,1.142578125,-0.166015625,-0.33203125
31837,1.171875,1.11328125,-0.21484375,-0.37109375
31838,1.201171875,1.142578125,-0.13671875,-0.439453125
31839,1.23046875,1.201171875,-0.234375,-0.380859375
31840,1.220703125,1.07421875,-0.3125,-0.37109375
31841,1.09375,1.103515625,-0.17578125,-0.322265625
31842,1.123046875,1.220703125,-0.17578125,-0.37109375
31843,1.240234375,1.1328125,-0.224609375,-0.419921875
31844,1.103515625,1.142578125,-0.25390625,-0.2734375
31845,1.259765625,1.25,-0.107421875,-0.41015625
31846,1.201171875,1.1328125,-0.244140625,-0.37109375
31847,1.123046875,1.19140625,-0.263671875,-0.3515625
31848,1.240234375,1.240234375,-0.2734375,-0.3515625
31849,1.103515625,1.142578125,-0.263671875,-0.390625
31850,1.083984375,1.2109375,-0.146484375,-0.29296875
31851,1.298828125,1.259765625,-0.25390625,-0.166015625
31852,1.15234375,1.1328125,-0.263671875,-0.400390625
31853,1.171875,1.07421875,-0.224609375,-0.341796875
31854,1.171875,1.181640625,-0.29296875,-0.380859375
31855,1.162109375,1.11328125,-0.244140625,-0.361328125
31856,1.220703125,1.1328125,-0.33203125,-0.44921875
31857,1.318359375,1.083984375,-0.361328125,-0.458984375
31858,1.23046875,1.298828125,-0.1953125,-0.380859375
31859,1.259765625,1.15234375,-0.37109375,-0.341796875
31860,1.181640625,1.09375,-0.166015625,-0.390625
31861,1.2109375,1.19140625,-0.185546875,-0.341796875
31862,1.240234375,1.142578125,-0.21484375,-0.419921875
31863,1.19140625,1.09375,-0.21484375,-0.390625
31864,1.337890625,1.064453125,-0.283203125,-0.390625
31865,1.240234375,1.220703125,-0.25390625,-0.390625
31866,1.220703125,1.07421875,-0.322265625,-0.458984375
31867,1.220703125,0.9375,-0.244140625,-0.46875
31868,1.279296875,1.044921875,-0.244140625,-0.458984375
31869,1.25,1.11328125,-0.283203125,-0.46875
31870,1.220703125,0.947265625,-0.25390625,-0.48828125
31871,1.396484375,1.1328125,-0.126953125,-0.3125
31872,1.34765625,1.162109375,-0.29296875,-0.390625
31873,1.298828125,1.1328125,-0.2734375,-0.498046875
31874,1.318359375,1.07421875,-0.244140625,-0.478515625
31875,1.23046875,1.11328125,-0.1953125,-0.44921875
31876,1.279296875,1.1328125,-0.361328125,-0.341796875
31877,1.25,1.083984375,-0.322265625,-0.439453125
31878,1.23046875,1.142578125,-0.1953125,-0.498046875
31879,1.298828125,1.142578125,-0.33203125,-0.400390625
31880,1.328125,1.2109375,-0.09765625,-0.33203125
31881,1.259765625,1.1328125,-0.25390625,-0.380859375
31882,1.240234375,1.083984375,-0.15625,-0.3515625
31883,1.34765625,1.0546875,-0.224609375,-0.400390625
31884,1.19140625,1.123046875,-0.185546875,-0.2734375
31885,1.416015625,1.09375,-0.21484375,-0.400390625
31886,1.25,1.103515625,-0.25390625,-0.302734375
31887,1.26953125,1.181640625,-0.166015625,-0.458984375
31888,1.357421875,1.123046875,-0.234375,-0.400390625
31889,1.298828125,1.044921875,-0.2734375,-0.44921875
31890,1.30859375,1.142578125,-0.1953125,-0.4296875
31891,1.376953125,1.0546875,-0.263671875,-0.390625
31892,1.34765625,1.1328125,-0.224609375,-0.41015625
31893,1.298828125,1.103515625,-0.234375,-0.41015625
31894,1.328125,1.083984375,-0.244140625,-0.46875
31895,1.337890625,1.181640625,-0.263671875,-0.4296875
31896,1.220703125,1.09375,-0.17578125,-0.498046875
31897,1.357421875,1.025390625,-0.224609375,-0.419921875
31898,1.279296875,1.11328125,-0.1171875,-0.458984375
31899,1.259765625,1.044921875,-0.244140625,-0.37109375
31900,1.30859375,1.044921875,-0.25390625,-0.380859375
31901,1.30859375,1.181640625,-0.25390625,-0.37109375
31902,1.328125,1.11328125,-0.3125,-0.2734375
31903,1.34765625,1.11328125,-0.224609375,-0.37109375
31904,1.103515625,1.1328125,-0.25390625,-0.44921875
31905,1.318359375,1.162109375,-0.234375,-0.41015625
31906,1.416015625,1.07421875,-0.126953125,-0.3515625
31907,1.279296875,1.162109375,-0.21484375,-0.3515625
31908,1.376953125,1.171875,-0.244140625,-0.37109375
31909,1.220703125,0.9765625,-0.15625,-0.3515625
31910,1.279296875,1.142578125,-0.205078125,-0.380859375
31911,1.34765625,1.142578125,-0.1953125,-0.2734375
31912,1.337890625,1.162109375,-0.13671875,-0.361328125
31913,1.3671875,1.142578125,-0.1953125,-0.390625
31914,1.2890625,1.1328125,-0.078125,-0.4296875
31915,1.337890625,1.123046875,-0.205078125,-0.322265625
31916,1.318359375,1.142578125,-0.0390625,-0.439453125
31917,1.435546875,1.09375,-0.205078125,-0.37109375
31918,1.26953125,1.11328125,-0.234375,-0.29296875
31919,1.376953125,1.162109375,-0.166015625,-0.439453125
31920,1.30859375,1.2109375,-0.25390625,-0.3515625
31921,1.416015625,1.142578125,-0.283203125,-0.37109375
31922,1.318359375,1.201171875,-0.15625,-0.37109375
31923,1.376953125,1.142578125,-0.1953125,-0.37109375
31924,1.298828125,1.15234375,-0.166015625,-0.517578125
31925,1.25,1.09375,-0.224609375,-0.390625
31926,1.2890625,1.142578125,-0.1953125,-0.390625
31927,1.26953125,1.15234375,-0.1953125,-0.341796875
31928,1.25,1.171875,-0.244140625,-0.380859375
31929,1.171875,1.171875,-0.146484375,-0.29296875
31930,1.162109375,1.2109375,-0.21484375,-0.400390625
31931,1.259765625,1.201171875,-0.166015625,-0.390625
31932,1.181640625,1.162109375,-0.17578125,-0.390625
31933,1.318359375,1.11328125,-0.185546875,-0.56640625
31934,1.30859375,0.927734375,-0.234375,-0.361328125
31935,1.2890625,1.162109375,-0.205078125,-0.33203125
31936,1.279296875,1.142578125,-0.13671875,-0.302734375
31937,1.201171875,1.171875,-0.1171875,-0.37109375
31938,1.220703125,0.927734375,-0.1953125,-0.419921875
31939,1.298828125,1.15234375,-0.087890625,-0.419921875
31940,1.30859375,1.0546875,-0.0390625,-0.29296875
31941,1.279296875,1.2109375,-0.205078125,-0.29296875
31942,1.26953125,1.064453125,-0.17578125,-0.3125
31943,1.162109375,1.142578125,-0.068359375,-0.33203125
31944,1.25,1.083984375,-0.166015625,-0.4296875
31945,1.30859375,1.1328125,-0.146484375,-0.390625
31946,1.181640625,0.966796875,-0.09765625,-0.41015625
31947,1.26953125,1.1328125,0.009765625,-0.400390625
31948,1.259765625,1.162109375,-0.21484375,-0.361328125
31949,1.171875,1.15234375,-0.205078125,-0.458984375
31950,1.162109375,1.19140625,-0.205078125,-0.341796875
31951,1.298828125,1.162109375,-0.283203125,-0.341796875
31952,1.357421875,0.986328125,-0.21484375,-0.390625
31953,1.142578125,1.025390625,-0.263671875,-0.41015625
31954,1.162109375,1.19140625,-0.263671875,-0.21484375
31955,1.220703125,1.07421875,-0.1953125,-0.44921875
31956,1.2109375,1.11328125,-0.263671875,-0.458984375
31957,1.23046875,1.0546875,-0.205078125,-0.41015625
31958,1.123046875,1.0546875,-0.3125,-0.380859375
31959,1.279296875,1.11328125,-0.2734375,-0.341796875
31960,1.25,1.064453125,-0.1953125,-0.400390625
31961,1.064453125,1.15234375,-0.205078125,-0.56640625
31962,1.1328125,1.19140625,-0.25390625,-0.41015625
31963,1.2109375,1.09375,-0.21484375,-0.078125
31964,1.2109375,1.025390625,-0.13671875,-0.361328125
31965,1.064453125,0.966796875,-0.21484375,-0.302734375
31966,1.2109375,1.083984375,-0.185546875,-0.341796875
31967,1.19140625,0.99609375,-0.3125,-0.33203125
31968,1.11328125,1.015625,-0.1953125,-0.4296875
31969,1.259765625,1.064453125,-0.234375,-0.390625
31970,1.240234375,1.025390625,-0.17578125,-0.29296875
31971,1.279296875,1.083984375,-0.244140625,-0.33203125
31972,1.171875,0.99609375,-0.3515625,-0.224609375
31973,1.25,1.025390625,-0.263671875,-0.283203125
31974,1.259765625,1.083984375,-0.234375,-0.29296875
31975,1.220703125,1.025390625,-0.21484375,-0.361328125
31976,1.2109375,1.083984375,-0.17578125,-0.3515625
31977,1.11328125,0.9375,-0.322265625,-0.439453125
31978,1.259765625,1.015625,-0.25390625,-0.224609375
31979,1.34765625,1.044921875,-0.205078125,-0.33203125
31980,1.19140625,1.103515625,-0.17578125,-0.302734375
31981,1.240234375,1.044921875,-0.234375,-0.3125
31982,1.15234375,1.015625,-0.25390625,-0.400390625
31983,1.162109375,1.025390625,-0.263671875,-0.3515625
31984,1.19140625,1.005859375,-0.205078125,-0.244140625
31985,1.23046875,1.09375,-0.33203125,-0.37109375
31986,1.11328125,1.015625,-0.224609375,-0.361328125
31987,1.220703125,1.03515625,-0.341796875,-0.380859375
31988,1.2109375,1.0546875,-0.224609375,-0.46875
31989,1.0546875,1.15234375,-0.234375,-0.3125
31990,1.19140625,1.064453125,-0.25390625,-0.361328125
31991,1.220703125,0.986328125,-0.234375,-0.4296875
31992,1.279296875,1.181640625,-0.1953125,-0.3125
31993,1.171875,1.142578125,-0.21484375,-0.283203125
31994,1.083984375,1.1328125,-0.21484375,-0.15625
31995,1.240234375,1.015625,-0.21484375,-0.29296875
31996,1.25,1.0546875,-0.3125,-0.25390625
31997,1.25,1.07421875,-0.302734375,-0.224609375
31998,1.240234375,1.015625,-0.205078125,-0.244140625
31999,1.328125,1.25,-0.234375,-0.09765625
32000,1.2890625,1.064453125,-0.244140625,-0.17578125
32001,1.15234375,0.859375,-0.302734375,-0.234375
32002,1.25,1.07421875,-0.21484375,-0.302734375
32003,1.15234375,1.09375,-0.25390625,-0.185546875
32004,1.2109375,1.162109375,-0.224609375,-0.33203125
32005,1.240234375,1.09375,-0.224609375,-0.21484375
32006,1.181640625,1.1328125,-0.302734375,-0.17578125
32007,1.30859375,1.083984375,-0.263671875,-0.263671875
32008,1.34765625,1.0546875,-0.224609375,-0.224609375
32009,1.171875,1.083984375,-0.41015625,-0.224609375
32010,1.162109375,1.015625,-0.2734375,-0.25390625
32011,1.279296875,1.11328125,-0.263671875,-0.1953125
32012,1.162109375,0.9765625,-0.25390625,-0.302734375
32013,1.240234375,0.99609375,-0.146484375,-0.263671875
32014,1.15234375,1.123046875,-0.13671875,-0.263671875
32015,1.181640625,1.09375,-0.21484375,-0.33203125
32016,1.259765625,1.044921875,-0.185546875,-0.107421875
32017,1.259765625,1.044921875,-0.37109375,-0.33203125
32018,1.181640625,1.07421875,-0.283203125,-0.341796875
32019,1.298828125,1.09375,-0.2734375,-0.234375
32020,1.259765625,0.9765625,-0.419921875,-0.25390625
32021,1.298828125,1.044921875,-0.25390625,-0.2734375
32022,1.220703125,1.09375,-0.283203125,-0.3515625
32023,1.201171875,1.201171875,-0.29296875,-0.21484375
32024,1.2890625,1.015625,-0.3125,-0.166015625
32025,1.30859375,1.083984375,-0.17578125,-0.234375
32026,1.171875,1.19140625,-0.25390625,-0.244140625
32027,1.15234375,1.083984375,-0.25390625,-0.302734375
32028,1.259765625,1.083984375,-0.224609375,-0.322265625
32029,1.1328125,1.03515625,-0.341796875,-0.25390625
32030,1.240234375,1.07421875,-0.322265625,-0.283203125
32031,1.240234375,1.11328125,-0.29296875,-0.263671875
32032,1.240234375,1.103515625,-0.3515625,-0.341796875
32033,1.162109375,1.083984375,-0.419921875,-0.3515625
32034,1.220703125,1.005859375,-0.3125,-0.37109375
32035,1.259765625,1.044921875,-0.234375,-0.205078125
32036,1.26953125,0.8984375,-0.322265625,-0.25390625
32037,1.2109375,1.083984375,-0.33203125,-0.302734375
32038,1.25,1.07421875,-0.390625,-0.244140625
32039,1.09375,1.03515625,-0.29296875,-0.302734375
32040,1.259765625,1.064453125,-0.302734375,-0.224609375
32041,1.201171875,1.103515625,-0.234375,-0.224609375
32042,1.123046875,1.09375,-0.3125,-0.234375
32043,1.2109375,1.123046875,-0.3125,-0.25390625
32044,1.220703125,1.083984375,-0.400390625,-0.29296875
32045,1.220703125,1.162109375,-0.263671875,-0.1953125
32046,1.259765625,1.064453125,-0.244140625,-0.234375
32047,1.25,1.171875,-0.341796875,-0.234375
32048,1.26953125,0.986328125,-0.390625,-0.17578125
32049,1.201171875,1.171875,-0.37109375,-0.283203125
32050,1.142578125,1.083984375,-0.185546875,-0.244140625
32051,1.162109375,1.07421875,-0.166015625,-0.13671875
32052,1.26953125,1.162109375,-0.390625,-0.224609375
32053,1.15234375,1.19140625,-0.4296875,-0.25390625
32054,1.2109375,1.103515625,-0.390625,-0.21484375
32055,1.123046875,1.171875,-0.33203125,-0.2734375
32056,1.142578125,1.26953125,-0.2734375,-0.2734375
32057,1.09375,1.11328125,-0.361328125,-0.263671875
32058,1.162109375,1.1328125,-0.380859375,-0.1953125
32059,1.220703125,1.025390625,-0.322265625,-0.29296875
32060,1.240234375,1.1328125,-0.322265625,-0.283203125
32061,1.19140625,1.123046875,-0.390625,-0.29296875
32062,1.015625,1.220703125,-0.234375,-0.2734375
32063,1.19140625,1.07421875,-0.302734375,-0.224609375
32064,1.220703125,1.142578125,-0.2734375,-0.1953125
32065,1.171875,1.1328125,-0.341796875,-0.283203125
32066,1.220703125,1.171875,-0.2734375,-0.244140625
32067,1.171875,1.09375,-0.3125,-0.244140625
32068,1.083984375,1.11328125,-0.322265625,-0.361328125
32069,1.2109375,1.171875,-0.21484375,-0.3125
32070,1.142578125,1.11328125,-0.37109375,-0.185546875
32071,1.142578125,1.162109375,-0.380859375,-0.3125
32072,1.11328125,1.15234375,-0.341796875,-0.234375
32073,1.181640625,1.162109375,-0.185546875,-0.3125
32074,1.240234375,1.064453125,-0.302734375,-0.244140625
32075,1.19140625,1.123046875,-0.263671875,-0.283203125
32076,1.083984375,1.2109375,-0.244140625,-0.263671875
32077,1.09375,0.908203125,-0.419921875,-0.3515625
32078,1.240234375,1.123046875,-0.361328125,-0.29296875
32079,1.30859375,1.07421875,-0.244140625,-0.244140625
32080,1.23046875,1.03515625,-0.166015625,-0.29296875
32081,1.23046875,1.09375,-0.21484375,-0.302734375
32082,1.201171875,1.044921875,-0.205078125,-0.21484375
32083,1.298828125,0.986328125,-0.126953125,-0.185546875
32084,1.26953125,1.07421875,-0.341796875,-0.263671875
32085,1.19140625,1.11328125,-0.244140625,-0.283203125
32086,1.259765625,1.1328125,-0.2734375,-0.29296875
32087,1.279296875,1.15234375,-0.244140625,-0.25390625
32088,1.318359375,1.123046875,-0.380859375,-0.283203125
32089,1.298828125,1.123046875,-0.33203125,-0.3515625
32090,1.30859375,1.103515625,-0.361328125,-0.322265625
32091,1.337890625,1.07421875,-0.361328125,-0.283203125
32092,1.318359375,1.19140625,-0.283203125,-0.185546875
32093,1.2109375,1.1328125,-0.25390625,-0.29296875
32094,1.220703125,1.064453125,-0.283203125,-0.283203125
32095,1.240234375,1.1328125,-0.322265625,-0.2734375
32096,1.259765625,1.103515625,-0.390625,-0.244140625
32097,1.26953125,1.064453125,-0.3515625,-0.2734375
32098,1.142578125,1.11328125,-0.4296875,-0.322265625
32099,1.279296875,1.11328125,-0.341796875,-0.29296875
32100,1.34765625,1.044921875,-0.322265625,-0.380859375
32101,1.23046875,1.07421875,-0.3125,-0.33203125
32102,1.25,1.09375,-0.322265625,-0.283203125
32103,1.201171875,1.044921875,-0.29296875,-0.166015625
32104,1.201171875,0.986328125,-0.15625,-0.302734375
32105,1.259765625,1.171875,-0.302734375,-0.25390625
32106,1.38671875,1.162109375,-0.29296875,-0.244140625
32107,1.11328125,1.09375,-0.3125,-0.4296875
32108,1.162109375,1.07421875,-0.341796875,-0.29296875
32109,1.15234375,1.142578125,-0.3125,-0.283203125
32110,1.142578125,1.025390625,-0.361328125,-0.341796875
32111,1.240234375,1.11328125,-0.322265625,-0.244140625
32112,1.181640625,1.123046875,-0.234375,-0.322265625
32113,1.240234375,1.005859375,-0.322265625,-0.2734375
32114,1.240234375,1.025390625,-0.41015625,-0.263671875
32115,1.2890625,0.986328125,-0.1953125,-0.166015625
32116,1.181640625,1.15234375,-0.33203125,-0.302734375
32117,1.337890625,1.162109375,-0.3515625,-0.322265625
32118,1.298828125,1.40625,-0.380859375,-0.390625
32119,1.298828125,1.220703125,-0.41015625,-0.29296875
32120,1.298828125,1.123046875,-0.419921875,-0.205078125
32121,1.2890625,1.19140625,-0.341796875,-0.478515625
32122,1.220703125,1.142578125,-0.33203125,-0.146484375
32123,1.328125,1.162109375,-0.419921875,-0.29296875
32124,1.30859375,1.220703125,-0.390625,-0.25390625
32125,1.25,1.11328125,-0.13671875,-0.25390625
32126,1.298828125,1.0546875,-0.3125,-0.283203125
32127,1.171875,1.2109375,-0.283203125,-0.15625
32128,1.279296875,1.123046875,-0.234375,-0.263671875
32129,1.318359375,1.23046875,-0.341796875,-0.419921875
32130,1.30859375,1.083984375,-0.3125,-0.322265625
32131,1.2109375,1.083984375,-0.185546875,-0.33203125
32132,1.23046875,1.09375,-0.244140625,-0.283203125
32133,1.259765625,1.220703125,-0.37109375,-0.234375
32134,1.23046875,1.171875,-0.3515625,-0.439453125
32135,1.337890625,1.103515625,-0.341796875,-0.361328125
32136,1.240234375,1.015625,-0.2734375,-0.29296875
32137,1.240234375,1.11328125,-0.25390625,-0.13671875
32138,1.23046875,1.1328125,-0.37109375,-0.341796875
32139,1.25,1.328125,-0.21484375,-0.244140625
32140,1.25,1.11328125,-0.3125,-0.33203125
32141,1.201171875,1.09375,-0.3125,-0.3125
32142,1.2890625,1.103515625,-0.21484375,-0.3125
32143,1.220703125,1.103515625,-0.224609375,-0.4296875
32144,1.318359375,1.09375,-0.37109375,-0.1953125
32145,1.240234375,1.083984375,-0.205078125,-0.283203125
32146,1.30859375,1.23046875,-0.283203125,-0.419921875
32147,1.25,1.162109375,-0.224609375,-0.29296875
32148,1.171875,1.064453125,-0.234375,-0.41015625
32149,1.171875,1.044921875,-0.234375,-0.2734375
32150,1.220703125,1.083984375,-0.263671875,-0.37109375
32151,1.1328125,1.162109375,-0.29296875,-0.33203125
32152,1.171875,1.07421875,-0.1953125,-0.419921875
32153,1.181640625,1.162109375,-0.2734375,-0.3125
32154,1.19140625,1.015625,-0.322265625,-0.322265625
32155,1.15234375,1.09375,-0.1953125,-0.33203125
32156,1.181640625,1.09375,-0.205078125,-0.322265625
32157,1.2109375,1.103515625,-0.244140625,-0.263671875
32158,1.1328125,1.123046875,-0.283203125,-0.17578125
32159,1.142578125,1.15234375,-0.234375,-0.322265625
32160,1.181640625,1.201171875,-0.21484375,-0.302734375
32161,1.201171875,1.15234375,-0.3125,-0.33203125
32162,1.240234375,1.201171875,-0.244140625,-0.283203125
32163,1.240234375,1.103515625,-0.205078125,-0.283203125
32164,1.171875,1.2890625,-0.37109375,-0.3125
32165,1.25,1.07421875,-0.25390625,-0.25390625
32166,1.19140625,1.025390625,-0.322265625,-0.361328125
32167,1.25,1.181640625,-0.263671875,-0.341796875
32168,1.162109375,1.123046875,-0.302734375,-0.322265625
32169,1.103515625,1.201171875,-0.29296875,-0.21484375
32170,1.201171875,1.09375,-0.126953125,-0.17578125
32171,1.2109375,1.1328125,-0.3515625,-0.107421875
32172,1.220703125,1.328125,-0.361328125,-0.361328125
32173,1.15234375,1.171875,-0.13671875,-0.537109375
32174,1.240234375,1.26953125,-0.263671875,-0.33203125
32175,1.083984375,1.328125,-0.283203125,-0.390625
32176,1.2109375,1.259765625,-0.302734375,-0.498046875
32177,1.2109375,1.23046875,-0.3125,-0.322265625
32178,1.19140625,1.34765625,-0.13671875,-0.390625
32179,1.201171875,1.2109375,-0.224609375,-0.29296875
32180,1.23046875,1.171875,-0.244140625,-0.41015625
32181,1.23046875,1.298828125,-0.15625,-0.390625
32182,1.240234375,1.259765625,-0.1953125,-0.33203125
32183,1.171875,1.259765625,-0.302734375,-0.3515625
32184,1.123046875,1.103515625,-0.244140625,-0.37109375
32185,1.064453125,1.103515625,-0.166015625,-0.458984375
32186,1.162109375,1.181640625,-0.341796875,-0.33203125
32187,1.2109375,1.11328125,-0.25390625,-0.439453125
32188,1.240234375,1.15234375,-0.166015625,-0.3125
32189,1.30859375,1.11328125,-0.283203125,-0.380859375
32190,1.357421875,1.09375,-0.2734375,-0.400390625
32191,1.259765625,1.162109375,-0.25390625,-0.341796875
32192,1.279296875,1.240234375,-0.302734375,-0.478515625
32193,1.34765625,1.181640625,-0.21484375,-0.361328125
32194,1.240234375,1.07421875,-0.21484375,-0.361328125
32195,1.318359375,1.123046875,-0.224609375,-0.29296875
32196,1.220703125,1.103515625,-0.205078125,-0.361328125
32197,1.25,1.15234375,-0.3125,-0.3125
32198,1.279296875,1.181640625,-0.29296875,-0.400390625
32199,1.2890625,1.2109375,-0.302734375,-0.478515625
32200,1.181640625,1.259765625,-0.37109375,-0.37109375
32201,1.201171875,1.259765625,-0.341796875,-0.166015625
32202,1.19140625,1.23046875,-0.29296875,-0.283203125
32203,1.181640625,1.318359375,-0.244140625,-0.361328125
32204,1.23046875,1.23046875,-0.283203125,-0.361328125
32205,1.201171875,1.19140625,-0.21484375,-0.341796875
32206,1.201171875,1.11328125,-0.263671875,-0.390625
32207,1.279296875,1.171875,-0.302734375,-0.3515625
32208,1.19140625,1.23046875,-0.244140625,-0.322265625
32209,1.1328125,1.240234375,-0.380859375,-0.37109375
32210,1.171875,1.2109375,-0.21484375,-0.498046875
32211,1.201171875,1.259765625,-0.283203125,-0.478515625
32212,1.220703125,1.2890625,-0.21484375,-0.361328125
32213,1.240234375,1.201171875,-0.283203125,-0.41015625
32214,1.2109375,1.2109375,-0.3515625,-0.33203125
32215,1.171875,1.240234375,-0.263671875,-0.37109375
32216,1.240234375,1.142578125,-0.263671875,-0.458984375
32217,1.298828125,1.123046875,-0.1953125,-0.517578125
32218,1.2890625,1.298828125,-0.068359375,-0.37109375
32219,1.25,1.25,-0.283203125,-0.380859375
32220,1.240234375,1.181640625,-0.341796875,-0.322265625
32221,1.259765625,1.103515625,-0.44921875,-0.390625
32222,1.396484375,1.142578125,-0.13671875,-0.537109375
32223,1.2890625,1.142578125,-0.390625,-0.224609375
32224,1.279296875,1.220703125,-0.1953125,-0.33203125
32225,1.259765625,1.19140625,-0.25390625,-0.263671875
32226,1.26953125,1.162109375,-0.15625,-0.478515625
32227,1.279296875,1.171875,-0.2734375,-0.439453125
32228,1.30859375,1.19140625,-0.2734375,-0.439453125
32229,1.23046875,1.181640625,-0.205078125,-0.458984375
32230,1.30859375,1.025390625,-0.205078125,-0.341796875
32231,1.279296875,1.259765625,-0.205078125,-0.21484375
32232,1.259765625,1.26953125,-0.322265625,-0.5078125
32233,1.240234375,1.23046875,-0.224609375,-0.3515625
32234,1.34765625,1.142578125,-0.263671875,-0.458984375
32235,1.11328125,1.162109375,-0.244140625,-0.400390625
32236,1.11328125,1.19140625,-0.283203125,-0.4296875
32237,1.337890625,1.201171875,-0.224609375,-0.458984375
32238,1.376953125,1.201171875,-0.25390625,-0.537109375
32239,1.298828125,1.15234375,-0.166015625,-0.361328125
32240,1.318359375,1.123046875,-0.25390625,-0.37109375
32241,1.25,1.162109375,-0.33203125,-0.25390625
32242,1.25,1.083984375,-0.302734375,-0.33203125
32243,1.2890625,1.142578125,-0.283203125,-0.341796875
32244,1.328125,1.005859375,-0.21484375,-0.283203125
32245,1.25,1.0546875,-0.17578125,-0.419921875
32246,1.240234375,1.2890625,-0.234375,-0.41015625
32247,1.396484375,1.025390625,-0.2734375,-0.458984375
32248,1.19140625,1.07421875,-0.126953125,-0.48828125
32249,1.259765625,1.064453125,-0.29296875,-0.439453125
32250,1.2109375,1.142578125,-0.3125,-0.400390625
32251,1.25,1.15234375,-0.244140625,-0.4296875
32252,1.2890625,1.103515625,-0.234375,-0.29296875
32253,1.220703125,1.083984375,-0.361328125,-0.322265625
32254,1.25,1.07421875,-0.37109375,-0.341796875
32255,1.259765625,1.2109375,-0.21484375,-0.458984375
32256,1.162109375,1.23046875,-0.29296875,-0.48828125
32257,1.2109375,1.07421875,-0.29296875,-0.361328125
32258,1.2890625,1.15234375,-0.302734375,-0.3515625
32259,1.259765625,1.142578125,-0.41015625,-0.4296875
32260,1.15234375,1.15234375,-0.2734375,-0.4296875
32261,1.220703125,1.025390625,-0.21484375,-0.458984375
32262,1.2109375,1.044921875,-0.1953125,-0.341796875
32263,1.201171875,1.123046875,-0.234375,-0.400390625
32264,1.201171875,1.064453125,-0.21484375,-0.390625
32265,1.123046875,1.064453125,-0.234375,-0.400390625
32266,1.171875,1.19140625,-0.25390625,-0.361328125
32267,1.26953125,1.142578125,-0.29296875,-0.458984375
32268,1.2890625,1.171875,-0.1953125,-0.458984375
32269,1.19140625,1.0546875,-0.13671875,-0.46875
32270,1.2109375,1.0546875,-0.1171875,-0.390625
32271,1.240234375,1.23046875,-0.224609375,-0.4296875
32272,1.142578125,1.142578125,-0.146484375,-0.3515625
32273,1.181640625,1.240234375,-0.185546875,-0.380859375
32274,1.220703125,1.318359375,-0.15625,-0.46875
32275,1.2890625,1.15234375,-0.185546875,-0.400390625
32276,1.162109375,1.09375,-0.205078125,-0.41015625
32277,1.171875,1.1328125,-0.09765625,-0.419921875
32278,1.220703125,1.11328125,-0.205078125,-0.322265625
32279,1.171875,1.162109375,-0.29296875,-0.3515625
32280,1.240234375,1.240234375,-0.185546875,-0.419921875
32281,1.220703125,1.11328125,-0.13671875,-0.33203125
32282,1.1328125,1.162109375,-0.33203125,-0.439453125
32283,1.11328125,1.162109375,-0.244140625,-0.33203125
32284,1.103515625,1.171875,-0.224609375,-0.37109375
32285,1.171875,1.162109375,-0.3125,-0.419921875
32286,1.220703125,1.09375,-0.263671875,-0.4296875
32287,1.19140625,1.123046875,-0.263671875,-0.380859375
32288,1.201171875,1.0546875,-0.244140625,-0.3515625
32289,1.103515625,1.123046875,-0.234375,-0.29296875
32290,1.103515625,1.181640625,-0.2734375,-0.41015625
32291,1.171875,1.142578125,-0.166015625,-0.361328125
32292,1.2109375,1.201171875,-0.13671875,-0.25390625
32293,1.26953125,1.1328125,-0.185546875,-0.3515625
32294,1.181640625,1.025390625,-0.390625,-0.390625
32295,1.26953125,1.201171875,-0.29296875,-0.37109375
32296,1.30859375,1.11328125,-0.234375,-0.322265625
32297,1.19140625,1.15234375,-0.234375,-0.56640625
32298,1.181640625,1.201171875,-0.361328125,-0.478515625
32299,1.201171875,1.005859375,-0.166015625,-0.380859375
32300,1.181640625,0.986328125,-0.224609375,-0.400390625
32301,1.2109375,1.1328125,-0.107421875,-0.439453125
32302,1.220703125,1.09375,-0.1953125,-0.576171875
32303,1.23046875,1.123046875,-0.234375,-0.37109375
32304,1.2109375,1.09375,-0.21484375,-0.37109375
32305,1.279296875,1.11328125,-0.205078125,-0.341796875
32306,1.23046875,1.025390625,-0.15625,-0.361328125
32307,1.30859375,1.103515625,-0.263671875,-0.4296875
32308,1.2109375,1.083984375,-0.146484375,-0.390625
32309,1.220703125,1.044921875,-0.322265625,-0.380859375
32310,1.2109375,0.95703125,-0.1953125,-0.478515625
32311,1.19140625,1.1328125,-0.244140625,-0.419921875
32312,1.220703125,1.005859375,-0.25390625,-0.419921875
32313,1.142578125,1.1328125,-0.146484375,-0.37109375
32314,1.23046875,1.201171875,-0.244140625,-0.439453125
32315,1.25,1.103515625,-0.166015625,-0.3515625
32316,1.142578125,1.23046875,-0.146484375,-0.3125
32317,1.259765625,1.162109375,-0.21484375,-0.390625
32318,1.298828125,1.25,-0.13671875,-0.37109375
32319,1.279296875,1.083984375,-0.21484375,-0.341796875
32320,1.2109375,1.11328125,-0.185546875,-0.33203125
32321,1.259765625,1.15234375,-0.224609375,-0.29296875
32322,1.298828125,1.181640625,-0.3125,-0.33203125
32323,1.298828125,1.123046875,-0.21484375,-0.52734375
32324,1.298828125,1.142578125,-0.234375,-0.3515625
32325,1.318359375,1.220703125,-0.341796875,-0.390625
32326,1.2890625,1.11328125,-0.1953125,-0.4296875
32327,1.171875,1.123046875,-0.185546875,-0.44921875
32328,1.26953125,1.09375,-0.146484375,-0.380859375
32329,1.318359375,1.11328125,-0.21484375,-0.419921875
32330,1.3671875,1.240234375,-0.263671875,-0.25390625
32331,1.2109375,1.09375,-0.33203125,-0.361328125
32332,1.279296875,1.162109375,-0.341796875,-0.41015625
32333,1.279296875,1.09375,-0.244140625,-0.380859375
32334,1.19140625,1.15234375,-0.25390625,-0.33203125
32335,1.279296875,1.15234375,-0.224609375,-0.185546875
32336,1.220703125,1.103515625,-0.1171875,-0.478515625
32337,1.201171875,1.123046875,0.01953125,-0.33203125
32338,1.279296875,1.123046875,-0.15625,-0.44921875
32339,1.162109375,1.11328125,-0.244140625,-0.283203125
32340,1.2109375,1.083984375,-0.21484375,-0.4296875
32341,1.25,1.064453125,-0.185546875,-0.615234375
32342,1.25,1.142578125,-0.25390625,-0.439453125
32343,1.376953125,1.181640625,-0.205078125,-0.361328125
32344,1.4453125,1.181640625,-0.146484375,-0.380859375
32345,1.26953125,1.220703125,-0.224609375,-0.2734375
32346,1.357421875,1.171875,-0.13671875,-0.419921875
32347,1.40625,1.142578125,-0.21484375,-0.41015625
32348,1.435546875,1.162109375,-0.13671875,-0.21484375
32349,1.2890625,1.103515625,-0.224609375,-0.3515625
32350,1.30859375,1.103515625,-0.263671875,-0.244140625
32351,1.318359375,1.07421875,-0.283203125,-0.41015625
32352,1.376953125,1.142578125,-0.107421875,-0.33203125
32353,1.318359375,1.279296875,-0.29296875,-0.341796875
32354,1.318359375,1.09375,-0.29296875,-0.302734375
32355,1.220703125,1.123046875,-0.13671875,-0.419921875
32356,1.23046875,0.947265625,-0.390625,-0.44921875
32357,1.240234375,1.142578125,-0.205078125,-0.341796875
32358,1.240234375,1.2109375,-0.146484375,-0.400390625
32359,1.220703125,1.123046875,-0.322265625,-0.37109375
32360,1.03515625,1.171875,-0.2734375,-0.33203125
32361,1.23046875,1.11328125,-0.283203125,-0.37109375
32362,1.201171875,1.162109375,-0.1953125,-0.361328125
32363,1.279296875,1.181640625,-0.244140625,-0.48828125
32364,1.25,1.279296875,-0.185546875,-0.41015625
32365,1.279296875,1.11328125,-0.078125,-0.21484375
32366,1.357421875,1.1328125,-0.1953125,-0.322265625
32367,1.34765625,1.181640625,-0.078125,-0.361328125
32368,1.328125,1.123046875,-0.283203125,-0.29296875
32369,1.26953125,1.162109375,-0.224609375,-0.37109375
32370,1.318359375,1.044921875,-0.1953125,-0.361328125
32371,1.259765625,1.201171875,-0.244140625,-0.390625
32372,1.23046875,1.171875,-0.205078125,-0.33203125
32373,1.357421875,1.123046875,-0.29296875,-0.302734375
32374,1.40625,1.2109375,-0.068359375,-0.322265625
32375,1.279296875,1.201171875,-0.185546875,-0.419921875
32376,1.2109375,1.1328125,-0.17578125,-0.400390625
32377,1.25,1.123046875,-0.29296875,-0.33203125
32378,1.259765625,1.25,-0.2734375,-0.244140625
32379,1.240234375,1.07421875,-0.3515625,-0.3125
32380,1.318359375,1.1328125,-0.33203125,-0.341796875
32381,1.162109375,1.162109375,-0.166015625,-0.458984375
32382,1.26953125,1.171875,-0.25390625,-0.400390625
32383,1.26953125,1.19140625,-0.244140625,-0.341796875
32384,1.1328125,1.11328125,-0.283203125,-0.126953125
32385,1.162109375,1.23046875,-0.185546875,-0.41015625
32386,1.220703125,1.201171875,-0.3515625,-0.37109375
32387,1.162109375,1.083984375,-0.29296875,-0.3515625
32388,1.142578125,1.083984375,-0.234375,-0.33203125
32389,1.162109375,1.201171875,-0.244140625,-0.41015625
32390,1.201171875,1.103515625,-0.380859375,-0.341796875
32391,1.171875,1.11328125,-0.234375,-0.517578125
32392,1.142578125,1.09375,-0.087890625,-0.380859375
32393,1.083984375,1.103515625,-0.234375,-0.322265625
32394,1.162109375,1.142578125,-0.13671875,-0.3515625
32395,1.15234375,1.103515625,-0.283203125,-0.2734375
32396,1.15234375,1.171875,-0.283203125,-0.33203125
32397,1.171875,1.11328125,-0.2734375,-0.33203125
32398,1.25,1.064453125,-0.1953125,-0.224609375
32399,1.259765625,1.0546875,-0.1171875,-0.21484375
32400,1.2109375,1.064453125,-0.13671875,-0.400390625
32401,1.15234375,1.03515625,-0.146484375,-0.341796875
32402,1.171875,1.11328125,-0.17578125,-0.1953125
32403,1.220703125,1.09375,-0.205078125,-0.302734375
32404,1.11328125,1.09375,-0.25390625,-0.3515625
32405,1.259765625,1.103515625,-0.166015625,-0.390625
32406,1.279296875,1.171875,-0.05859375,-0.283203125
32407,1.171875,1.11328125,-0.205078125,-0.37109375
32408,1.2109375,1.083984375,-0.146484375,-0.1953125
32409,1.1328125,1.083984375,-0.1953125,-0.21484375
32410,1.220703125,1.005859375,-0.244140625,-0.302734375
32411,1.201171875,0.91796875,-0.1953125,-0.37109375
32412,1.19140625,1.03515625,-0.2734375,-0.400390625
32413,1.07421875,1.025390625,-0.205078125,-0.2734375
32414,1.19140625,1.025390625,-0.234375,-0.322265625
32415,1.162109375,0.966796875,-0.17578125,-0.263671875
32416,1.23046875,1.03515625,-0.224609375,-0.3515625
32417,1.171875,0.947265625,-0.361328125,-0.29296875
32418,1.19140625,1.015625,-0.146484375,-0.37109375
32419,1.142578125,0.966796875,-0.1953125,-0.341796875
32420,1.34765625,1.09375,-0.234375,-0.52734375
32421,1.142578125,1.07421875,-0.234375,-0.400390625
32422,1.2109375,1.123046875,-0.3125,-0.25390625
32423,1.2109375,1.03515625,-0.390625,-0.302734375
32424,1.318359375,1.064453125,-0.3125,-0.302734375
32425,1.09375,0.986328125,-0.15625,-0.29296875
32426,1.19140625,1.0546875,-0.302734375,-0.3515625
32427,1.23046875,1.103515625,-0.224609375,-0.1953125
32428,1.240234375,1.123046875,-0.3125,-0.1953125
32429,1.103515625,1.083984375,-0.302734375,-0.33203125
32430,1.181640625,1.1328125,-0.29296875,-0.166015625
32431,1.240234375,0.9765625,-0.244140625,-0.400390625
32432,1.171875,1.1328125,-0.25390625,-0.3125
32433,1.25,1.15234375,-0.29296875,-0.283203125
32434,1.15234375,1.083984375,-0.15625,-0.17578125
32435,1.25,1.19140625,-0.224609375,-0.263671875
32436,1.201171875,1.142578125,-0.15625,-0.244140625
32437,1.23046875,1.09375,-0.263671875,-0.146484375
32438,1.171875,1.103515625,-0.146484375,-0.146484375
32439,1.25,1.005859375,-0.224609375,-0.2734375
32440,1.279296875,1.044921875,-0.302734375,-0.439453125
32441,1.259765625,1.064453125,-0.234375,-0.2734375
32442,1.279296875,1.044921875,-0.25390625,-0.224609375
32443,1.123046875,1.09375,-0.205078125,-0.25390625
32444,1.201171875,1.09375,-0.15625,-0.33203125
32445,1.1328125,1.181640625,-0.244140625,-0.2734375
32446,1.26953125,0.986328125,-0.185546875,-0.3125
32447,1.15234375,1.07421875,-0.13671875,-0.263671875
32448,1.2109375,1.064453125,-0.21484375,-0.283203125
32449,1.162109375,1.123046875,-0.2734375,-0.25390625
32450,1.142578125,1.025390625,-0.25390625,-0.361328125
32451,1.23046875,1.015625,-0.205078125,-0.263671875
32452,1.181640625,1.0546875,-0.302734375,-0.25390625
32453,1.25,1.083984375,-0.244140625,-0.2734375
32454,1.298828125,1.025390625,-0.2734375,-0.244140625
32455,1.416015625,1.103515625,-0.224609375,-0.205078125
32456,1.201171875,1.083984375,-0.341796875,-0.263671875
32457,1.1328125,1.142578125,-0.341796875,-0.283203125
32458,1.220703125,1.044921875,-0.224609375,-0.283203125
32459,1.26953125,1.11328125,-0.283203125,-0.33203125
32460,1.2890625,1.09375,-0.234375,-0.09765625
32461,1.23046875,1.103515625,-0.1953125,-0.224609375
32462,1.25,1.34765625,-0.15625,-0.341796875
32463,1.279296875,1.30859375,-0.322265625,-0.146484375
32464,1.2890625,1.03515625,-0.263671875,-0.166015625
32465,1.220703125,1.123046875,-0.3125,-0.166015625
32466,1.201171875,0.9765625,-0.15625,-0.244140625
32467,1.240234375,1.07421875,-0.205078125,-0.244140625
32468,1.15234375,1.123046875,-0.224609375,-0.25390625
32469,1.162109375,1.07421875,-0.283203125,-0.283203125
32470,1.220703125,1.07421875,-0.322265625,-0.1953125
32471,1.201171875,1.23046875,-0.25390625,-0.263671875
32472,1.220703125,1.005859375,-0.302734375,-0.25390625
32473,1.171875,1.025390625,-0.2734375,-0.2734375
32474,1.23046875,1.044921875,-0.419921875,-0.29296875
32475,1.103515625,1.103515625,-0.224609375,-0.341796875
32476,1.318359375,1.03515625,-0.400390625,-0.478515625
32477,1.220703125,1.103515625,-0.234375,-0.244140625
32478,1.23046875,1.03515625,-0.302734375,-0.41015625
32479,1.2109375,1.15234375,-0.302734375,-0.234375
32480,1.044921875,1.162109375,-0.390625,-0.263671875
32481,1.220703125,1.181640625,-0.341796875,-0.29296875
32482,1.259765625,1.171875,-0.263671875,-0.244140625
32483,1.25,1.171875,-0.322265625,-0.244140625
32484,1.240234375,1.142578125,-0.3515625,-0.341796875
32485,1.19140625,1.162109375,-0.2734375,-0.46875
32486,1.259765625,1.201171875,-0.41015625,-0.1953125
32487,1.181640625,1.23046875,-0.283203125,-0.25390625
32488,1.19140625,1.07421875,-0.390625,-0.302734375
32489,1.220703125,1.1328125,-0.263671875,-0.205078125
32490,1.259765625,1.162109375,-0.205078125,-0.244140625
32491,1.19140625,1.07421875,-0.322265625,-0.244140625
32492,1.123046875,1.171875,-0.322265625,-0.29296875
32493,1.123046875,1.09375,-0.263671875,-0.224609375
32494,1.162109375,1.171875,-0.283203125,-0.37109375
32495,1.171875,1.15234375,-0.29296875,-0.361328125
32496,1.201171875,1.09375,-0.37109375,-0.29296875
32497,1.19140625,1.30859375,-0.380859375,-0.25390625
32498,1.005859375,1.240234375,-0.361328125,-0.205078125
32499,1.23046875,1.171875,-0.283203125,-0.234375
32500,1.19140625,1.259765625,-0.1953125,-0.29296875
32501,1.201171875,1.201171875,-0.302734375,-0.3125
32502,1.171875,1.19140625,-0.3515625,-0.2734375
32503,1.171875,1.162109375,-0.283203125,-0.2734375
32504,1.240234375,1.162109375,-0.234375,-0.224609375
32505,1.103515625,1.298828125,-0.2734375,-0.224609375
32506,1.25,1.25,-0.2734375,-0.21484375
32507,1.2109375,1.11328125,-0.29296875,-0.244140625
32508,1.201171875,0.95703125,-0.302734375,-0.263671875
32509,1.2109375,1.1328125,-0.322265625,-0.263671875
32510,1.162109375,1.09375,-0.37109375,-0.21484375
32511,1.220703125,1.240234375,-0.33203125,-0.361328125
32512,1.357421875,1.162109375,-0.302734375,-0.25390625
32513,1.23046875,1.25,-0.341796875,-0.2734375
32514,1.201171875,1.142578125,-0.400390625,-0.146484375
32515,1.26953125,1.142578125,-0.263671875,-0.1953125
32516,1.201171875,1.171875,-0.2734375,-0.224609375
32517,1.123046875,1.005859375,-0.322265625,-0.17578125
32518,1.2109375,1.11328125,-0.29296875,-0.205078125
32519,1.26953125,1.123046875,-0.46875,-0.25390625
32520,1.376953125,1.11328125,-0.3515625,-0.166015625
32521,1.259765625,1.07421875,-0.263671875,-0.3515625
32522,1.279296875,1.123046875,-0.234375,-0.29296875
32523,1.181640625,1.19140625,-0.361328125,-0.283203125
32524,1.220703125,1.171875,-0.361328125,-0.25390625
32525,1.1328125,1.23046875,-0.3515625,-0.283203125
32526,1.2109375,1.07421875,-0.341796875,-0.283203125
32527,1.171875,1.171875,-0.283203125,-0.322265625
32528,1.09375,1.201171875,-0.29296875,-0.302734375
32529,1.259765625,1.142578125,-0.37109375,-0.29296875
32530,1.298828125,1.25,-0.283203125,-0.44921875
32531,1.240234375,1.171875,-0.185546875,-0.2734375
32532,1.162109375,1.07421875,-0.244140625,-0.25390625
32533,1.240234375,1.23046875,-0.263671875,-0.234375
32534,1.162109375,1.11328125,-0.302734375,-0.17578125
32535,1.201171875,1.064453125,-0.5078125,-0.283203125
32536,1.23046875,1.298828125,-0.458984375,-0.283203125
32537,1.162109375,1.07421875,-0.3125,-0.37109375
32538,1.23046875,1.103515625,-0.46875,-0.29296875
32539,1.19140625,1.11328125,-0.29296875,-0.13671875
32540,1.181640625,1.083984375,-0.37109375,-0.33203125
32541,1.162109375,1.11328125,-0.146484375,-0.283203125
32542,1.2109375,1.171875,-0.244140625,-0.341796875
32543,1.240234375,1.1328125,-0.2734375,-0.2734375
32544,1.26953125,1.123046875,-0.341796875,-0.302734375
32545,1.2109375,1.1328125,-0.380859375,-0.322265625
32546,1.30859375,1.1328125,-0.3125,-0.283203125
32547,1.337890625,1.09375,-0.341796875,-0.37109375
32548,1.2890625,1.15234375,-0.234375,-0.263671875
32549,1.240234375,1.19140625,-0.322265625,-0.205078125
32550,1.220703125,1.201171875,-0.263671875,-0.224609375
32551,1.19140625,1.15234375,-0.41015625,-0.2734375
32552,1.298828125,1.171875,-0.322265625,-0.33203125
32553,1.26953125,1.162109375,-0.224609375,-0.33203125
32554,1.23046875,1.259765625,-0.234375,-0.3515625
32555,1.30859375,1.201171875,-0.263671875,-0.341796875
32556,1.201171875,1.15234375,-0.33203125,-0.341796875
32557,1.30859375,1.2109375,-0.37109375,-0.1953125
32558,1.298828125,1.171875,-0.33203125,-0.29296875
32559,1.3671875,1.19140625,-0.3515625,-0.3125
32560,1.26953125,1.064453125,-0.3125,-0.29296875
32561,1.240234375,1.19140625,-0.380859375,-0.224609375
32562,1.23046875,1.1328125,-0.322265625,-0.3125
32563,1.26953125,1.0546875,-0.322265625,-0.33203125
32564,1.181640625,1.09375,-0.322265625,-0.3125
32565,1.11328125,1.171875,-0.380859375,-0.380859375
32566,1.337890625,1.259765625,-0.361328125,-0.2734375
32567,1.328125,1.162109375,-0.33203125,-0.380859375
32568,1.337890625,1.1328125,-0.3125,-0.2734375
32569,1.259765625,1.181640625,-0.380859375,-0.44921875
32570,1.30859375,1.11328125,-0.361328125,-0.29296875
32571,1.2890625,1.1328125,-0.419921875,-0.2734375
32572,1.279296875,1.162109375,-0.283203125,-0.29296875
32573,1.34765625,1.103515625,-0.263671875,-0.2734375
32574,1.11328125,1.171875,-0.234375,-0.380859375
32575,1.240234375,1.09375,-0.224609375,-0.25390625
32576,1.240234375,1.083984375,-0.29296875,-0.17578125
32577,1.26953125,1.09375,-0.25390625,-0.400390625
32578,1.337890625,1.26953125,-0.322265625,-0.322265625
32579,1.2109375,1.07421875,-0.234375,-0.224609375
32580,1.23046875,1.23046875,-0.224609375,-0.09765625
32581,1.298828125,1.044921875,-0.166015625,-0.283203125
32582,1.23046875,1.07421875,-0.283203125,-0.3125
32583,1.103515625,1.11328125,-0.244140625,-0.33203125
32584,1.240234375,1.005859375,-0.21484375,-0.458984375
32585,1.259765625,1.2109375,-0.2734375,-0.302734375
32586,1.19140625,1.162109375,-0.21484375,-0.46875
32587,1.2109375,1.083984375,-0.244140625,-0.3515625
32588,1.201171875,1.142578125,-0.146484375,-0.283203125
32589,1.201171875,1.181640625,-0.2734375,-0.33203125
32590,1.220703125,0.8203125,-0.3515625,-0.341796875
32591,1.201171875,1.015625,-0.05859375,-0.3515625
32592,1.005859375,1.162109375,-0.244140625,-0.322265625
32593,1.220703125,1.103515625,-0.283203125,-0.322265625
32594,1.328125,1.171875,-0.205078125,-0.302734375
32595,1.298828125,1.142578125,-0.2734375,-0.37109375
32596,1.2109375,1.201171875,-0.263671875,-0.390625
32597,1.25,1.171875,-0.09765625,-0.3125
32598,1.23046875,1.1328125,-0.234375,-0.29296875
32599,1.15234375,1.15234375,-0.224609375,-0.244140625
32600,1.15234375,1.1328125,-0.29296875,-0.13671875
32601,1.23046875,1.19140625,-0.341796875,-0.13671875
32602,1.083984375,1.171875,-0.263671875,-0.3125
32603,1.15234375,1.015625,-0.283203125,-0.4296875
32604,1.26953125,1.07421875,-0.25390625,-0.517578125
32605,1.11328125,1.11328125,-0.3125,-0.390625
32606,1.181640625,1.23046875,-0.390625,-0.46875
32607,1.171875,1.259765625,-0.302734375,-0.576171875
32608,1.1328125,1.279296875,-0.2734375,-0.2734375
32609,1.09375,1.2890625,-0.21484375,-0.341796875
32610,1.23046875,1.318359375,-0.234375,-0.29296875
32611,1.15234375,1.23046875,-0.302734375,-0.41015625
32612,1.0546875,1.1328125,-0.37109375,-0.4296875
32613,1.19140625,1.279296875,-0.1953125,-0.283203125
32614,1.103515625,1.279296875,-0.2734375,-0.41015625
32615,1.15234375,1.240234375,-0.33203125,-0.400390625
32616,1.220703125,1.26953125,-0.17578125,-0.37109375
32617,1.162109375,1.181640625,-0.1953125,-0.46875
32618,1.201171875,1.298828125,-0.21484375,-0.341796875
32619,1.23046875,1.25,-0.29296875,-0.498046875
32620,1.298828125,1.201171875,-0.234375,-0.361328125
32621,1.162109375,1.2890625,-0.205078125,-0.37109375
32622,1.15234375,1.19140625,-0.2734375,-0.341796875
32623,1.201171875,1.19140625,-0.234375,-0.390625
32624,1.2109375,1.25,-0.439453125,-0.37109375
32625,1.181640625,1.259765625,-0.341796875,-0.341796875
32626,1.26953125,1.23046875,-0.322265625,-0.361328125
32627,1.25,1.23046875,-0.283203125,-0.380859375
32628,1.2890625,1.181640625,-0.234375,-0.361328125
32629,1.2890625,1.103515625,-0.361328125,-0.380859375
32630,1.15234375,1.044921875,-0.361328125,-0.4296875
32631,1.259765625,1.171875,-0.400390625,-0.37109375
32632,1.171875,1.220703125,-0.3125,-0.400390625
32633,1.162109375,1.162109375,-0.390625,-0.322265625
32634,1.19140625,1.025390625,-0.3125,-0.419921875
32635,1.162109375,1.201171875,-0.361328125,-0.283203125
32636,1.171875,1.25,-0.283203125,-0.380859375
32637,1.171875,1.142578125,-0.341796875,-0.400390625
32638,1.240234375,1.181640625,-0.283203125,-0.224609375
32639,1.220703125,1.259765625,-0.33203125,-0.3515625
32640,1.23046875,1.181640625,-0.322265625,-0.458984375
32641,1.25,1.162109375,-0.25390625,-0.390625
32642,1.337890625,1.201171875,-0.3515625,-0.341796875
32643,1.09375,1.259765625,-0.244140625,-0.390625
32644,1.171875,1.23046875,-0.341796875,-0.419921875
32645,1.15234375,1.30859375,-0.15625,-0.390625
32646,1.220703125,1.181640625,-0.234375,-0.3125
32647,1.171875,1.201171875,-0.25390625,-0.263671875
32648,1.25,1.083984375,-0.25390625,-0.322265625
32649,1.25,1.455078125,-0.087890625,-0.322265625
32650,1.2890625,1.171875,-0.29296875,-0.37109375
32651,1.240234375,1.30859375,-0.185546875,-0.439453125
32652,1.318359375,1.318359375,-0.283203125,-0.322265625
32653,1.298828125,1.162109375,-0.341796875,-0.2734375
32654,1.318359375,1.259765625,-0.2734375,-0.341796875
32655,1.2890625,1.2109375,-0.283203125,-0.263671875
32656,1.34765625,1.162109375,-0.283203125,-0.380859375
32657,1.298828125,1.142578125,-0.302734375,-0.244140625
32658,1.240234375,1.3671875,-0.078125,-0.4296875
32659,1.25,1.2109375,-0.224609375,-0.400390625
32660,1.103515625,1.220703125,-0.361328125,-0.390625
32661,1.240234375,1.171875,-0.244140625,-0.41015625
32662,1.240234375,1.09375,-0.263671875,-0.41015625
32663,1.15234375,1.220703125,-0.205078125,-0.400390625
32664,1.25,1.142578125,-0.41015625,-0.4296875
32665,1.298828125,1.25,-0.322265625,-0.419921875
32666,1.15234375,1.40625,-0.13671875,-0.419921875
32667,1.181640625,1.142578125,-0.234375,-0.478515625
32668,1.23046875,1.09375,-0.17578125,-0.302734375
32669,1.1328125,1.103515625,-0.1953125,-0.419921875
32670,1.23046875,0.99609375,-0.1953125,-0.419921875
32671,1.240234375,1.1328125,-0.234375,-0.244140625
32672,1.2109375,1.103515625,-0.2734375,-0.44921875
32673,1.19140625,1.103515625,-0.146484375,-0.458984375
32674,1.23046875,1.220703125,-0.283203125,-0.400390625
32675,1.201171875,1.2109375,-0.2734375,-0.41015625
32676,1.123046875,1.083984375,-0.244140625,-0.41015625
32677,1.2109375,1.07421875,-0.234375,-0.537109375
32678,1.162109375,1.123046875,-0.380859375,-0.478515625
32679,1.162109375,1.11328125,-0.166015625,-0.419921875
32680,1.171875,1.1328125,-0.21484375,-0.5078125
32681,1.103515625,1.11328125,-0.185546875,-0.37109375
32682,1.298828125,1.2109375,-0.283203125,-0.380859375
32683,1.123046875,1.07421875,-0.29296875,-0.2734375
32684,1.2109375,1.15234375,-0.33203125,-0.478515625
32685,1.103515625,1.2109375,-0.21484375,-0.48828125
32686,1.23046875,1.083984375,-0.234375,-0.2734375
32687,1.2109375,1.1328125,-0.224609375,-0.478515625
32688,1.15234375,1.1328125,-0.361328125,-0.41015625
32689,1.220703125,1.1328125,-0.205078125,-0.478515625
32690,1.201171875,1.162109375,-0.244140625,-0.400390625
32691,1.181640625,0.95703125,-0.185546875,-0.419921875
32692,1.123046875,1.162109375,-0.283203125,-0.458984375
32693,1.240234375,1.103515625,-0.185546875,-0.400390625
32694,1.171875,1.181640625,-0.380859375,-0.400390625
32695,1.23046875,1.1328125,-0.1953125,-0.33203125
32696,1.2109375,1.240234375,-0.37109375,-0.380859375
32697,1.083984375,1.09375,-0.263671875,-0.419921875
32698,1.259765625,1.181640625,-0.341796875,-0.48828125
32699,1.220703125,1.15234375,-0.09765625,-0.400390625
32700,1.19140625,1.181640625,-0.302734375,-0.3515625
32701,1.240234375,1.083984375,-0.234375,-0.361328125
32702,1.19140625,1.123046875,-0.185546875,-0.41015625
32703,1.11328125,1.201171875,-0.17578125,-0.3515625
32704,1.171875,1.09375,-0.29296875,-0.380859375
32705,1.171875,1.240234375,-0.263671875,-0.517578125
32706,1.123046875,1.162109375,-0.29296875,-0.29296875
32707,1.123046875,1.181640625,-0.1953125,-0.46875
32708,1.083984375,1.07421875,-0.166015625,-0.44921875
32709,1.09375,1.298828125,-0.263671875,-0.400390625
32710,1.11328125,1.142578125,-0.205078125,-0.322265625
32711,1.064453125,1.181640625,-0.2734375,-0.52734375
32712,1.142578125,1.005859375,-0.322265625,-0.33203125
32713,1.07421875,1.162109375,-0.29296875,-0.3515625
32714,1.162109375,1.171875,-0.341796875,-0.322265625
32715,1.025390625,1.19140625,-0.263671875,-0.537109375
32716,1.1328125,1.15234375,-0.29296875,-0.29296875
32717,1.298828125,1.103515625,-0.302734375,-0.41015625
32718,1.11328125,1.09375,-0.13671875,-0.361328125
32719,1.1328125,1.162109375,-0.2734375,-0.33203125
32720,1.1328125,1.03515625,-0.244140625,-0.48828125
32721,1.142578125,1.123046875,-0.341796875,-0.419921875
32722,1.15234375,1.171875,-0.29296875,-0.3125
32723,1.19140625,1.15234375,-0.224609375,-0.46875
32724,1.201171875,0.99609375,-0.322265625,-0.46875
32725,1.15234375,1.09375,-0.4296875,-0.537109375
32726,1.123046875,1.201171875,-0.17578125,-0.224609375
32727,1.181640625,1.1328125,-0.048828125,-0.3515625
32728,1.15234375,1.083984375,-0.087890625,-0.576171875
32729,1.181640625,1.03515625,-0.15625,-0.3515625
32730,1.201171875,1.005859375,-0.15625,-0.41015625
32731,1.2109375,0.986328125,-0.0390625,-0.498046875
32732,1.181640625,1.201171875,-0.224609375,-0.44921875
32733,1.142578125,1.044921875,-0.107421875,-0.234375
32734,1.162109375,1.044921875,-0.21484375,-0.439453125
32735,1.19140625,1.103515625,-0.166015625,-0.341796875
32736,1.279296875,1.083984375,-0.1953125,-0.37109375
32737,1.220703125,1.11328125,-0.078125,-0.517578125
32738,1.142578125,1.064453125,-0.400390625,-0.25390625
32739,1.220703125,1.181640625,-0.25390625,-0.419921875
32740,1.220703125,1.103515625,-0.263671875,-0.390625
32741,1.2109375,1.064453125,-0.361328125,-0.48828125
32742,1.2109375,1.15234375,-0.33203125,-0.322265625
32743,1.142578125,1.240234375,-0.09765625,-0.322265625
32744,1.337890625,1.103515625,-0.29296875,-0.302734375
32745,1.15234375,1.201171875,-0.33203125,-0.3125
32746,1.201171875,1.220703125,-0.234375,-0.37109375
32747,1.435546875,1.123046875,-0.25390625,-0.556640625
32748,1.220703125,1.11328125,-0.25390625,-0.283203125
32749,1.142578125,1.162109375,-0.33203125,-0.41015625
32750,1.25,1.162109375,-0.3515625,-0.224609375
32751,1.240234375,1.142578125,-0.283203125,-0.37109375
32752,1.30859375,1.0546875,-0.126953125,-0.341796875
32753,1.328125,1.181640625,-0.341796875,-0.2734375
32754,1.23046875,1.1328125,-0.322265625,-0.37109375
32755,1.162109375,1.171875,-0.244140625,-0.380859375
32756,1.181640625,1.201171875,-0.244140625,-0.185546875
32757,1.1328125,1.025390625,-0.263671875,-0.29296875
32758,1.19140625,1.201171875,-0.21484375,-0.3515625
32759,1.23046875,1.11328125,-0.17578125,-0.44921875
32760,1.259765625,1.142578125,-0.1953125,-0.33203125
32761,1.19140625,1.09375,-0.25390625,-0.419921875
32762,1.23046875,1.2890625,-0.2734375,-0.419921875
32763,1.23046875,1.083984375,-0.244140625,-0.4296875
32764,1.171875,1.103515625,-0.3515625,-0.3515625
32765,1.171875,1.1328125,-0.3515625,-0.419921875
32766,1.15234375,1.03515625,-0.25390625,-0.37109375
32767,1.162109375,1.162109375,-0.244140625,-0.341796875
32768,1.171875,1.162109375,-0.25390625,-0.283203125
32769,1.220703125,1.0546875,-0.3125,-0.41015625
32770,1.23046875,0.947265625,-0.302734375,-0.3125
32771,1.298828125,1.19140625,-0.234375,-0.419921875
32772,1.337890625,1.171875,-0.3515625,-0.302734375
32773,1.396484375,1.162109375,-0.3515625,-0.283203125
32774,1.396484375,1.181640625,-0.263671875,-0.380859375
32775,1.318359375,1.1328125,-0.234375,-0.322265625
32776,1.26953125,1.220703125,-0.234375,-0.37109375
32777,1.435546875,1.15234375,-0.1953125,-0.41015625
32778,1.318359375,1.09375,-0.224609375,-0.419921875
32779,1.2890625,1.259765625,-0.0390625,-0.390625
32780,1.328125,1.11328125,-0.205078125,-0.361328125
32781,1.19140625,1.15234375,-0.1171875,-0.458984375
32782,1.396484375,1.025390625,-0.224609375,-0.33203125
32783,1.337890625,0.986328125,-0.2734375,-0.4296875
32784,1.357421875,1.220703125,-0.185546875,-0.439453125
32785,1.23046875,1.15234375,-0.185546875,-0.439453125
32786,1.38671875,1.162109375,-0.25390625,-0.390625
32787,1.15234375,1.142578125,-0.263671875,-0.341796875
32788,1.2109375,1.15234375,-0.17578125,-0.33203125
32789,1.328125,1.181640625,-0.224609375,-0.41015625
32790,1.19140625,1.142578125,-0.21484375,-0.283203125
32791,1.279296875,1.2109375,-0.146484375,-0.41015625
32792,1.298828125,1.15234375,-0.322265625,-0.478515625
32793,1.123046875,1.123046875,-0.244140625,-0.380859375
32794,1.25,1.142578125,-0.341796875,-0.380859375
32795,1.19140625,1.064453125,-0.224609375,-0.3515625
32796,1.25,1.03515625,-0.3125,-0.3515625
32797,1.15234375,1.2109375,-0.15625,-0.29296875
32798,1.220703125,1.171875,-0.185546875,-0.322265625
32799,1.26953125,1.11328125,-0.283203125,-0.205078125
32800,1.19140625,1.162109375,-0.380859375,-0.29296875
32801,1.19140625,1.07421875,-0.21484375,-0.361328125
32802,1.26953125,1.142578125,-0.244140625,-0.3515625
32803,1.2890625,1.171875,-0.3125,-0.361328125
32804,1.19140625,1.064453125,-0.126953125,-0.3125
32805,1.455078125,1.220703125,-0.25390625,-0.3125
32806,1.201171875,1.181640625,-0.15625,-0.29296875
32807,1.25,1.15234375,-0.15625,-0.283203125
32808,1.259765625,1.11328125,-0.283203125,-0.21484375
32809,1.220703125,1.1328125,-0.205078125,-0.3125
32810,1.279296875,1.103515625,-0.44921875,-0.322265625
32811,1.19140625,1.19140625,-0.263671875,-0.390625
32812,1.279296875,1.171875,-0.224609375,-0.341796875
32813,1.15234375,1.162109375,-0.224609375,-0.3515625
32814,1.26953125,1.171875,-0.17578125,-0.29296875
32815,1.1328125,1.123046875,-0.2734375,-0.439453125
32816,1.181640625,1.201171875,-0.146484375,-0.400390625
32817,1.09375,1.181640625,-0.224609375,-0.37109375
32818,1.162109375,1.123046875,-0.21484375,-0.419921875
32819,1.25,0.99609375,-0.205078125,-0.380859375
32820,1.064453125,1.11328125,-0.126953125,-0.33203125
32821,1.19140625,1.220703125,-0.302734375,-0.4296875
32822,1.181640625,1.15234375,-0.205078125,-0.458984375
32823,1.15234375,1.123046875,-0.146484375,-0.380859375
32824,1.201171875,1.162109375,-0.107421875,-0.537109375
32825,1.220703125,1.25,-0.234375,-0.322265625
32826,1.07421875,1.181640625,-0.205078125,-0.458984375
32827,1.220703125,1.103515625,-0.185546875,-0.234375
32828,1.201171875,1.005859375,-0.17578125,-0.400390625
32829,1.123046875,1.025390625,-0.166015625,-0.419921875
32830,1.171875,1.103515625,-0.185546875,-0.283203125
32831,1.2109375,1.162109375,-0.166015625,-0.302734375
32832,1.171875,1.07421875,-0.205078125,-0.3125
32833,1.123046875,1.07421875,-0.17578125,-0.1953125
32834,1.2109375,0.888671875,-0.15625,-0.29296875
32835,1.201171875,1.1328125,-0.166015625,-0.33203125
32836,1.240234375,1.064453125,-0.126953125,-0.302734375
32837,1.240234375,1.0546875,-0.1953125,-0.302734375
32838,1.240234375,1.083984375,-0.29296875,-0.244140625
32839,1.181640625,1.064453125,-0.234375,-0.244140625
32840,1.2109375,1.044921875,-0.2734375,-0.3125
32841,1.23046875,1.064453125,-0.15625,-0.302734375
32842,1.171875,1.083984375,-0.25390625,-0.3515625
32843,1.201171875,1.142578125,-0.2734375,-0.3125
32844,1.240234375,0.9375,-0.2734375,-0.439453125
32845,1.171875,1.0546875,-0.17578125,-0.25390625
32846,1.240234375,0.966796875,-0.205078125,-0.341796875
32847,1.240234375,1.064453125,-0.205078125,-0.25390625
32848,1.2109375,1.0546875,-0.15625,-0.37109375
32849,1.162109375,1.07421875,-0.21484375,-0.33203125
32850,1.07421875,1.025390625,-0.166015625,-0.380859375
32851,1.318359375,1.0546875,-0.361328125,-0.52734375
32852,1.162109375,1.064453125,-0.21484375,-0.37109375
32853,1.26953125,1.064453125,-0.205078125,-0.37109375
32854,1.259765625,1.083984375,-0.3515625,-0.361328125
32855,1.26953125,1.123046875,-0.15625,-0.283203125
32856,1.181640625,0.99609375,-0.390625,-0.361328125
32857,1.19140625,1.07421875,-0.263671875,-0.302734375
32858,1.19140625,1.09375,-0.3125,-0.234375
32859,1.171875,1.11328125,-0.33203125,-0.205078125
32860,1.103515625,1.005859375,-0.1953125,-0.33203125
32861,1.220703125,1.083984375,-0.33203125,-0.244140625
32862,1.1328125,1.03515625,-0.205078125,-0.29296875
32863,1.15234375,1.044921875,-0.3125,-0.29296875
32864,1.2109375,1.0546875,-0.166015625,-0.29296875
32865,1.19140625,1.083984375,-0.09765625,-0.224609375
32866,1.044921875,1.1328125,-0.341796875,-0.380859375
32867,1.03515625,1.0546875,-0.21484375,-0.322265625
32868,1.103515625,1.0546875,-0.166015625,-0.2734375
32869,1.142578125,1.044921875,-0.224609375,-0.2734375
32870,1.220703125,1.07421875,-0.244140625,-0.1953125
32871,1.181640625,1.0546875,-0.21484375,-0.263671875
32872,1.123046875,1.07421875,-0.29296875,-0.224609375
32873,1.171875,0.986328125,-0.263671875,-0.33203125
32874,1.162109375,1.025390625,-0.09765625,-0.33203125
32875,1.23046875,1.044921875,-0.205078125,-0.439453125
32876,1.142578125,1.083984375,-0.087890625,-0.205078125
32877,1.181640625,1.123046875,-0.263671875,-0.263671875
32878,1.162109375,1.103515625,-0.244140625,-0.322265625
32879,1.162109375,1.025390625,-0.244140625,-0.322265625
32880,1.23046875,1.005859375,-0.21484375,-0.361328125
32881,1.171875,1.025390625,-0.33203125,-0.234375
32882,1.2890625,1.025390625,-0.107421875,-0.3515625
32883,1.25,1.064453125,-0.46875,-0.185546875
32884,1.15234375,0.986328125,-0.419921875,-0.322265625
32885,1.298828125,1.09375,-0.234375,-0.234375
32886,1.15234375,1.0546875,-0.21484375,-0.361328125
32887,1.26953125,1.025390625,-0.283203125,-0.185546875
32888,1.025390625,1.1328125,-0.21484375,-0.48828125
32889,1.220703125,1.23046875,-0.25390625,-0.3125
32890,1.279296875,1.142578125,-0.244140625,-0.25390625
32891,1.123046875,1.083984375,-0.29296875,-0.283203125
32892,1.15234375,0.95703125,-0.205078125,-0.244140625
32893,1.201171875,1.181640625,-0.400390625,-0.234375
32894,1.240234375,1.083984375,-0.234375,-0.107421875
32895,1.171875,1.064453125,-0.29296875,-0.25390625
32896,1.23046875,1.025390625,-0.29296875,-0.419921875
32897,1.259765625,1.123046875,-0.29296875,-0.3515625
32898,1.162109375,1.142578125,-0.37109375,-0.263671875
32899,1.23046875,1.171875,-0.2734375,-0.283203125
32900,1.1328125,1.09375,-0.361328125,-0.166015625
32901,1.23046875,1.083984375,-0.29296875,-0.263671875
32902,1.23046875,1.015625,-0.3515625,-0.205078125
32903,1.162109375,1.19140625,-0.283203125,-0.205078125
32904,1.201171875,1.15234375,-0.3515625,-0.3515625
32905,1.201171875,1.15234375,-0.283203125,-0.166015625
32906,1.103515625,1.083984375,-0.322265625,-0.17578125
32907,1.171875,1.30859375,-0.419921875,-0.302734375
32908,1.2109375,1.083984375,-0.380859375,-0.263671875
32909,1.1328125,1.07421875,-0.439453125,-0.3125
32910,1.220703125,1.240234375,-0.37109375,-0.341796875
32911,1.259765625,1.044921875,-0.478515625,-0.341796875
32912,1.15234375,1.162109375,-0.33203125,-0.146484375
32913,1.09375,1.11328125,-0.44921875,-0.234375
32914,1.171875,1.0546875,-0.263671875,-0.25390625
32915,1.162109375,1.09375,-0.361328125,-0.2734375
32916,1.23046875,1.09375,-0.41015625,-0.244140625
32917,1.220703125,1.0546875,-0.361328125,-0.234375
32918,1.142578125,1.201171875,-0.46875,-0.1171875
32919,1.26953125,1.123046875,-0.29296875,-0.244140625
32920,1.142578125,1.201171875,-0.3125,-0.25390625
32921,1.181640625,1.15234375,-0.302734375,-0.2734375
32922,1.240234375,1.123046875,-0.21484375,-0.166015625
32923,1.25,1.142578125,-0.3125,-0.13671875
32924,1.25,1.19140625,-0.263671875,-0.185546875
32925,1.15234375,0.966796875,-0.283203125,-0.234375
32926,1.123046875,1.142578125,-0.44921875,-0.29296875
32927,1.240234375,1.162109375,-0.283203125,-0.185546875
32928,1.23046875,1.1328125,-0.263671875,-0.322265625
32929,1.25,1.171875,-0.244140625,-0.390625
32930,1.162109375,1.171875,-0.29296875,-0.322265625
32931,1.19140625,1.181640625,-0.419921875,-0.361328125
32932,1.162109375,1.142578125,-0.234375,-0.283203125
32933,1.142578125,1.171875,-0.2734375,-0.29296875
32934,1.171875,1.142578125,-0.302734375,-0.224609375
32935,1.162109375,1.181640625,-0.29296875,-0.234375
32936,1.2109375,1.162109375,-0.224609375,-0.302734375
32937,1.162109375,1.220703125,-0.439453125,-0.29296875
32938,1.279296875,1.083984375,-0.3515625,-0.263671875
32939,1.23046875,1.09375,-0.21484375,-0.185546875
32940,1.34765625,1.083984375,-0.25390625,-0.302734375
32941,1.25,1.03515625,-0.224609375,-0.234375
32942,1.2890625,1.1328125,-0.21484375,-0.224609375
32943,1.162109375,1.142578125,-0.361328125,-0.1953125
32944,1.259765625,1.123046875,-0.400390625,-0.25390625
32945,1.220703125,1.1328125,-0.44921875,-0.2734375
32946,1.25,1.11328125,-0.283203125,-0.283203125
32947,1.240234375,1.005859375,-0.283203125,-0.224609375
32948,1.240234375,1.220703125,-0.341796875,-0.3125
32949,1.181640625,1.142578125,-0.3515625,-0.25390625
32950,1.357421875,1.220703125,-0.185546875,-0.263671875
32951,1.240234375,1.1328125,-0.33203125,-0.244140625
32952,1.2890625,1.09375,-0.29296875,-0.302734375
32953,1.19140625,1.26953125,-0.439453125,-0.380859375
32954,1.26953125,1.30859375,-0.341796875,-0.322265625
32955,1.25,1.201171875,-0.234375,-0.205078125
32956,1.201171875,1.220703125,-0.2734375,-0.29296875
32957,1.337890625,1.2109375,-0.302734375,-0.283203125
32958,1.19140625,1.2109375,-0.322265625,-0.361328125
32959,1.171875,1.142578125,-0.322265625,-0.234375
32960,1.2109375,1.142578125,-0.25390625,-0.166015625
32961,1.171875,1.201171875,-0.29296875,-0.17578125
32962,1.279296875,1.0546875,-0.244140625,-0.302734375
32963,1.2109375,1.142578125,-0.33203125,-0.283203125
32964,1.376953125,1.162109375,-0.322265625,-0.283203125
32965,1.181640625,1.2109375,-0.263671875,-0.205078125
32966,1.34765625,1.201171875,-0.21484375,-0.1953125
32967,1.318359375,1.07421875,-0.3125,-0.29296875
32968,1.220703125,1.1328125,-0.21484375,-0.15625
32969,1.26953125,1.0546875,-0.302734375,-0.234375
32970,1.171875,1.181640625,-0.3125,-0.380859375
32971,1.19140625,1.044921875,-0.29296875,-0.25390625
32972,1.279296875,1.123046875,-0.419921875,-0.41015625
32973,1.2109375,1.171875,-0.29296875,-0.244140625
32974,1.259765625,1.09375,-0.322265625,-0.1953125
32975,1.1328125,1.259765625,-0.244140625,-0.283203125
32976,1.298828125,1.181640625,-0.3515625,-0.234375
32977,1.25,1.19140625,-0.302734375,-0.322265625
32978,1.220703125,1.142578125,-0.3125,-0.166015625
32979,1.201171875,1.083984375,-0.302734375,-0.1171875
32980,1.259765625,1.1328125,-0.33203125,-0.3125
32981,1.259765625,0.95703125,-0.419921875,-0.33203125
32982,1.220703125,1.240234375,-0.244140625,-0.224609375
32983,1.26953125,1.25,-0.2734375,-0.283203125
32984,1.23046875,1.25,-0.439453125,-0.341796875
32985,1.25,1.19140625,-0.380859375,-0.3515625
32986,1.2890625,1.11328125,-0.390625,-0.390625
32987,1.337890625,1.123046875,-0.390625,-0.341796875
32988,1.279296875,1.181640625,-0.29296875,-0.2734375
32989,1.279296875,1.2109375,-0.361328125,-0.234375
32990,1.23046875,1.19140625,-0.341796875,-0.3125
32991,1.298828125,1.162109375,-0.283203125,-0.09765625
32992,1.259765625,1.1328125,-0.263671875,-0.3125
32993,1.279296875,1.1328125,-0.341796875,-0.25390625
32994,1.2109375,1.044921875,-0.380859375,-0.1953125
32995,1.337890625,1.15234375,-0.302734375,-0.263671875
32996,1.201171875,1.11328125,-0.302734375,-0.263671875
32997,1.23046875,1.044921875,-0.41015625,-0.48828125
32998,1.279296875,1.123046875,-0.361328125,-0.302734375
32999,1.23046875,1.0546875,-0.3515625,-0.263671875
33000,1.298828125,1.09375,-0.3125,0
33001,1.181640625,1.09375,-0.361328125,-0.322265625
33002,1.328125,1.1328125,-0.2734375,-0.341796875
33003,1.298828125,1.1328125,-0.263671875,-0.302734375
33004,1.298828125,1.1328125,-0.283203125,-0.263671875
33005,1.25,1.103515625,-0.25390625,-0.3515625
33006,1.240234375,1.123046875,-0.322265625,-0.283203125
33007,1.181640625,1.171875,-0.13671875,-0.2734375
33008,1.11328125,1.123046875,-0.37109375,-0.322265625
33009,1.19140625,1.201171875,-0.263671875,-0.498046875
33010,1.26953125,1.11328125,-0.2734375,-0.1953125
33011,1.259765625,1.0546875,-0.341796875,-0.361328125
33012,1.240234375,1.3671875,-0.33203125,-0.3125
33013,1.162109375,1.1328125,-0.244140625,-0.244140625
33014,1.201171875,0.9375,-0.2734375,-0.3515625
33015,1.201171875,1.103515625,-0.302734375,-0.37109375
33016,1.240234375,1.201171875,-0.33203125,-0.2734375
33017,1.26953125,1.11328125,-0.439453125,-0.29296875
33018,1.201171875,1.171875,-0.146484375,-0.33203125
33019,1.30859375,1.11328125,-0.205078125,-0.244140625
33020,1.201171875,1.11328125,-0.1953125,-0.3125
33021,1.220703125,1.142578125,-0.25390625,-0.37109375
33022,1.123046875,1.171875,-0.224609375,-0.322265625
33023,1.181640625,1.2109375,-0.146484375,-0.33203125
33024,1.25,1.09375,-0.244140625,-0.33203125
33025,1.220703125,1.15234375,-0.21484375,-0.107421875
33026,1.337890625,1.044921875,-0.21484375,-0.263671875
33027,1.259765625,1.103515625,-0.244140625,-0.380859375
33028,1.181640625,1.171875,-0.205078125,-0.15625
33029,1.181640625,1.064453125,-0.166015625,-0.302734375
33030,1.09375,1.19140625,-0.283203125,-0.322265625
33031,1.201171875,1.064453125,-0.302734375,-0.2734375
33032,1.23046875,1.162109375,-0.33203125,-0.341796875
33033,1.26953125,0.986328125,-0.25390625,-0.3125
33034,1.220703125,1.181640625,-0.400390625,-0.546875
33035,1.11328125,1.0546875,-0.3125,-0.419921875
33036,1.15234375,1.123046875,-0.234375,-0.390625
33037,1.19140625,1.123046875,-0.380859375,-0.4296875
33038,1.279296875,1.259765625,-0.48828125,-0.341796875
33039,1.23046875,1.171875,-0.33203125,-0.390625
33040,1.181640625,1.162109375,-0.263671875,-0.41015625
33041,1.181640625,1.240234375,-0.322265625,-0.380859375
33042,1.1328125,1.2890625,-0.322265625,-0.33203125
33043,1.181640625,1.2109375,-0.302734375,-0.33203125
33044,1.123046875,1.2109375,-0.341796875,-0.283203125
33045,1.201171875,1.2109375,-0.185546875,-0.390625
33046,1.220703125,1.2890625,-0.302734375,-0.302734375
33047,1.1328125,1.19140625,-0.224609375,-0.46875
33048,1.2109375,1.26953125,-0.41015625,-0.3515625
33049,1.19140625,1.220703125,-0.224609375,-0.419921875
33050,1.142578125,1.259765625,-0.205078125,-0.322265625
33051,1.142578125,1.26953125,-0.25390625,-0.341796875
33052,1.171875,1.123046875,-0.29296875,-0.439453125
33053,1.162109375,1.171875,-0.25390625,-0.3515625
33054,1.142578125,1.2890625,-0.234375,-0.3125
33055,1.15234375,1.2109375,-0.29296875,-0.3125
33056,1.23046875,1.1328125,-0.3125,-0.400390625
33057,1.25,1.15234375,-0.361328125,-0.4296875
33058,1.142578125,1.1328125,-0.29296875,-0.390625
33059,1.2109375,1.25,-0.283203125,-0.41015625
33060,1.19140625,1.142578125,-0.205078125,-0.361328125
33061,1.23046875,1.083984375,-0.166015625,-0.419921875
33062,1.23046875,1.19140625,-0.224609375,-0.44921875
33063,1.1328125,1.240234375,-0.185546875,-0.33203125
33064,1.09375,1.162109375,-0.3125,-0.37109375
33065,1.09375,1.279296875,-0.302734375,-0.3515625
33066,1.240234375,1.23046875,-0.322265625,-0.400390625
33067,1.083984375,1.25,-0.29296875,-0.341796875
33068,1.15234375,1.181640625,-0.234375,-0.2734375
33069,1.19140625,1.376953125,-0.37109375,-0.41015625
33070,1.103515625,1.123046875,-0.3125,-0.37109375
33071,1.15234375,1.2109375,-0.234375,-0.48828125
33072,1.201171875,1.25,-0.29296875,-0.37109375
33073,1.07421875,1.2109375,-0.126953125,-0.3125
33074,1.044921875,1.181640625,-0.126953125,-0.29296875
33075,1.240234375,1.23046875,-0.205078125,-0.390625
33076,1.103515625,1.181640625,-0.25390625,-0.419921875
33077,1.26953125,1.23046875,-0.1171875,-0.3515625
33078,1.25,1.142578125,-0.419921875,-0.478515625
33079,1.328125,1.279296875,-0.205078125,-0.498046875
33080,1.26953125,1.26953125,-0.234375,-0.654296875
33081,1.240234375,1.298828125,-0.146484375,-0.361328125
33082,1.1328125,1.2109375,-0.3125,-0.322265625
33083,1.337890625,1.220703125,-0.263671875,-0.3125
33084,1.181640625,1.19140625,-0.146484375,-0.37109375
33085,1.26953125,1.2890625,-0.3125,-0.361328125
33086,1.181640625,1.15234375,-0.283203125,-0.361328125
33087,1.240234375,1.162109375,-0.33203125,-0.439453125
33088,1.2109375,1.11328125,-0.244140625,-0.4296875
33089,1.240234375,1.162109375,-0.224609375,-0.302734375
33090,1.2890625,1.2109375,-0.244140625,-0.380859375
33091,1.240234375,1.2109375,-0.263671875,-0.458984375
33092,1.15234375,1.2109375,-0.126953125,-0.439453125
33093,1.259765625,1.162109375,-0.3515625,-0.2734375
33094,1.25,1.30859375,-0.37109375,-0.400390625
33095,1.220703125,1.220703125,-0.283203125,-0.4296875
33096,1.279296875,1.1328125,-0.1953125,-0.4296875
33097,1.1328125,1.11328125,-0.244140625,-0.33203125
33098,1.103515625,1.162109375,-0.244140625,-0.556640625
33099,1.11328125,1.1328125,-0.263671875,-0.419921875
33100,1.171875,1.181640625,-0.244140625,-0.419921875
33101,1.240234375,1.123046875,-0.263671875,-0.4296875
33102,1.181640625,1.26953125,-0.302734375,-0.4296875
33103,1.30859375,1.25,-0.244140625,-0.439453125
33104,1.201171875,1.15234375,-0.3125,-0.498046875
33105,1.2109375,1.1328125,-0.224609375,-0.439453125
33106,1.103515625,1.162109375,-0.25390625,-0.46875
33107,1.171875,1.044921875,-0.2734375,-0.390625
33108,1.220703125,1.103515625,-0.13671875,-0.419921875
33109,1.11328125,1.298828125,-0.37109375,-0.546875
33110,1.142578125,1.15234375,-0.2734375,-0.37109375
33111,1.171875,1.083984375,-0.21484375,-0.439453125
33112,1.083984375,1.15234375,-0.37109375,-0.3515625
33113,1.15234375,1.19140625,-0.283203125,-0.361328125
33114,1.083984375,0.99609375,-0.13671875,-0.380859375
33115,1.142578125,1.1328125,-0.166015625,-0.341796875
33116,1.07421875,1.083984375,-0.234375,-0.41015625
33117,1.181640625,1.1328125,-0.263671875,-0.390625
33118,1.142578125,1.0546875,-0.302734375,-0.390625
33119,1.103515625,1.07421875,-0.322265625,-0.44921875
33120,1.220703125,1.09375,-0.29296875,-0.41015625
33121,1.15234375,1.09375,-0.33203125,-0.380859375
33122,1.07421875,1.171875,-0.25390625,-0.361328125
33123,1.083984375,1.11328125,-0.3125,-0.498046875
33124,1.201171875,1.19140625,-0.1953125,-0.46875
33125,1.19140625,1.162109375,-0.234375,-0.498046875
33126,1.103515625,1.171875,-0.361328125,-0.439453125
33127,1.15234375,1.162109375,-0.234375,-0.380859375
33128,1.15234375,1.1328125,-0.224609375,-0.322265625
33129,1.123046875,1.19140625,-0.1953125,-0.41015625
33130,1.181640625,1.2109375,-0.3125,-0.44921875
33131,1.142578125,1.0546875,-0.302734375,-0.458984375
33132,1.123046875,1.1328125,-0.234375,-0.380859375
33133,1.09375,1.123046875,-0.29296875,-0.41015625
33134,1.0546875,1.083984375,-0.390625,-0.380859375
33135,1.123046875,1.171875,-0.263671875,-0.341796875
33136,1.142578125,1.15234375,-0.25390625,-0.400390625
33137,1.123046875,1.09375,-0.263671875,-0.37109375
33138,1.09375,1.1328125,-0.2734375,-0.419921875
33139,1.11328125,1.171875,-0.322265625,-0.390625
33140,1.1328125,1.142578125,-0.1953125,-0.341796875
33141,1.044921875,1.103515625,-0.25390625,-0.21484375
33142,1.123046875,1.171875,-0.322265625,-0.37109375
33143,0.966796875,1.171875,-0.41015625,-0.390625
33144,1.15234375,1.19140625,-0.244140625,-0.48828125
33145,1.09375,1.171875,-0.322265625,-0.3515625
33146,1.171875,1.123046875,-0.33203125,-0.3515625
33147,1.1328125,1.083984375,-0.283203125,-0.3515625
33148,1.171875,1.083984375,-0.234375,-0.41015625
33149,1.103515625,1.09375,-0.13671875,-0.458984375
33150,1.259765625,1.15234375,-0.244140625,-0.41015625
33151,1.259765625,1.23046875,-0.205078125,-0.419921875
33152,1.19140625,1.03515625,-0.244140625,-0.380859375
33153,1.142578125,1.1328125,-0.361328125,-0.361328125
33154,1.07421875,0.966796875,-0.2734375,-0.4296875
33155,1.044921875,1.123046875,-0.21484375,-0.400390625
33156,1.220703125,1.0546875,-0.185546875,-0.37109375
33157,1.318359375,1.09375,-0.146484375,-0.478515625
33158,1.123046875,1.171875,-0.1171875,-0.46875
33159,1.2109375,1.07421875,-0.3125,-0.41015625
33160,1.171875,0.87890625,-0.21484375,-0.380859375
33161,1.298828125,1.142578125,-0.05859375,-0.3515625
33162,1.15234375,1.1328125,-0.244140625,-0.458984375
33163,1.15234375,1.07421875,-0.302734375,-0.341796875
33164,1.25,1.064453125,-0.166015625,-0.390625
33165,1.201171875,1.015625,-0.17578125,-0.44921875
33166,1.2890625,1.123046875,-0.21484375,-0.361328125
33167,1.2890625,1.0546875,-0.224609375,-0.390625
33168,1.328125,1.09375,-0.234375,-0.400390625
33169,1.201171875,1.0546875,-0.244140625,-0.517578125
33170,1.2109375,1.09375,-0.263671875,-0.400390625
33171,1.25,1.064453125,-0.3125,-0.322265625
33172,1.103515625,1.03515625,-0.33203125,-0.322265625
33173,1.19140625,1.025390625,-0.3125,-0.390625
33174,1.201171875,1.083984375,-0.263671875,-0.361328125
33175,1.240234375,1.181640625,-0.302734375,-0.283203125
33176,1.044921875,1.103515625,-0.341796875,-0.1953125
33177,1.09375,1.07421875,-0.185546875,-0.361328125
33178,1.11328125,1.2109375,-0.3125,-0.3515625
33179,1.181640625,1.005859375,-0.263671875,-0.41015625
33180,1.123046875,1.09375,-0.3515625,-0.302734375
33181,1.083984375,1.171875,-0.33203125,-0.380859375
33182,1.2109375,1.142578125,-0.234375,-0.37109375
33183,1.171875,1.15234375,-0.244140625,-0.419921875
33184,1.1328125,1.201171875,-0.322265625,-0.419921875
33185,1.09375,1.162109375,-0.224609375,-0.37109375
33186,1.220703125,1.11328125,-0.29296875,-0.166015625
33187,1.40625,1.142578125,-0.234375,-0.322265625
33188,1.25,1.240234375,-0.146484375,-0.29296875
33189,1.23046875,1.162109375,-0.2734375,-0.263671875
33190,1.279296875,1.162109375,-0.234375,-0.2734375
33191,1.23046875,1.123046875,-0.107421875,-0.29296875
33192,1.298828125,1.083984375,-0.283203125,-0.556640625
33193,1.357421875,1.1328125,-0.263671875,-0.234375
33194,1.25,1.015625,-0.302734375,-0.283203125
33195,1.259765625,0.99609375,-0.29296875,-0.13671875
33196,1.240234375,1.1328125,-0.166015625,-0.126953125
33197,1.19140625,1.103515625,-0.29296875,-0.4296875
33198,1.259765625,1.11328125,-0.1953125,-0.302734375
33199,1.162109375,1.1328125,-0.185546875,-0.33203125
33200,1.2109375,1.162109375,-0.25390625,-0.37109375
33201,1.220703125,1.09375,-0.21484375,-0.17578125
33202,1.25,0.9765625,-0.126953125,-0.3515625
33203,1.240234375,1.142578125,-0.302734375,-0.380859375
33204,1.26953125,1.123046875,-0.17578125,-0.4296875
33205,1.30859375,1.025390625,-0.2734375,-0.615234375
33206,1.15234375,1.103515625,-0.244140625,-0.322265625
33207,1.259765625,1.2890625,-0.166015625,-0.458984375
33208,1.103515625,1.083984375,-0.1953125,-0.517578125
33209,1.337890625,1.09375,-0.1171875,-0.361328125
33210,1.240234375,1.23046875,-0.283203125,-0.419921875
33211,1.26953125,1.11328125,-0.185546875,-0.576171875
33212,1.279296875,1.083984375,-0.185546875,-0.33203125
33213,1.220703125,1.162109375,-0.21484375,-0.4296875
33214,1.416015625,1.044921875,-0.146484375,-0.380859375
33215,1.357421875,1.1328125,-0.205078125,-0.361328125
33216,1.103515625,1.025390625,-0.205078125,-0.4296875
33217,1.142578125,1.0546875,-0.185546875,-0.390625
33218,1.4453125,1.11328125,-0.13671875,-0.341796875
33219,1.201171875,1.083984375,-0.25390625,-0.263671875
33220,1.2109375,1.103515625,-0.21484375,-0.4296875
33221,1.40625,1.09375,-0.17578125,-0.322265625
33222,1.240234375,1.220703125,-0.224609375,-0.341796875
33223,1.25,1.09375,-0.25390625,-0.3515625
33224,1.171875,1.103515625,-0.224609375,-0.341796875
33225,1.2109375,1.083984375,-0.263671875,-0.341796875
33226,1.25,1.103515625,-0.21484375,-0.234375
33227,1.30859375,1.09375,-0.185546875,-0.3515625
33228,1.220703125,1.26953125,-0.1953125,-0.341796875
33229,1.298828125,1.15234375,-0.244140625,-0.5078125
33230,1.220703125,1.103515625,-0.234375,-0.458984375
33231,1.220703125,1.15234375,-0.09765625,-0.361328125
33232,1.26953125,1.103515625,-0.244140625,-0.322265625
33233,1.2890625,1.0546875,-0.21484375,-0.4296875
33234,1.19140625,1.1328125,-0.146484375,-0.3515625
33235,1.19140625,1.259765625,-0.166015625,-0.419921875
33236,1.259765625,1.220703125,-0.1953125,-0.390625
33237,1.240234375,1.181640625,-0.25390625,-0.400390625
33238,1.240234375,1.142578125,-0.1953125,-0.361328125
33239,1.259765625,1.083984375,-0.1953125,-0.224609375
33240,1.279296875,1.23046875,-0.17578125,-0.2734375
33241,1.25,1.162109375,-0.205078125,-0.33203125
33242,1.15234375,1.19140625,-0.263671875,-0.41015625
33243,1.26953125,1.123046875,-0.205078125,-0.37109375
33244,1.19140625,1.083984375,-0.244140625,-0.517578125
33245,1.1328125,1.162109375,-0.244140625,-0.390625
33246,1.220703125,1.11328125,-0.205078125,-0.390625
33247,1.19140625,1.07421875,-0.1171875,-0.283203125
33248,1.23046875,1.142578125,-0.205078125,-0.41015625
33249,1.171875,1.2890625,-0.1953125,-0.29296875
33250,1.30859375,1.220703125,-0.17578125,-0.322265625
33251,1.220703125,1.123046875,-0.21484375,-0.46875
33252,1.162109375,1.03515625,-0.21484375,-0.3515625
33253,1.19140625,1.11328125,-0.126953125,-0.439453125
33254,1.162109375,1.103515625,-0.234375,-0.341796875
33255,1.181640625,1.025390625,-0.25390625,-0.361328125
33256,1.240234375,1.142578125,-0.302734375,-0.37109375
33257,1.220703125,1.103515625,-0.185546875,-0.419921875
33258,1.19140625,1.19140625,-0.146484375,-0.322265625
33259,1.201171875,0.966796875,-0.244140625,-0.263671875
33260,1.25,1.11328125,-0.302734375,-0.439453125
33261,1.220703125,0.78125,-0.205078125,-0.3515625
33262,1.201171875,1.142578125,-0.283203125,-0.3515625
33263,1.259765625,0.966796875,-0.25390625,-0.322265625
33264,1.181640625,1.015625,-0.087890625,-0.322265625
33265,1.181640625,1.1328125,-0.205078125,-0.3515625
33266,1.25,1.09375,-0.1953125,-0.302734375
33267,1.23046875,1.142578125,-0.25390625,-0.361328125
33268,1.201171875,1.044921875,-0.205078125,-0.302734375
33269,1.2890625,1.123046875,-0.244140625,-0.2734375
33270,1.201171875,1.064453125,-0.05859375,-0.29296875
33271,1.09375,1.142578125,-0.126953125,-0.322265625
33272,1.259765625,1.064453125,-0.263671875,-0.29296875
33273,1.103515625,1.07421875,-0.17578125,-0.283203125
33274,1.19140625,0.99609375,-0.185546875,-0.3515625
33275,1.201171875,1.162109375,-0.2734375,-0.2734375
33276,1.30859375,1.15234375,-0.283203125,-0.390625
33277,1.23046875,1.03515625,-0.21484375,-0.419921875
33278,1.25,1.07421875,-0.25390625,-0.390625
33279,1.240234375,1.1328125,-0.234375,-0.37109375
33280,1.201171875,1.103515625,-0.185546875,-0.361328125
33281,1.357421875,1.064453125,-0.234375,-0.322265625
33282,1.171875,1.07421875,-0.2734375,-0.33203125
33283,1.123046875,0.95703125,-0.29296875,-0.33203125
33284,1.171875,1.025390625,-0.234375,-0.4296875
33285,1.455078125,1.07421875,-0.21484375,-0.380859375
33286,1.23046875,1.07421875,-0.244140625,-0.361328125
33287,1.201171875,1.064453125,-0.33203125,-0.33203125
33288,1.2109375,1.083984375,-0.3125,-0.390625
33289,1.19140625,1.044921875,-0.21484375,-0.2734375
33290,1.103515625,1.025390625,-0.21484375,-0.390625
33291,1.181640625,1.1328125,-0.3515625,-0.263671875
33292,1.19140625,1.07421875,-0.234375,-0.263671875
33293,1.2109375,1.07421875,-0.263671875,-0.15625
33294,1.181640625,1.015625,-0.107421875,-0.302734375
33295,1.171875,1.09375,-0.21484375,-0.224609375
33296,1.2890625,0.99609375,-0.087890625,-0.322265625
33297,1.19140625,1.03515625,-0.146484375,-0.33203125
33298,1.26953125,1.15234375,-0.341796875,-0.263671875
33299,1.162109375,1.07421875,-0.126953125,-0.29296875
33300,1.2109375,1.103515625,-0.078125,-0.29296875
33301,1.26953125,1.123046875,-0.234375,-0.205078125
33302,1.328125,1.07421875,-0.205078125,-0.146484375
33303,1.26953125,1.07421875,-0.224609375,-0.302734375
33304,1.171875,1.015625,-0.205078125,-0.263671875
33305,1.318359375,1.064453125,-0.185546875,-0.25390625
33306,1.240234375,1.03515625,-0.1171875,-0.5078125
33307,1.201171875,1.162109375,-0.21484375,-0.302734375
33308,1.26953125,1.171875,-0.107421875,-0.21484375
33309,1.298828125,1.083984375,-0.33203125,-0.48828125
33310,1.259765625,0.966796875,-0.166015625,-0.3515625
33311,1.201171875,1.0546875,-0.25390625,-0.283203125
33312,1.2109375,1.07421875,-0.17578125,-0.41015625
33313,1.181640625,1.03515625,-0.302734375,-0.380859375
33314,1.2890625,1.162109375,-0.283203125,-0.1953125
33315,1.23046875,1.044921875,-0.400390625,-0.263671875
33316,1.1328125,1.03515625,-0.29296875,-0.302734375
33317,1.1328125,1.015625,-0.400390625,-0.244140625
33318,1.19140625,1.103515625,-0.29296875,-0.21484375
33319,1.240234375,1.23046875,-0.283203125,-0.25390625
33320,1.26953125,0.966796875,-0.234375,-0.234375
33321,1.11328125,1.123046875,-0.21484375,-0.263671875
33322,1.279296875,1.103515625,-0.302734375,-0.3125
33323,1.162109375,0.99609375,-0.15625,-0.185546875
33324,1.259765625,1.083984375,-0.3125,-0.33203125
33325,1.259765625,1.044921875,-0.283203125,-0.322265625
33326,1.298828125,0.947265625,-0.37109375,-0.244140625
33327,1.171875,1.09375,-0.33203125,-0.37109375
33328,1.220703125,1.15234375,-0.224609375,-0.302734375
33329,1.15234375,1.044921875,-0.21484375,-0.21484375
33330,1.201171875,1.1328125,-0.224609375,-0.33203125
33331,1.259765625,1.103515625,-0.3125,-0.283203125
33332,1.123046875,1.19140625,-0.380859375,-0.244140625
33333,1.181640625,1.123046875,-0.302734375,-0.322265625
33334,1.298828125,1.0546875,-0.244140625,-0.263671875
33335,1.171875,1.044921875,-0.33203125,-0.234375
33336,1.201171875,1.044921875,-0.3125,-0.341796875
33337,1.279296875,1.103515625,-0.283203125,-0.3125
33338,1.240234375,1.220703125,-0.46875,-0.341796875
33339,1.259765625,1.11328125,-0.4296875,0.048828125
33340,1.220703125,1.201171875,-0.341796875,-0.244140625
33341,1.1328125,1.09375,-0.4296875,-0.3515625
33342,1.09375,1.083984375,-0.37109375,-0.224609375
33343,1.26953125,1.0546875,-0.41015625,-0.244140625
33344,1.171875,1.1328125,-0.3515625,-0.166015625
33345,1.240234375,1.005859375,-0.390625,-0.21484375
33346,1.142578125,0.91796875,-0.37109375,-0.29296875
33347,1.19140625,1.03515625,-0.380859375,-0.21484375
33348,1.220703125,1.09375,-0.341796875,-0.1953125
33349,1.171875,1.09375,-0.400390625,-0.234375
33350,1.162109375,1.142578125,-0.458984375,-0.33203125
33351,1.171875,1.15234375,-0.302734375,-0.244140625
33352,1.09375,1.15234375,-0.3125,-0.1953125
33353,1.162109375,1.11328125,-0.3125,-0.15625
33354,1.337890625,1.083984375,-0.3125,-0.361328125
33355,1.162109375,1.064453125,-0.2734375,-0.166015625
33356,1.171875,1.11328125,-0.2734375,-0.25390625
33357,1.220703125,1.123046875,-0.3125,-0.2734375
33358,1.357421875,1.142578125,-0.322265625,-0.283203125
33359,1.181640625,1.1328125,-0.419921875,-0.302734375
33360,1.162109375,1.044921875,-0.41015625,-0.244140625
33361,1.162109375,1.162109375,-0.37109375,-0.302734375
33362,1.220703125,1.162109375,-0.263671875,-0.234375
33363,1.15234375,1.103515625,-0.224609375,-0.361328125
33364,1.103515625,1.103515625,-0.283203125,-0.283203125
33365,1.142578125,1.123046875,-0.29296875,-0.263671875
33366,1.201171875,1.142578125,-0.3125,-0.17578125
33367,1.240234375,1.142578125,-0.322265625,-0.185546875
33368,1.162109375,1.1328125,-0.146484375,-0.341796875
33369,1.376953125,1.142578125,-0.244140625,-0.29296875
33370,1.259765625,1.083984375,-0.341796875,-0.322265625
33371,1.23046875,1.1328125,-0.302734375,-0.2734375
33372,1.4453125,0.95703125,-0.419921875,-0.17578125
33373,1.240234375,1.025390625,-0.390625,-0.17578125
33374,1.416015625,1.064453125,-0.322265625,-0.263671875
33375,1.201171875,1.142578125,-0.29296875,-0.244140625
33376,1.201171875,1.142578125,-0.29296875,-0.21484375
33377,1.19140625,1.07421875,-0.21484375,-0.283203125
33378,1.26953125,1.19140625,-0.224609375,-0.302734375
33379,1.201171875,1.09375,-0.33203125,-0.322265625
33380,1.23046875,1.0546875,-0.244140625,-0.1953125
33381,1.2890625,1.103515625,-0.302734375,-0.205078125
33382,1.1328125,1.142578125,-0.234375,-0.2734375
33383,1.25,1.201171875,-0.244140625,-0.21484375
33384,1.142578125,1.123046875,-0.29296875,-0.25390625
33385,1.23046875,1.201171875,-0.283203125,-0.302734375
33386,1.25,1.064453125,-0.205078125,-0.3125
33387,1.220703125,1.2109375,-0.21484375,-0.341796875
33388,1.240234375,1.1328125,-0.2734375,-0.44921875
33389,1.044921875,1.2890625,-0.361328125,-0.4296875
33390,1.171875,1.279296875,-0.322265625,-0.2734375
33391,1.240234375,1.220703125,-0.25390625,-0.21484375
33392,1.318359375,1.103515625,-0.37109375,-0.25390625
33393,1.2109375,1.171875,-0.322265625,-0.341796875
33394,1.142578125,1.26953125,-0.21484375,-0.17578125
33395,1.220703125,1.298828125,-0.224609375,-0.361328125
33396,1.2890625,1.220703125,-0.341796875,-0.322265625
33397,1.259765625,1.1328125,-0.25390625,-0.2734375
33398,1.2109375,1.123046875,-0.283203125,-0.205078125
33399,1.34765625,1.1328125,-0.283203125,-0.3515625
33400,1.2109375,1.11328125,-0.361328125,-0.224609375
33401,1.23046875,1.201171875,-0.302734375,-0.224609375
33402,1.26953125,1.11328125,-0.224609375,-0.33203125
33403,1.298828125,1.162109375,-0.244140625,-0.146484375
33404,1.328125,1.201171875,-0.37109375,-0.185546875
33405,1.240234375,0.9765625,-0.263671875,-0.283203125
33406,1.298828125,1.083984375,-0.3515625,-0.234375
33407,1.259765625,1.123046875,-0.283203125,-0.302734375
33408,1.357421875,0.859375,-0.1953125,-0.244140625
33409,1.337890625,1.15234375,-0.2734375,-0.263671875
33410,1.30859375,1.123046875,-0.244140625,-0.2734375
33411,1.26953125,1.142578125,-0.234375,-0.3125
33412,1.259765625,1.15234375,-0.263671875,-0.1953125
33413,1.162109375,1.09375,-0.302734375,-0.380859375
33414,1.279296875,1.025390625,-0.2734375,-0.25390625
33415,1.240234375,1.15234375,-0.166015625,-0.33203125
33416,1.220703125,1.1328125,-0.341796875,-0.478515625
33417,1.23046875,1.142578125,-0.29296875,-0.341796875
33418,1.26953125,1.162109375,-0.263671875,-0.29296875
33419,1.142578125,1.1328125,-0.234375,-0.29296875
33420,1.201171875,1.15234375,-0.224609375,-0.3515625
33421,1.1328125,1.23046875,-0.15625,-0.400390625
33422,1.240234375,1.162109375,-0.33203125,-0.37109375
33423,1.19140625,1.083984375,-0.224609375,-0.2734375
33424,1.2109375,1.181640625,-0.29296875,-0.25390625
33425,1.376953125,0.966796875,-0.302734375,-0.29296875
33426,1.2109375,1.240234375,-0.283203125,-0.380859375
33427,1.23046875,1.1328125,-0.2734375,-0.4296875
33428,1.25,1.201171875,-0.25390625,-0.4296875
33429,1.142578125,1.0546875,-0.3515625,-0.3125
33430,1.240234375,1.103515625,-0.341796875,-0.37109375
33431,1.240234375,1.2109375,-0.244140625,-0.390625
33432,1.171875,0.99609375,-0.390625,-0.33203125
33433,1.181640625,1.103515625,-0.29296875,-0.380859375
33434,1.240234375,1.064453125,-0.224609375,-0.283203125
33435,1.376953125,1.2109375,-0.234375,-0.283203125
33436,1.376953125,1.181640625,-0.322265625,-0.322265625
33437,1.34765625,1.123046875,-0.244140625,-0.44921875
33438,1.298828125,1.044921875,-0.439453125,-0.166015625
33439,1.2890625,1.162109375,-0.3125,-0.3125
33440,1.25,1.15234375,-0.361328125,-0.15625
33441,1.171875,1.103515625,-0.185546875,-0.29296875
33442,1.1328125,1.123046875,-0.33203125,-0.283203125
33443,1.142578125,1.23046875,-0.205078125,-0.390625
33444,1.25,1.162109375,-0.29296875,-0.341796875
33445,1.201171875,1.162109375,-0.341796875,-0.263671875
33446,0.99609375,1.142578125,-0.33203125,-0.322265625
33447,1.23046875,1.171875,-0.15625,-0.3515625
33448,1.123046875,1.005859375,-0.283203125,-0.322265625
33449,1.19140625,1.083984375,-0.322265625,-0.33203125
33450,1.2109375,1.103515625,-0.244140625,-0.361328125
33451,1.07421875,1.201171875,-0.3125,-0.25390625
33452,1.181640625,1.15234375,-0.2734375,-0.33203125
33453,1.23046875,1.15234375,-0.25390625,-0.41015625
33454,1.1328125,1.123046875,-0.224609375,-0.2734375
33455,1.005859375,1.1328125,-0.224609375,-0.37109375
33456,1.15234375,1.07421875,-0.3515625,-0.2734375
33457,1.123046875,1.07421875,-0.234375,-0.263671875
33458,1.201171875,1.171875,-0.302734375,-0.341796875
33459,1.171875,1.181640625,-0.25390625,-0.33203125
33460,1.23046875,1.142578125,-0.3515625,-0.302734375
33461,1.220703125,1.162109375,-0.263671875,-0.341796875
33462,1.064453125,1.201171875,-0.33203125,-0.263671875
33463,1.25,1.03515625,-0.244140625,-0.3515625
33464,1.07421875,1.23046875,-0.234375,-0.283203125
33465,1.181640625,1.123046875,-0.322265625,-0.361328125
33466,1.2109375,1.201171875,-0.283203125,-0.283203125
33467,1.181640625,1.171875,-0.283203125,-0.400390625
33468,1.1328125,1.11328125,-0.302734375,-0.3515625
33469,1.1328125,1.201171875,-0.44921875,-0.234375
33470,1.171875,1.23046875,-0.302734375,-0.33203125
33471,1.2109375,1.162109375,-0.37109375,-0.41015625
33472,1.201171875,1.181640625,-0.3515625,-0.341796875
33473,1.1328125,1.220703125,-0.185546875,-0.37109375
33474,1.103515625,1.2109375,-0.33203125,-0.37109375
33475,1.19140625,1.25,-0.25390625,-0.419921875
33476,1.26953125,1.259765625,-0.322265625,-0.390625
33477,1.25,1.1328125,-0.3125,-0.361328125
33478,1.142578125,1.181640625,-0.1953125,-0.322265625
33479,1.201171875,1.15234375,-0.15625,-0.380859375
33480,1.201171875,1.1328125,-0.1953125,-0.390625
33481,1.142578125,1.396484375,-0.263671875,-0.341796875
33482,1.15234375,1.240234375,-0.263671875,-0.3125
33483,1.19140625,1.259765625,-0.17578125,-0.439453125
33484,1.181640625,1.30859375,-0.13671875,-0.400390625
33485,1.171875,1.220703125,-0.224609375,-0.48828125
33486,1.171875,1.201171875,-0.166015625,-0.380859375
33487,1.09375,1.318359375,-0.205078125,-0.41015625
33488,1.240234375,1.19140625,-0.17578125,-0.21484375
33489,1.162109375,1.181640625,-0.2734375,-0.322265625
33490,1.11328125,1.220703125,-0.419921875,-0.263671875
33491,1.318359375,0.99609375,-0.205078125,-0.390625
33492,1.0546875,1.220703125,-0.322265625,-0.2734375
33493,1.11328125,0.9765625,-0.185546875,-0.419921875
33494,1.142578125,1.2109375,-0.302734375,-0.44921875
33495,1.162109375,1.1328125,-0.3515625,-0.41015625
33496,1.25,1.2109375,-0.283203125,-0.380859375
33497,1.162109375,1.162109375,-0.302734375,-0.44921875
33498,1.0546875,1.171875,-0.263671875,-0.478515625
33499,1.0546875,1.220703125,-0.33203125,-0.3515625
33500,1.162109375,1.162109375,-0.185546875,-0.3125
33501,1.142578125,1.220703125,-0.4296875,-0.33203125
33502,1.09375,1.298828125,-0.283203125,-0.33203125
33503,1.1328125,1.2109375,-0.13671875,-0.380859375
33504,1.201171875,1.044921875,-0.302734375,-0.37109375
33505,1.07421875,1.279296875,-0.33203125,-0.37109375
33506,1.142578125,1.19140625,-0.322265625,-0.33203125
33507,1.11328125,1.23046875,-0.25390625,-0.546875
33508,1.11328125,1.2890625,-0.380859375,-0.41015625
33509,1.1328125,1.25,-0.244140625,-0.37109375
33510,1.07421875,1.171875,-0.25390625,-0.458984375
33511,1.328125,1.26953125,-0.224609375,-0.29296875
33512,1.25,1.259765625,-0.29296875,-0.3515625
33513,1.162109375,1.26953125,-0.263671875,-0.234375
33514,1.201171875,1.1328125,-0.322265625,-0.3125
33515,1.26953125,1.142578125,-0.322265625,-0.341796875
33516,1.1328125,1.162109375,-0.1953125,-0.3515625
33517,1.25,1.0546875,-0.21484375,-0.390625
33518,1.171875,1.103515625,-0.205078125,-0.419921875
33519,1.2890625,1.142578125,-0.341796875,-0.4296875
33520,1.3671875,1.23046875,-0.234375,-0.390625
33521,1.11328125,1.26953125,-0.21484375,-0.380859375
33522,1.181640625,1.181640625,-0.2734375,-0.48828125
33523,1.025390625,1.259765625,-0.29296875,-0.390625
33524,1.123046875,1.103515625,-0.361328125,-0.380859375
33525,1.23046875,1.2109375,-0.3125,-0.48828125
33526,1.142578125,1.2109375,-0.390625,-0.46875
33527,1.220703125,1.19140625,-0.3125,-0.458984375
33528,1.142578125,1.142578125,-0.2734375,-0.458984375
33529,1.162109375,1.15234375,-0.37109375,-0.41015625
33530,1.181640625,1.083984375,-0.3125,-0.3125
33531,1.1328125,1.15234375,-0.2734375,-0.361328125
33532,1.15234375,1.171875,-0.322265625,-0.458984375
33533,1.19140625,1.171875,-0.2734375,-0.400390625
33534,1.15234375,1.171875,-0.234375,-0.400390625
33535,1.220703125,1.162109375,-0.29296875,-0.37109375
33536,1.142578125,1.064453125,-0.205078125,-0.33203125
33537,1.103515625,1.15234375,-0.166015625,-0.439453125
33538,1.0546875,1.162109375,-0.25390625,-0.439453125
33539,1.2109375,1.07421875,-0.1171875,-0.3515625
33540,1.1328125,1.11328125,-0.361328125,-0.3515625
33541,1.171875,1.1328125,-0.3515625,-0.341796875
33542,1.220703125,1.083984375,-0.33203125,-0.361328125
33543,1.1328125,1.171875,-0.361328125,-0.458984375
33544,1.11328125,1.123046875,-0.166015625,-0.37109375
33545,1.03515625,1.0546875,-0.244140625,-0.380859375
33546,1.19140625,1.181640625,-0.302734375,-0.48828125
33547,1.19140625,1.15234375,-0.21484375,-0.25390625
33548,1.07421875,1.171875,-0.2734375,-0.439453125
33549,0.9375,1.19140625,-0.234375,-0.439453125
33550,1.19140625,1.142578125,-0.21484375,-0.439453125
33551,1.103515625,1.09375,-0.2734375,-0.517578125
33552,1.171875,1.201171875,-0.234375,-0.634765625
33553,1.09375,1.220703125,-0.283203125,-0.5859375
33554,1.09375,1.181640625,-0.166015625,-0.44921875
33555,1.0546875,1.220703125,-0.283203125,-0.29296875
33556,1.123046875,1.171875,-0.21484375,-0.439453125
33557,1.220703125,1.11328125,-0.380859375,-0.44921875
33558,1.15234375,1.083984375,-0.263671875,-0.4296875
33559,1.240234375,1.123046875,-0.341796875,-0.439453125
33560,1.064453125,1.11328125,-0.29296875,-0.5078125
33561,1.142578125,1.0546875,-0.244140625,-0.478515625
33562,1.15234375,1.171875,-0.3125,-0.46875
33563,1.1328125,1.083984375,-0.1953125,-0.37109375
33564,1.201171875,1.25,-0.2734375,-0.3515625
33565,1.1328125,1.171875,-0.458984375,-0.400390625
33566,1.162109375,1.2890625,-0.2734375,-0.37109375
33567,0.9765625,1.064453125,-0.3125,-0.2734375
33568,1.015625,1.0546875,-0.361328125,-0.5078125
33569,1.083984375,1.11328125,-0.283203125,-0.3515625
33570,1.25,1.123046875,-0.283203125,-0.302734375
33571,1.0546875,1.1328125,-0.263671875,-0.41015625
33572,1.09375,1.0546875,-0.205078125,-0.33203125
33573,1.201171875,1.181640625,-0.17578125,-0.33203125
33574,1.19140625,1.1328125,-0.25390625,-0.439453125
33575,1.15234375,1.123046875,-0.185546875,-0.37109375
33576,1.162109375,1.2109375,-0.302734375,-0.29296875
33577,1.15234375,1.15234375,-0.166015625,-0.380859375
33578,1.15234375,1.103515625,-0.283203125,-0.390625
33579,1.123046875,1.123046875,-0.2734375,-0.3515625
33580,1.201171875,1.123046875,-0.234375,-0.37109375
33581,1.103515625,1.181640625,-0.25390625,-0.41015625
33582,1.09375,1.142578125,-0.283203125,-0.419921875
33583,1.103515625,1.123046875,-0.17578125,-0.33203125
33584,1.30859375,1.142578125,-0.234375,-0.439453125
33585,1.240234375,1.09375,-0.166015625,-0.458984375
33586,1.162109375,1.19140625,-0.3125,-0.341796875
33587,1.123046875,1.142578125,-0.224609375,-0.3515625
33588,1.181640625,1.171875,-0.3515625,-0.390625
33589,1.171875,1.123046875,-0.107421875,-0.41015625
33590,1.201171875,1.103515625,-0.29296875,-0.37109375
33591,1.1328125,1.103515625,-0.244140625,-0.419921875
33592,1.11328125,1.1328125,-0.341796875,-0.380859375
33593,1.171875,1.0546875,-0.302734375,-0.44921875
33594,1.142578125,1.220703125,-0.25390625,-0.390625
33595,1.25,1.1328125,-0.322265625,-0.37109375
33596,1.23046875,1.083984375,-0.146484375,-0.3125
33597,1.181640625,1.083984375,-0.341796875,-0.380859375
33598,1.240234375,1.103515625,-0.185546875,-0.390625
33599,1.1328125,1.15234375,-0.302734375,-0.4296875
33600,1.220703125,1.15234375,-0.2734375,-0.517578125
33601,1.2109375,1.142578125,-0.244140625,-0.46875
33602,1.2109375,1.064453125,-0.25390625,-0.224609375
33603,1.220703125,1.103515625,-0.2734375,-0.46875
33604,1.15234375,1.07421875,-0.244140625,-0.556640625
33605,1.19140625,1.162109375,-0.2734375,-0.380859375
33606,1.23046875,1.142578125,-0.263671875,-0.419921875
33607,1.181640625,1.2109375,-0.185546875,-0.390625
33608,1.337890625,1.19140625,-0.224609375,-0.322265625
33609,1.2890625,1.162109375,-0.263671875,-0.33203125
33610,1.201171875,0.888671875,-0.21484375,-0.244140625
33611,1.181640625,1.064453125,-0.224609375,-0.537109375
33612,1.171875,1.1328125,-0.4296875,-0.361328125
33613,1.220703125,1.142578125,-0.400390625,-0.498046875
33614,1.259765625,1.171875,-0.322265625,-0.341796875
33615,1.201171875,1.123046875,-0.400390625,-0.25390625
33616,1.1328125,1.142578125,-0.205078125,-0.390625
33617,1.25,1.123046875,-0.17578125,-0.283203125
33618,1.25,1.025390625,-0.224609375,-0.361328125
33619,1.220703125,1.044921875,-0.244140625,-0.3125
33620,1.298828125,1.19140625,-0.29296875,-0.234375
33621,1.201171875,1.1328125,-0.205078125,-0.3515625
33622,1.2109375,1.123046875,-0.224609375,-0.302734375
33623,1.201171875,1.142578125,-0.263671875,-0.48828125
33624,1.15234375,1.220703125,-0.21484375,-0.3125
33625,1.083984375,1.15234375,-0.361328125,-0.498046875
33626,1.201171875,1.11328125,-0.361328125,-0.46875
33627,1.2890625,1.240234375,-0.234375,-0.3515625
33628,1.19140625,1.09375,-0.21484375,-0.3125
33629,1.162109375,1.162109375,-0.166015625,-0.546875
33630,1.15234375,1.03515625,-0.17578125,-0.4296875
33631,1.30859375,1.2109375,-0.234375,-0.37109375
33632,1.259765625,1.083984375,-0.21484375,-0.224609375
33633,1.25,1.171875,-0.13671875,-0.322265625
33634,1.162109375,1.11328125,-0.322265625,-0.46875
33635,1.181640625,1.103515625,-0.205078125,-0.341796875
33636,1.2109375,1.15234375,-0.380859375,-0.400390625
33637,1.181640625,1.171875,-0.21484375,-0.498046875
33638,1.240234375,1.162109375,-0.29296875,-0.37109375
33639,1.318359375,1.201171875,-0.33203125,-0.361328125
33640,1.240234375,1.07421875,-0.21484375,-0.400390625
33641,1.2890625,1.103515625,-0.29296875,-0.517578125
33642,1.181640625,1.171875,-0.322265625,-0.341796875
33643,1.201171875,1.142578125,-0.283203125,-0.33203125
33644,1.220703125,1.181640625,-0.380859375,-0.29296875
33645,1.19140625,1.181640625,-0.283203125,-0.439453125
33646,1.279296875,1.083984375,-0.21484375,-0.361328125
33647,1.2109375,1.123046875,-0.33203125,-0.3515625
33648,1.23046875,1.083984375,-0.17578125,-0.419921875
33649,1.259765625,1.11328125,-0.126953125,-0.283203125
33650,1.318359375,1.15234375,-0.2734375,-0.33203125
33651,1.23046875,1.0546875,-0.302734375,-0.322265625
33652,1.30859375,1.11328125,-0.224609375,-0.439453125
33653,1.2109375,1.09375,-0.263671875,-0.390625
33654,1.26953125,1.09375,-0.3515625,-0.25390625
33655,1.279296875,1.2109375,-0.21484375,-0.44921875
33656,1.26953125,1.07421875,-0.126953125,-0.3515625
33657,1.123046875,1.19140625,-0.33203125,-0.322265625
33658,1.25,1.0546875,-0.244140625,-0.380859375
33659,1.23046875,1.11328125,-0.17578125,-0.478515625
33660,1.30859375,1.123046875,-0.29296875,-0.380859375
33661,1.2890625,1.279296875,-0.3515625,-0.33203125
33662,1.357421875,1.11328125,-0.15625,-0.37109375
33663,1.2890625,1.142578125,-0.244140625,-0.361328125
33664,1.30859375,1.15234375,-0.21484375,-0.37109375
33665,1.240234375,1.0546875,-0.1953125,-0.341796875
33666,1.171875,1.07421875,-0.185546875,-0.234375
33667,1.298828125,1.1328125,-0.302734375,-0.3125
33668,1.26953125,1.328125,-0.126953125,-0.4296875
33669,1.23046875,1.220703125,-0.166015625,-0.361328125
33670,1.26953125,1.2890625,-0.126953125,-0.419921875
33671,1.25,1.142578125,-0.341796875,-0.44921875
33672,1.25,1.09375,-0.263671875,-0.400390625
33673,1.25,0.869140625,-0.185546875,-0.3515625
33674,1.240234375,1.09375,-0.224609375,-0.52734375
33675,1.15234375,1.15234375,-0.224609375,-0.361328125
33676,1.240234375,1.162109375,-0.21484375,-0.390625
33677,1.201171875,1.123046875,-0.146484375,-0.361328125
33678,1.298828125,1.142578125,-0.29296875,-0.322265625
33679,1.181640625,1.09375,-0.1953125,-0.478515625
33680,1.26953125,1.220703125,-0.224609375,-0.478515625
33681,1.171875,1.1328125,-0.224609375,-0.4296875
33682,1.23046875,1.123046875,-0.21484375,-0.37109375
33683,1.26953125,1.220703125,-0.205078125,-0.2734375
33684,1.162109375,1.1328125,-0.25390625,-0.41015625
33685,1.19140625,1.1328125,-0.439453125,-0.380859375
33686,1.25,1.220703125,-0.17578125,-0.380859375
33687,1.240234375,1.103515625,-0.166015625,-0.263671875
33688,1.09375,1.123046875,-0.166015625,-0.46875
33689,1.25,1.123046875,-0.2734375,-0.37109375
33690,1.25,1.07421875,-0.185546875,-0.25390625
33691,1.064453125,1.044921875,-0.341796875,-0.341796875
33692,1.23046875,1.123046875,-0.234375,-0.439453125
33693,1.15234375,1.025390625,-0.166015625,-0.29296875
33694,1.19140625,1.064453125,-0.205078125,-0.244140625
33695,1.25,1.220703125,-0.126953125,-0.33203125
33696,1.19140625,1.03515625,-0.15625,-0.234375
33697,1.171875,1.005859375,-0.29296875,-0.3125
33698,1.328125,1.220703125,-0.234375,-0.224609375
33699,1.19140625,1.015625,-0.302734375,-0.234375
33700,1.181640625,1.044921875,-0.21484375,-0.380859375
33701,1.142578125,1.1328125,-0.25390625,-0.29296875
33702,1.34765625,1.123046875,-0.244140625,-0.60546875
33703,1.220703125,1.09375,-0.263671875,-0.322265625
33704,1.23046875,1.07421875,-0.400390625,-0.33203125
33705,1.064453125,1.123046875,-0.3125,-0.244140625
33706,1.181640625,1.11328125,-0.15625,-0.263671875
33707,1.123046875,1.1328125,-0.33203125,-0.380859375
33708,1.2109375,1.083984375,-0.283203125,-0.263671875
33709,1.220703125,1.11328125,-0.302734375,-0.4296875
33710,1.2109375,0.99609375,-0.244140625,-0.29296875
33711,1.220703125,1.09375,-0.283203125,-0.263671875
33712,1.220703125,1.07421875,-0.29296875,-0.380859375
33713,1.259765625,1.23046875,-0.263671875,-0.361328125
33714,1.09375,1.03515625,-0.46875,-0.302734375
33715,1.279296875,1.142578125,-0.283203125,-0.3515625
33716,1.220703125,1.07421875,-0.263671875,-0.33203125
33717,1.240234375,1.142578125,-0.185546875,-0.390625
33718,1.142578125,1.044921875,-0.3125,-0.341796875
33719,1.220703125,1.09375,-0.302734375,-0.302734375
33720,1.259765625,1.259765625,-0.244140625,-0.224609375
33721,1.171875,1.064453125,-0.224609375,-0.302734375
33722,1.142578125,1.0546875,-0.185546875,-0.185546875
33723,1.337890625,1.09375,-0.244140625,-0.01953125
33724,1.09375,1.07421875,-0.166015625,-0.302734375
33725,1.30859375,0.99609375,-0.205078125,-0.3125
33726,1.181640625,1.044921875,-0.29296875,-0.400390625
33727,1.26953125,1.123046875,-0.1953125,-0.390625
33728,1.1328125,1.0546875,-0.21484375,-0.25390625
33729,1.15234375,1.083984375,-0.263671875,-0.33203125
33730,1.19140625,0.986328125,-0.13671875,-0.33203125
33731,1.23046875,1.0546875,-0.21484375,-0.302734375
33732,1.201171875,0.95703125,-0.4296875,-0.302734375
33733,1.337890625,1.07421875,-0.205078125,-0.263671875
33734,1.259765625,0.947265625,-0.2734375,-0.283203125
33735,1.298828125,1.025390625,-0.1953125,-0.302734375
33736,1.259765625,1.064453125,-0.244140625,-0.37109375
33737,1.26953125,1.103515625,-0.048828125,-0.2734375
33738,1.376953125,1.07421875,-0.390625,-0.341796875
33739,1.38671875,1.083984375,-0.33203125,-0.439453125
33740,1.103515625,1.11328125,-0.1953125,-0.3515625
33741,1.26953125,1.103515625,-0.224609375,-0.302734375
33742,1.123046875,1.083984375,-0.2734375,-0.25390625
33743,1.328125,1.083984375,-0.185546875,-0.3125
33744,1.19140625,0.966796875,-0.302734375,-0.322265625
33745,1.201171875,0.986328125,-0.302734375,-0.390625
33746,1.2109375,1.123046875,-0.302734375,-0.283203125
33747,1.15234375,0.87890625,-0.09765625,-0.25390625
33748,1.171875,1.025390625,-0.29296875,-0.400390625
33749,1.064453125,1.083984375,-0.224609375,-0.3125
33750,1.19140625,1.09375,-0.3125,-0.234375
33751,1.26953125,1.083984375,-0.244140625,-0.439453125
33752,1.142578125,1.11328125,-0.205078125,-0.21484375
33753,1.220703125,1.103515625,-0.302734375,-0.166015625
33754,1.240234375,1.07421875,-0.361328125,-0.302734375
33755,1.259765625,1.044921875,-0.234375,-0.25390625
33756,1.240234375,1.201171875,-0.33203125,-0.2734375
33757,1.2109375,1.07421875,-0.234375,-0.146484375
33758,1.220703125,1.201171875,-0.3125,-0.2734375
33759,1.220703125,1.162109375,-0.048828125,-0.2734375
33760,1.19140625,1.09375,-0.224609375,-0.185546875
33761,1.2109375,1.025390625,-0.37109375,-0.361328125
33762,1.259765625,1.07421875,-0.44921875,-0.244140625
33763,1.181640625,1.083984375,-0.29296875,-0.1953125
33764,1.25,1.03515625,-0.341796875,-0.263671875
33765,1.15234375,1.083984375,-0.390625,-0.224609375
33766,1.337890625,1.1328125,-0.400390625,-0.205078125
33767,1.240234375,1.19140625,-0.302734375,-0.3125
33768,1.240234375,1.103515625,-0.361328125,-0.263671875
33769,1.19140625,1.103515625,-0.419921875,-0.21484375
33770,1.201171875,1.09375,-0.13671875,-0.185546875
33771,1.064453125,1.11328125,-0.33203125,-0.1953125
33772,1.162109375,1.09375,-0.380859375,-0.15625
33773,1.201171875,1.064453125,-0.302734375,-0.341796875
33774,1.240234375,1.005859375,-0.41015625,-0.234375
33775,1.09375,1.103515625,-0.341796875,-0.2734375
33776,1.1328125,1.0546875,-0.400390625,-0.25390625
33777,1.142578125,1.09375,-0.341796875,-0.33203125
33778,1.2890625,1.142578125,-0.41015625,-0.224609375
33779,1.162109375,1.064453125,-0.3515625,-0.25390625
33780,1.25,1.123046875,-0.2734375,-0.29296875
33781,1.123046875,1.11328125,-0.33203125,-0.419921875
33782,1.142578125,1.123046875,-0.283203125,-0.302734375
33783,1.30859375,1.19140625,-0.380859375,-0.2734375
33784,1.201171875,1.09375,-0.302734375,-0.25390625
33785,1.220703125,1.103515625,-0.458984375,-0.107421875
33786,1.15234375,1.1328125,-0.302734375,-0.3125
33787,1.171875,1.103515625,-0.29296875,-0.166015625
33788,1.171875,1.11328125,-0.3515625,-0.146484375
33789,1.25,1.005859375,-0.3515625,-0.3515625
33790,1.201171875,0.8984375,-0.3515625,-0.166015625
33791,1.328125,1.15234375,-0.341796875,-0.458984375
33792,1.142578125,0.9765625,-0.322265625,-0.263671875
33793,1.26953125,1.11328125,-0.341796875,-0.419921875
33794,1.181640625,1.083984375,-0.341796875,-0.15625
33795,1.181640625,1.19140625,-0.205078125,-0.263671875
33796,1.07421875,1.1328125,-0.17578125,-0.166015625
33797,1.1328125,1.1328125,-0.25390625,-0.361328125
33798,1.11328125,1.1328125,-0.41015625,-0.2734375
33799,1.2109375,1.044921875,-0.283203125,-0.33203125
33800,1.1328125,1.103515625,-0.341796875,-0.33203125
33801,1.2890625,1.26953125,-0.166015625,-0.263671875
33802,1.23046875,1.11328125,-0.302734375,-0.3515625
33803,1.083984375,1.083984375,-0.263671875,-0.1171875
33804,1.1328125,1.162109375,-0.3515625,-0.2734375
33805,1.15234375,1.09375,-0.361328125,-0.29296875
33806,1.34765625,1.19140625,-0.2734375,-0.244140625
33807,1.2109375,1.201171875,-0.283203125,-0.224609375
33808,1.26953125,1.083984375,-0.205078125,-0.3125
33809,1.240234375,1.142578125,-0.25390625,-0.263671875
33810,1.171875,1.15234375,-0.17578125,-0.25390625
33811,1.1328125,0.9765625,-0.234375,-0.29296875
33812,1.15234375,1.142578125,-0.302734375,-0.25390625
33813,1.201171875,1.03515625,-0.21484375,-0.263671875
33814,1.171875,1.064453125,-0.13671875,-0.322265625
33815,1.240234375,1.09375,-0.244140625,-0.41015625
33816,1.298828125,1.064453125,-0.244140625,-0.29296875
33817,1.181640625,0.927734375,-0.322265625,-0.302734375
33818,1.2109375,1.181640625,-0.234375,-0.234375
33819,1.240234375,1.19140625,-0.25390625,-0.244140625
33820,1.26953125,1.181640625,-0.244140625,-0.21484375
33821,1.03515625,1.11328125,-0.17578125,-0.3515625
33822,1.23046875,1.201171875,-0.302734375,-0.166015625
33823,1.15234375,1.162109375,-0.3515625,-0.2734375
33824,1.25,1.11328125,-0.37109375,-0.3515625
33825,1.162109375,1.09375,-0.3515625,-0.2734375
33826,1.171875,1.142578125,-0.29296875,-0.2734375
33827,1.298828125,1.181640625,-0.2734375,-0.322265625
33828,1.318359375,1.064453125,-0.361328125,-0.283203125
33829,1.279296875,1.220703125,-0.400390625,-0.283203125
33830,1.220703125,1.162109375,-0.302734375,-0.400390625
33831,1.083984375,1.201171875,-0.37109375,-0.205078125
33832,1.26953125,1.103515625,-0.361328125,-0.234375
33833,1.23046875,1.142578125,-0.2734375,-0.21484375
33834,1.396484375,1.162109375,-0.33203125,-0.283203125
33835,1.30859375,1.11328125,-0.33203125,-0.166015625
33836,1.30859375,1.171875,-0.390625,-0.1953125
33837,1.298828125,1.171875,-0.380859375,-0.1953125
33838,1.23046875,1.171875,-0.29296875,-0.1953125
33839,1.259765625,1.220703125,-0.37109375,-0.2734375
33840,1.162109375,1.15234375,-0.3125,-0.244140625
33841,1.162109375,1.11328125,-0.48828125,-0.29296875
33842,1.171875,1.142578125,-0.3125,-0.048828125
33843,1.26953125,1.19140625,-0.33203125,-0.17578125
33844,1.181640625,1.123046875,-0.29296875,-0.234375
33845,1.11328125,1.064453125,-0.2734375,-0.37109375
33846,1.220703125,1.23046875,-0.361328125,-0.302734375
33847,1.181640625,1.103515625,-0.302734375,-0.224609375
33848,1.279296875,1.083984375,-0.400390625,-0.33203125
33849,1.171875,1.15234375,-0.29296875,-0.205078125
33850,1.220703125,1.07421875,-0.361328125,-0.400390625
33851,1.279296875,1.220703125,-0.302734375,-0.400390625
33852,1.19140625,1.1328125,-0.244140625,-0.322265625
33853,1.181640625,1.09375,-0.322265625,-0.234375
33854,1.26953125,1.162109375,-0.2734375,-0.33203125
33855,1.357421875,1.123046875,-0.29296875,-0.29296875
33856,1.181640625,1.15234375,-0.185546875,-0.29296875
33857,1.279296875,1.26953125,-0.322265625,-0.361328125
33858,1.298828125,1.171875,-0.234375,-0.29296875
33859,1.201171875,1.083984375,-0.37109375,-0.263671875
33860,1.26953125,1.171875,-0.224609375,-0.322265625
33861,1.298828125,1.064453125,-0.283203125,-0.283203125
33862,1.396484375,1.025390625,-0.322265625,-0.302734375
33863,1.2890625,0.9375,-0.33203125,-0.37109375
33864,1.2890625,1.103515625,-0.1953125,-0.283203125
33865,1.376953125,1.044921875,-0.390625,-0.234375
33866,1.298828125,1.005859375,-0.205078125,-0.322265625
33867,1.34765625,1.11328125,-0.33203125,-0.234375
33868,1.357421875,1.1328125,-0.302734375,-0.322265625
33869,1.25,1.064453125,-0.283203125,-0.341796875
33870,1.162109375,1.03515625,-0.302734375,-0.390625
33871,1.2109375,1.11328125,-0.341796875,-0.341796875
33872,1.23046875,1.0546875,-0.302734375,-0.341796875
33873,1.26953125,1.07421875,-0.2734375,-0.126953125
33874,1.357421875,1.1328125,-0.302734375,-0.283203125
33875,1.2890625,1.15234375,-0.302734375,-0.322265625
33876,1.26953125,1.220703125,-0.224609375,-0.29296875
33877,1.220703125,1.09375,-0.361328125,-0.3515625
33878,1.25,1.19140625,-0.3515625,-0.439453125
33879,1.2109375,1.19140625,-0.3515625,-0.33203125
33880,1.23046875,1.171875,-0.234375,-0.29296875
33881,1.220703125,1.15234375,-0.29296875,-0.29296875
33882,1.23046875,1.064453125,-0.302734375,-0.29296875
33883,1.123046875,1.181640625,-0.33203125,-0.29296875
33884,1.220703125,1.015625,-0.29296875,-0.302734375
33885,1.083984375,1.123046875,-0.283203125,-0.2734375
33886,1.15234375,1.15234375,-0.4296875,-0.400390625
33887,1.19140625,1.123046875,-0.25390625,-0.185546875
33888,1.11328125,1.171875,-0.302734375,-0.146484375
33889,1.142578125,1.142578125,-0.244140625,-0.234375
33890,1.171875,1.07421875,-0.205078125,-0.33203125
33891,1.240234375,1.15234375,-0.322265625,-0.17578125
33892,1.220703125,1.09375,-0.302734375,-0.244140625
33893,1.162109375,1.03515625,-0.205078125,-0.283203125
33894,1.07421875,1.162109375,-0.244140625,-0.302734375
33895,1.23046875,1.103515625,-0.263671875,-0.21484375
33896,1.1328125,1.181640625,-0.234375,-0.29296875
33897,1.142578125,1.328125,-0.341796875,-0.283203125
33898,1.015625,1.103515625,-0.3515625,-0.25390625
33899,1.23046875,1.103515625,-0.390625,-0.400390625
33900,1.142578125,1.1328125,-0.21484375,-0.3515625
33901,1.181640625,1.181640625,-0.33203125,-0.263671875
33902,1.19140625,1.220703125,-0.29296875,-0.341796875
33903,1.2109375,1.171875,-0.263671875,-0.37109375
33904,1.11328125,1.26953125,-0.361328125,-0.2734375
33905,1.083984375,1.25,-0.13671875,-0.390625
33906,1.2109375,1.201171875,-0.283203125,-0.341796875
33907,1.044921875,1.171875,-0.302734375,-0.41015625
33908,1.09375,1.181640625,-0.341796875,-0.341796875
33909,1.181640625,1.09375,-0.283203125,-0.400390625
33910,1.064453125,1.25,-0.25390625,-0.3125
33911,1.09375,0.888671875,-0.302734375,-0.380859375
33912,1.201171875,1.11328125,-0.25390625,-0.3125
33913,1.0546875,1.19140625,-0.322265625,-0.322265625
33914,1.123046875,1.181640625,-0.322265625,-0.439453125
33915,1.25,1.171875,-0.107421875,-0.4296875
33916,1.11328125,1.15234375,-0.17578125,-0.673828125
33917,1.220703125,1.23046875,-0.380859375,-0.322265625
33918,1.103515625,1.298828125,-0.283203125,-0.419921875
33919,1.11328125,1.26953125,-0.25390625,-0.302734375
33920,1.181640625,1.142578125,-0.33203125,-0.4296875
33921,1.005859375,1.23046875,-0.3125,-0.390625
33922,1.1328125,1.142578125,-0.322265625,-0.615234375
33923,1.30859375,1.23046875,-0.302734375,-0.4296875
33924,1.240234375,1.23046875,-0.3515625,-0.4296875
33925,1.337890625,1.19140625,-0.21484375,-0.498046875
33926,1.240234375,1.328125,-0.205078125,-0.37109375
33927,1.26953125,1.162109375,-0.29296875,-0.390625
33928,1.201171875,1.23046875,-0.25390625,-0.341796875
33929,1.15234375,1.25,-0.3125,-0.361328125
33930,1.26953125,1.201171875,-0.17578125,-0.4296875
33931,1.19140625,1.240234375,-0.146484375,-0.400390625
33932,1.279296875,1.171875,-0.244140625,-0.41015625
33933,1.064453125,1.3671875,-0.2734375,-0.48828125
33934,1.30859375,1.23046875,-0.21484375,-0.56640625
33935,1.220703125,1.23046875,-0.283203125,-0.419921875
33936,1.1328125,1.2109375,-0.419921875,-0.37109375
33937,1.220703125,1.25,-0.33203125,-0.33203125
33938,1.201171875,1.240234375,-0.283203125,-0.4296875
33939,1.07421875,1.298828125,-0.390625,-0.390625
33940,1.279296875,1.240234375,-0.322265625,-0.458984375
33941,1.25,1.19140625,-0.361328125,-0.419921875
33942,1.1328125,1.26953125,-0.341796875,-0.390625
33943,1.064453125,1.240234375,-0.3515625,-0.1171875
33944,1.181640625,1.220703125,-0.234375,-0.419921875
33945,1.162109375,1.240234375,-0.4296875,-0.224609375
33946,1.240234375,1.1328125,-0.361328125,-0.37109375
33947,1.259765625,1.19140625,-0.322265625,-0.3515625
33948,1.23046875,1.19140625,-0.439453125,-0.3515625
33949,1.123046875,1.15234375,-0.224609375,-0.478515625
33950,1.181640625,1.1328125,-0.341796875,-0.2734375
33951,1.15234375,1.181640625,-0.2734375,-0.400390625
33952,1.11328125,1.19140625,-0.3125,-0.33203125
33953,1.162109375,1.19140625,-0.400390625,-0.341796875
33954,1.19140625,1.181640625,-0.37109375,-0.37109375
33955,1.279296875,1.19140625,-0.2734375,-0.29296875
33956,1.103515625,1.181640625,-0.29296875,-0.302734375
33957,1.23046875,1.123046875,-0.25390625,-0.439453125
33958,1.171875,1.240234375,-0.361328125,-0.419921875
33959,1.162109375,1.220703125,-0.224609375,-0.361328125
33960,1.240234375,1.19140625,-0.3125,-0.458984375
33961,1.298828125,1.181640625,-0.2734375,-0.48828125
33962,1.11328125,1.142578125,-0.283203125,-0.283203125
33963,1.1328125,1.201171875,-0.3125,-0.44921875
33964,1.15234375,1.201171875,-0.380859375,-0.3515625
33965,1.09375,1.15234375,-0.234375,-0.33203125
33966,1.171875,1.09375,-0.283203125,-0.37109375
33967,1.23046875,1.015625,-0.25390625,-0.458984375
33968,1.23046875,1.162109375,-0.234375,-0.48828125
33969,1.2109375,1.142578125,-0.263671875,-0.390625
33970,1.240234375,1.064453125,-0.29296875,-0.33203125
33971,1.171875,1.1328125,-0.25390625,-0.390625
33972,1.240234375,1.19140625,-0.33203125,-0.419921875
33973,1.171875,1.2109375,-0.185546875,-0.5078125
33974,1.19140625,1.11328125,-0.224609375,-0.33203125
33975,1.279296875,1.162109375,-0.126953125,-0.419921875
33976,1.2109375,1.15234375,-0.13671875,-0.341796875
33977,1.259765625,1.103515625,-0.21484375,-0.341796875
33978,1.279296875,1.181640625,-0.224609375,-0.400390625
33979,1.142578125,1.09375,-0.400390625,-0.390625
33980,1.15234375,1.103515625,-0.244140625,-0.41015625
33981,1.15234375,1.044921875,-0.21484375,-0.341796875
33982,1.1328125,1.142578125,-0.234375,-0.283203125
33983,1.2109375,1.015625,-0.283203125,-0.41015625
33984,1.162109375,1.201171875,-0.4296875,-0.44921875
33985,1.220703125,1.1328125,-0.1953125,-0.41015625
33986,1.2890625,1.181640625,-0.21484375,-0.595703125
33987,1.0546875,1.1328125,-0.205078125,-0.37109375
33988,1.15234375,1.181640625,-0.29296875,-0.498046875
33989,1.11328125,1.2109375,-0.29296875,-0.458984375
33990,1.19140625,1.171875,-0.2734375,-0.439453125
33991,1.11328125,1.1328125,-0.283203125,-0.41015625
33992,1.15234375,1.171875,-0.25390625,-0.3125
33993,1.25,1.1328125,-0.33203125,-0.419921875
33994,1.15234375,1.19140625,-0.234375,-0.41015625
33995,1.07421875,1.1328125,-0.302734375,-0.44921875
33996,1.201171875,1.142578125,-0.244140625,-0.478515625
33997,1.181640625,1.26953125,-0.244140625,-0.3515625
33998,1.220703125,1.220703125,-0.3515625,-0.302734375
33999,1.240234375,1.279296875,-0.33203125,-0.498046875
34000,1.07421875,1.171875,-0.380859375,-0.458984375
34001,1.162109375,1.15234375,-0.1953125,-0.419921875
34002,1.171875,1.09375,-0.2734375,-0.400390625
34003,1.09375,1.2109375,-0.3125,-0.41015625
34004,1.142578125,1.103515625,-0.17578125,-0.400390625
34005,1.1328125,1.25,-0.146484375,-0.3515625
34006,1.083984375,1.1328125,-0.15625,-0.390625
34007,1.1328125,1.162109375,-0.234375,-0.37109375
34008,0.99609375,1.064453125,-0.185546875,-0.4296875
34009,1.0546875,1.11328125,-0.185546875,-0.3515625
34010,1.064453125,1.123046875,-0.302734375,-0.41015625
34011,1.1328125,1.044921875,-0.15625,-0.361328125
34012,1.083984375,1.09375,-0.3125,-0.41015625
34013,1.201171875,1.083984375,-0.283203125,-0.390625
34014,1.201171875,1.064453125,-0.1953125,-0.478515625
34015,1.201171875,1.07421875,-0.29296875,-0.478515625
34016,1.162109375,1.09375,-0.21484375,-0.478515625
34017,1.1328125,1.07421875,-0.244140625,-0.380859375
34018,1.11328125,1.19140625,-0.21484375,-0.44921875
34019,1.07421875,1.1328125,-0.234375,-0.400390625
34020,1.181640625,1.15234375,-0.2734375,-0.3515625
34021,1.123046875,1.083984375,-0.29296875,-0.439453125
34022,1.162109375,1.11328125,-0.25390625,-0.400390625
34023,1.1328125,1.1328125,-0.2734375,-0.37109375
34024,1.201171875,1.083984375,-0.3515625,-0.400390625
34025,1.279296875,1.171875,-0.302734375,-0.3125
34026,1.201171875,1.162109375,-0.185546875,-0.3515625
34027,1.23046875,1.25,-0.302734375,-0.263671875
34028,1.298828125,1.083984375,-0.2734375,-0.390625
34029,1.2890625,1.015625,-0.322265625,-0.322265625
34030,1.15234375,1.044921875,-0.302734375,-0.33203125
34031,1.142578125,1.09375,-0.244140625,-0.400390625
34032,1.201171875,1.044921875,-0.322265625,-0.41015625
34033,1.30859375,1.03515625,-0.244140625,-0.33203125
34034,1.298828125,1.30859375,-0.322265625,-0.400390625
34035,1.337890625,1.11328125,-0.283203125,-0.3515625
34036,1.23046875,1.09375,-0.380859375,-0.3515625
34037,1.171875,1.083984375,-0.263671875,-0.29296875
34038,1.123046875,1.11328125,-0.380859375,-0.439453125
34039,1.162109375,1.142578125,-0.390625,-0.41015625
34040,1.2109375,1.2109375,-0.29296875,-0.29296875
34041,1.162109375,1.083984375,-0.3125,-0.439453125
34042,1.09375,1.083984375,-0.283203125,-0.419921875
34043,1.2109375,1.337890625,-0.25390625,-0.244140625
34044,1.201171875,1.005859375,-0.322265625,-0.44921875
34045,1.171875,1.123046875,-0.25390625,-0.361328125
34046,1.162109375,1.103515625,-0.205078125,-0.458984375
34047,1.25,1.09375,-0.3515625,-0.3125
34048,1.162109375,1.064453125,-0.1953125,-0.44921875
34049,1.1328125,1.19140625,-0.25390625,-0.4296875
34050,1.2109375,1.162109375,-0.166015625,-0.2734375
34051,1.23046875,1.103515625,-0.3515625,-0.400390625
34052,1.25,1.142578125,-0.205078125,-0.419921875
34053,1.083984375,1.171875,-0.2734375,-0.556640625
34054,1.279296875,1.1328125,-0.2734375,-0.302734375
34055,1.171875,1.142578125,-0.25390625,-0.400390625
34056,1.23046875,1.1328125,-0.244140625,-0.390625
34057,1.2109375,1.201171875,-0.283203125,-0.341796875
34058,1.19140625,1.1328125,-0.341796875,-0.33203125
34059,1.09375,1.171875,-0.29296875,-0.390625
34060,1.1328125,1.162109375,-0.1953125,-0.41015625
34061,1.2109375,1.103515625,-0.234375,-0.400390625
34062,1.181640625,1.171875,-0.224609375,-0.390625
34063,1.171875,1.025390625,-0.21484375,-0.439453125
34064,1.19140625,1.083984375,-0.380859375,-0.37109375
34065,1.2109375,1.123046875,-0.1953125,-0.3515625
34066,1.142578125,1.103515625,-0.37109375,-0.390625
34067,1.171875,0.966796875,-0.17578125,-0.361328125
34068,1.103515625,1.103515625,-0.234375,-0.498046875
34069,1.220703125,1.064453125,-0.224609375,-0.390625
34070,1.162109375,1.142578125,-0.361328125,-0.33203125
34071,1.2109375,1.103515625,-0.205078125,-0.380859375
34072,1.171875,1.103515625,-0.263671875,-0.3125
34073,1.11328125,1.25,-0.263671875,-0.33203125
34074,1.11328125,1.11328125,-0.17578125,-0.341796875
34075,1.123046875,1.07421875,-0.1953125,-0.2734375
34076,1.123046875,1.103515625,-0.3515625,-0.3515625
34077,1.123046875,1.103515625,-0.21484375,-0.3515625
34078,1.123046875,1.171875,-0.25390625,-0.3125
34079,1.279296875,1.07421875,-0.234375,-0.44921875
34080,1.298828125,1.015625,-0.29296875,-0.3515625
34081,1.328125,1.09375,-0.25390625,-0.390625
34082,1.2890625,0.9375,-0.1953125,-0.341796875
34083,1.240234375,1.09375,-0.234375,-0.302734375
34084,1.259765625,1.15234375,-0.33203125,-0.4296875
34085,1.240234375,1.279296875,-0.33203125,-0.33203125
34086,1.26953125,1.181640625,-0.1953125,-0.244140625
34087,1.171875,1.162109375,-0.322265625,-0.2734375
34088,1.26953125,1.142578125,-0.25390625,-0.33203125
34089,1.279296875,1.181640625,-0.400390625,-0.3515625
34090,1.201171875,1.171875,-0.283203125,-0.33203125
34091,1.23046875,0.986328125,-0.2734375,-0.361328125
34092,1.220703125,1.19140625,-0.166015625,-0.4296875
34093,1.25,1.11328125,-0.205078125,-0.380859375
34094,1.25,1.025390625,-0.400390625,-0.380859375
34095,1.240234375,1.181640625,-0.361328125,-0.3515625
34096,1.23046875,1.15234375,-0.302734375,-0.44921875
34097,1.25,1.0546875,-0.25390625,-0.263671875
34098,1.34765625,1.15234375,-0.146484375,-0.3515625
34099,1.30859375,1.083984375,-0.185546875,-0.48828125
34100,1.220703125,1.11328125,-0.341796875,-0.37109375
34101,1.23046875,1.171875,-0.244140625,-0.439453125
34102,1.201171875,1.1328125,-0.1171875,-0.380859375
34103,1.23046875,1.07421875,-0.1953125,-0.37109375
34104,1.19140625,1.015625,-0.29296875,-0.3125
34105,1.220703125,1.11328125,-0.224609375,-0.37109375
34106,1.142578125,0.95703125,-0.15625,-0.41015625
34107,1.298828125,1.123046875,-0.2734375,-0.361328125
34108,1.181640625,1.142578125,-0.126953125,-0.361328125
34109,1.1328125,1.240234375,-0.205078125,-0.41015625
34110,1.279296875,0.986328125,-0.21484375,-0.33203125
34111,1.181640625,1.103515625,-0.126953125,-0.322265625
34112,1.25,0.9765625,-0.283203125,-0.390625
34113,1.15234375,1.07421875,-0.234375,-0.439453125
34114,1.201171875,1.1328125,-0.166015625,-0.400390625
34115,1.240234375,1.15234375,-0.166015625,-0.341796875
34116,1.123046875,1.15234375,-0.458984375,-0.322265625
34117,1.259765625,1.142578125,-0.205078125,-0.478515625
34118,1.259765625,1.123046875,-0.21484375,-0.322265625
34119,1.181640625,1.09375,-0.224609375,-0.419921875
34120,1.15234375,1.07421875,-0.4296875,-0.341796875
34121,1.19140625,1.025390625,-0.283203125,-0.341796875
34122,1.25,1.103515625,-0.380859375,-0.25390625
34123,1.15234375,1.064453125,-0.341796875,-0.25390625
34124,1.171875,1.15234375,-0.234375,-0.3125
34125,1.220703125,1.15234375,-0.361328125,-0.322265625
34126,1.162109375,1.142578125,-0.21484375,-0.341796875
34127,1.23046875,1.083984375,-0.2734375,-0.33203125
34128,1.201171875,1.123046875,-0.224609375,-0.3125
34129,1.1328125,1.083984375,-0.224609375,-0.283203125
34130,1.103515625,1.064453125,-0.29296875,-0.33203125
34131,1.181640625,1.1328125,-0.205078125,-0.263671875
34132,1.142578125,1.083984375,-0.146484375,-0.3125
34133,1.162109375,1.103515625,-0.224609375,-0.33203125
34134,1.162109375,1.142578125,-0.15625,-0.234375
34135,1.103515625,1.1328125,-0.224609375,-0.3125
34136,1.30859375,1.07421875,-0.29296875,-0.283203125
34137,1.2109375,1.03515625,-0.33203125,-0.37109375
34138,1.240234375,1.07421875,-0.17578125,-0.33203125
34139,1.23046875,1.07421875,-0.25390625,-0.29296875
34140,1.09375,1.0546875,-0.37109375,-0.29296875
34141,1.201171875,1.09375,-0.302734375,-0.302734375
34142,1.201171875,1.162109375,-0.1953125,-0.1953125
34143,1.162109375,1.2109375,-0.166015625,-0.361328125
34144,1.220703125,1.083984375,-0.21484375,-0.244140625
34145,1.123046875,1.044921875,-0.341796875,-0.302734375
34146,1.15234375,0.95703125,-0.25390625,-0.302734375
34147,1.07421875,1.064453125,-0.3515625,-0.33203125
34148,1.23046875,1.025390625,-0.17578125,-0.283203125
34149,1.171875,1.103515625,-0.2734375,-0.390625
34150,1.25,1.03515625,-0.25390625,-0.380859375
34151,1.181640625,1.025390625,-0.244140625,-0.390625
34152,1.2109375,1.0546875,-0.107421875,-0.283203125
34153,1.15234375,1.005859375,-0.361328125,-0.263671875
34154,1.015625,1.123046875,-0.25390625,-0.29296875
34155,1.162109375,0.966796875,-0.341796875,-0.244140625
34156,1.181640625,1.03515625,-0.283203125,-0.1953125
34157,1.1328125,1.015625,-0.302734375,-0.25390625
34158,1.11328125,1.07421875,-0.234375,-0.244140625
34159,1.25,0.9765625,-0.185546875,-0.322265625
34160,1.201171875,1.064453125,-0.263671875,-0.205078125
34161,1.328125,0.9375,-0.3515625,-0.2734375
34162,1.220703125,1.142578125,-0.244140625,-0.4296875
34163,1.220703125,0.99609375,-0.21484375,-0.302734375
34164,1.162109375,0.99609375,-0.322265625,-0.302734375
34165,1.259765625,1.03515625,-0.234375,-0.33203125
34166,1.171875,1.044921875,-0.244140625,-0.2734375
34167,1.171875,1.044921875,-0.263671875,-0.29296875
34168,1.15234375,1.064453125,-0.234375,-0.29296875
34169,1.42578125,1.07421875,-0.29296875,-0.185546875
34170,1.25,1.0546875,-0.234375,-0.263671875
34171,1.220703125,1.240234375,-0.17578125,-0.1953125
34172,1.181640625,1.181640625,-0.234375,-0.302734375
34173,1.25,1.0546875,-0.302734375,-0.244140625
34174,1.25,1.0546875,-0.3125,-0.224609375
34175,1.30859375,1.0546875,-0.2734375,-0.283203125
34176,1.201171875,1.03515625,-0.302734375,-0.3125
34177,1.142578125,1.07421875,-0.263671875,-0.33203125
34178,1.318359375,1.103515625,-0.3125,-0.322265625
34179,1.181640625,1.142578125,-0.283203125,-0.263671875
34180,1.23046875,1.0546875,-0.390625,-0.263671875
34181,1.259765625,1.103515625,-0.205078125,-0.244140625
34182,1.25,1.142578125,-0.37109375,-0.234375
34183,1.171875,0.87890625,-0.361328125,-0.283203125
34184,1.220703125,1.025390625,-0.44921875,-0.25390625
34185,1.2109375,1.083984375,-0.400390625,-0.25390625
34186,1.181640625,1.03515625,-0.283203125,-0.302734375
34187,1.09375,1.005859375,-0.3515625,-0.3125
34188,1.11328125,1.103515625,-0.33203125,-0.33203125
34189,1.220703125,1.1328125,-0.361328125,-0.283203125
34190,1.26953125,1.09375,-0.17578125,-0.234375
34191,1.259765625,1.0546875,-0.33203125,-0.21484375
34192,1.201171875,0.947265625,-0.33203125,-0.2734375
34193,1.26953125,1.083984375,-0.322265625,-0.283203125
34194,1.357421875,1.064453125,-0.361328125,-0.263671875
34195,1.240234375,1.09375,-0.439453125,-0.2734375
34196,1.220703125,0.9765625,-0.29296875,-0.1953125
34197,1.23046875,1.171875,-0.33203125,-0.224609375
34198,1.19140625,1.19140625,-0.498046875,-0.234375
34199,1.201171875,1.083984375,-0.44921875,-0.126953125
34200,1.298828125,1.11328125,-0.341796875,-0.234375
34201,1.2109375,1.064453125,-0.3515625,-0.3125
34202,1.259765625,0.888671875,-0.400390625,-0.068359375
34203,1.181640625,1.09375,-0.400390625,-0.244140625
34204,1.15234375,1.044921875,-0.322265625,-0.25390625
34205,1.240234375,1.07421875,-0.33203125,-0.166015625
34206,1.171875,1.11328125,-0.302734375,-0.263671875
34207,1.26953125,1.09375,-0.341796875,-0.244140625
34208,1.25,1.064453125,-0.4296875,-0.400390625
34209,1.171875,1.005859375,-0.400390625,-0.244140625
34210,1.2890625,1.103515625,-0.33203125,-0.185546875
34211,1.11328125,1.1328125,-0.283203125,-0.390625
34212,1.2109375,1.07421875,-0.400390625,-0.078125
34213,1.240234375,1.15234375,-0.302734375,-0.2734375
34214,1.181640625,0.966796875,-0.3515625,-0.44921875
34215,1.240234375,1.103515625,-0.41015625,-0.21484375
34216,1.2109375,1.259765625,-0.17578125,-0.21484375
34217,1.083984375,1.162109375,-0.400390625,-0.21484375
34218,1.171875,1.0546875,-0.3515625,-0.205078125
34219,1.142578125,1.103515625,-0.107421875,-0.185546875
34220,1.201171875,1.09375,-0.322265625,-0.224609375
34221,1.123046875,1.11328125,-0.322265625,-0.17578125
34222,1.103515625,1.025390625,-0.41015625,-0.2734375
34223,1.162109375,1.11328125,-0.283203125,-0.205078125
34224,1.142578125,1.142578125,-0.224609375,-0.33203125
34225,1.279296875,1.025390625,-0.29296875,-0.185546875
34226,1.298828125,1.181640625,-0.234375,-0.263671875
34227,1.240234375,1.162109375,-0.244140625,-0.2734375
34228,1.240234375,1.201171875,-0.3125,-0.33203125
34229,1.11328125,1.142578125,-0.185546875,-0.3125
34230,1.220703125,1.123046875,-0.322265625,-0.25390625
34231,1.162109375,1.181640625,-0.361328125,-0.302734375
34232,1.240234375,1.09375,-0.2734375,-0.3515625
34233,1.181640625,1.181640625,-0.21484375,-0.29296875
34234,1.0546875,1.11328125,-0.224609375,-0.263671875
34235,1.123046875,1.103515625,-0.380859375,-0.283203125
34236,1.1328125,1.0546875,-0.3125,-0.205078125
34237,1.181640625,1.0546875,-0.146484375,-0.244140625
34238,1.044921875,1.07421875,-0.21484375,-0.302734375
34239,1.23046875,1.103515625,-0.341796875,-0.361328125
34240,1.15234375,1.1328125,-0.341796875,-0.244140625
34241,1.1328125,1.181640625,-0.166015625,-0.166015625
34242,1.044921875,1.11328125,-0.283203125,-0.283203125
34243,1.26953125,1.259765625,-0.21484375,-0.25390625
34244,1.123046875,1.15234375,-0.185546875,-0.322265625
34245,1.23046875,1.03515625,-0.21484375,-0.283203125
34246,1.34765625,1.162109375,-0.17578125,-0.234375
34247,1.318359375,1.103515625,-0.341796875,-0.33203125
34248,1.240234375,1.1328125,-0.302734375,-0.283203125
34249,1.220703125,1.064453125,-0.302734375,-0.25390625
34250,1.259765625,1.07421875,-0.263671875,-0.302734375
34251,1.220703125,0.99609375,-0.33203125,-0.2734375
34252,1.181640625,1.09375,-0.3515625,-0.302734375
34253,1.23046875,1.03515625,-0.341796875,-0.224609375
34254,1.171875,1.142578125,-0.3125,-0.224609375
34255,1.298828125,1.162109375,-0.3125,-0.283203125
34256,1.220703125,0.9765625,-0.341796875,-0.185546875
34257,1.240234375,1.123046875,-0.419921875,-0.283203125
34258,1.240234375,1.15234375,-0.302734375,-0.234375
34259,1.162109375,0.99609375,-0.3125,-0.224609375
34260,1.201171875,1.181640625,-0.400390625,-0.29296875
34261,1.162109375,1.142578125,-0.361328125,-0.439453125
34262,1.240234375,1.11328125,-0.361328125,-0.205078125
34263,1.298828125,1.103515625,-0.283203125,-0.263671875
34264,1.259765625,1.181640625,-0.302734375,-0.15625
34265,1.201171875,1.09375,-0.283203125,-0.322265625
34266,1.181640625,1.11328125,-0.283203125,-0.224609375
34267,1.25,1.181640625,-0.322265625,-0.2734375
34268,1.259765625,1.25,-0.341796875,-0.3125
34269,1.25,0.927734375,-0.3125,-0.107421875
34270,1.26953125,1.1328125,-0.2734375,-0.166015625
34271,1.26953125,1.09375,-0.3125,-0.25390625
34272,1.15234375,1.025390625,-0.302734375,-0.25390625
34273,1.357421875,1.09375,-0.263671875,-0.205078125
34274,1.26953125,1.2890625,-0.3125,-0.185546875
34275,1.181640625,1.123046875,-0.33203125,-0.322265625
34276,1.2890625,1.2109375,-0.3125,-0.25390625
34277,1.337890625,1.15234375,-0.205078125,-0.37109375
34278,1.23046875,1.09375,-0.361328125,-0.25390625
34279,1.2109375,1.1328125,-0.3515625,-0.205078125
34280,1.11328125,1.19140625,-0.283203125,-0.2734375
34281,1.23046875,1.337890625,-0.380859375,-0.185546875
34282,1.34765625,1.142578125,-0.224609375,-0.361328125
34283,1.25,1.240234375,-0.458984375,-0.380859375
34284,1.2109375,1.19140625,-0.224609375,-0.224609375
34285,1.259765625,1.171875,-0.33203125,-0.3515625
34286,1.337890625,1.2109375,-0.322265625,-0.2734375
34287,1.34765625,1.19140625,-0.302734375,-0.341796875
34288,1.26953125,1.181640625,-0.234375,-0.263671875
34289,1.26953125,1.2109375,-0.302734375,-0.361328125
34290,1.240234375,1.220703125,-0.283203125,-0.263671875
34291,1.07421875,1.123046875,-0.283203125,-0.283203125
34292,1.279296875,1.064453125,-0.341796875,-0.33203125
34293,1.298828125,1.201171875,-0.380859375,-0.33203125
34294,1.2109375,1.0546875,-0.1953125,-0.2734375
34295,1.318359375,1.162109375,-0.185546875,-0.361328125
34296,1.25,1.220703125,-0.4296875,-0.3515625
34297,1.328125,1.142578125,-0.2734375,-0.29296875
34298,1.201171875,1.064453125,-0.361328125,-0.33203125
34299,1.23046875,1.0546875,-0.380859375,-0.29296875
34300,1.25,1.123046875,-0.29296875,-0.224609375
34301,1.337890625,1.11328125,-0.15625,-0.3515625
34302,1.26953125,1.123046875,-0.33203125,-0.1953125
34303,1.298828125,1.083984375,-0.1953125,-0.2734375
34304,1.279296875,1.015625,-0.380859375,-0.263671875
34305,1.171875,1.064453125,-0.1953125,-0.390625
34306,1.2890625,1.064453125,-0.2734375,-0.3125
34307,1.083984375,1.123046875,-0.25390625,-0.419921875
34308,1.26953125,1.07421875,-0.17578125,-0.380859375
34309,1.103515625,1.123046875,-0.302734375,-0.3125
34310,1.23046875,1.103515625,-0.244140625,-0.419921875
34311,1.26953125,1.23046875,-0.302734375,-0.263671875
34312,1.298828125,1.337890625,-0.29296875,-0.283203125
34313,1.171875,1.19140625,-0.25390625,-0.21484375
34314,1.171875,1.15234375,-0.1953125,-0.25390625
34315,1.259765625,1.142578125,-0.283203125,-0.4296875
34316,1.162109375,1.23046875,-0.21484375,-0.33203125
34317,1.162109375,1.03515625,-0.1953125,-0.4296875
34318,1.25,1.1328125,-0.205078125,-0.41015625
34319,1.162109375,1.123046875,-0.263671875,-0.3515625
34320,1.220703125,1.181640625,-0.224609375,-0.29296875
34321,1.162109375,1.1328125,-0.25390625,-0.37109375
34322,1.181640625,1.201171875,-0.13671875,-0.322265625
34323,1.15234375,1.181640625,-0.263671875,-0.1953125
34324,1.2890625,1.240234375,-0.25390625,-0.283203125
34325,1.162109375,1.171875,-0.1953125,-0.2734375
34326,1.123046875,1.2109375,-0.234375,-0.283203125
34327,1.15234375,1.11328125,-0.322265625,-0.302734375
34328,1.279296875,1.123046875,-0.21484375,-0.37109375
34329,1.23046875,0.986328125,-0.244140625,-0.283203125
34330,1.19140625,1.142578125,-0.283203125,-0.380859375
34331,1.259765625,1.19140625,-0.322265625,-0.361328125
34332,1.23046875,1.123046875,-0.41015625,-0.3125
34333,1.083984375,1.337890625,-0.3125,-0.3125
34334,1.181640625,1.240234375,-0.21484375,-0.341796875
34335,1.162109375,1.279296875,-0.33203125,-0.4296875
34336,1.1328125,1.23046875,-0.400390625,-0.341796875
34337,1.201171875,1.220703125,-0.2734375,-0.29296875
34338,1.171875,1.19140625,-0.302734375,-0.41015625
34339,1.201171875,1.240234375,-0.41015625,-0.478515625
34340,1.201171875,1.279296875,-0.322265625,-0.48828125
34341,1.044921875,1.220703125,-0.263671875,-0.380859375
34342,1.09375,1.2109375,-0.244140625,-0.4296875
34343,1.2109375,1.19140625,-0.263671875,-0.400390625
34344,1.123046875,1.03515625,-0.185546875,-0.283203125
34345,1.171875,1.298828125,-0.3125,-0.361328125
34346,1.0546875,1.201171875,-0.3515625,-0.400390625
34347,1.15234375,1.220703125,-0.1953125,-0.3515625
34348,1.220703125,1.220703125,-0.17578125,-0.322265625
34349,1.142578125,1.1328125,-0.244140625,-0.33203125
34350,1.123046875,1.201171875,-0.3125,-0.44921875
34351,1.11328125,1.19140625,-0.33203125,-0.33203125
34352,1.1328125,1.240234375,-0.2734375,-0.458984375
34353,1.103515625,1.11328125,-0.1953125,-0.341796875
34354,1.2109375,1.298828125,-0.322265625,-0.419921875
34355,1.25,1.220703125,-0.33203125,-0.439453125
34356,1.318359375,1.2109375,-0.361328125,-0.478515625
34357,1.279296875,1.09375,-0.2734375,-0.390625
34358,1.025390625,1.201171875,-0.419921875,-0.33203125
34359,1.240234375,1.201171875,-0.3515625,-0.400390625
34360,1.201171875,1.220703125,-0.3125,-0.41015625
34361,1.279296875,1.240234375,-0.25390625,-0.224609375
34362,1.201171875,1.162109375,-0.322265625,-0.390625
34363,1.171875,1.279296875,-0.302734375,-0.380859375
34364,1.30859375,1.259765625,-0.322265625,-0.380859375
34365,1.171875,1.2890625,-0.33203125,-0.439453125
34366,1.240234375,1.220703125,-0.33203125,-0.439453125
34367,1.162109375,1.15234375,-0.419921875,-0.595703125
34368,1.103515625,1.201171875,-0.380859375,-0.361328125
34369,1.19140625,1.044921875,-0.283203125,-0.46875
34370,1.201171875,1.240234375,-0.283203125,-0.44921875
34371,1.025390625,1.337890625,-0.283203125,-0.361328125
34372,1.171875,1.23046875,-0.33203125,-0.380859375
34373,1.09375,1.259765625,-0.234375,-0.4296875
34374,1.23046875,1.2109375,-0.283203125,-0.41015625
34375,1.181640625,1.19140625,-0.41015625,-0.37109375
34376,1.162109375,1.259765625,-0.302734375,-0.41015625
34377,1.171875,1.2109375,-0.302734375,-0.3515625
34378,1.1328125,1.09375,-0.361328125,-0.2734375
34379,1.142578125,1.19140625,-0.302734375,-0.400390625
34380,1.0546875,1.201171875,-0.234375,-0.3515625
34381,1.142578125,1.181640625,-0.17578125,-0.3515625
34382,1.171875,1.142578125,-0.3125,-0.419921875
34383,1.220703125,1.123046875,-0.4296875,-0.41015625
34384,1.240234375,1.19140625,-0.205078125,-0.41015625
34385,1.220703125,1.1328125,-0.25390625,-0.29296875
34386,1.23046875,1.19140625,-0.25390625,-0.380859375
34387,1.220703125,1.220703125,-0.244140625,-0.41015625
34388,1.171875,1.142578125,-0.29296875,-0.537109375
34389,1.240234375,1.103515625,-0.25390625,-0.400390625
34390,1.171875,1.2890625,-0.1953125,-0.400390625
34391,1.083984375,1.15234375,-0.37109375,-0.361328125
34392,1.2109375,1.2109375,-0.1953125,-0.205078125
34393,1.220703125,1.11328125,-0.25390625,-0.380859375
34394,1.298828125,1.26953125,-0.419921875,-0.46875
34395,1.240234375,1.181640625,-0.126953125,-0.400390625
34396,1.2109375,1.220703125,-0.3125,-0.37109375
34397,1.142578125,1.181640625,-0.205078125,-0.322265625
34398,1.26953125,1.162109375,-0.37109375,-0.283203125
34399,1.26953125,1.142578125,-0.205078125,-0.478515625
34400,1.162109375,1.083984375,-0.244140625,-0.3125
34401,1.162109375,1.162109375,-0.185546875,-0.361328125
34402,1.19140625,1.15234375,-0.322265625,-0.4296875
34403,1.220703125,1.09375,-0.146484375,-0.341796875
34404,1.123046875,1.11328125,-0.400390625,-0.322265625
34405,1.15234375,1.2109375,-0.185546875,-0.458984375
34406,1.240234375,1.1328125,-0.341796875,-0.400390625
34407,1.201171875,1.171875,-0.1953125,-0.37109375
34408,1.083984375,1.123046875,-0.244140625,-0.380859375
34409,1.1328125,1.025390625,-0.224609375,-0.478515625
34410,1.318359375,1.142578125,-0.185546875,-0.380859375
34411,1.162109375,1.2109375,-0.21484375,-0.2734375
34412,1.142578125,1.162109375,-0.3125,-0.361328125
34413,1.09375,1.171875,-0.224609375,-0.400390625
34414,1.103515625,1.025390625,-0.3515625,-0.33203125
34415,1.083984375,1.103515625,-0.21484375,-0.2734375
34416,1.044921875,1.19140625,-0.107421875,-0.29296875
34417,1.162109375,1.23046875,-0.302734375,-0.537109375
34418,1.083984375,1.09375,-0.361328125,-0.380859375
34419,1.123046875,1.19140625,-0.2734375,-0.44921875
34420,1.162109375,1.171875,-0.205078125,-0.478515625
34421,1.23046875,1.15234375,-0.3125,-0.37109375
34422,1.09375,1.181640625,-0.3515625,-0.5078125
34423,1.15234375,1.201171875,-0.21484375,-0.48828125
34424,1.1328125,1.162109375,-0.224609375,-0.400390625
34425,1.03515625,1.142578125,-0.2734375,-0.44921875
34426,1.025390625,1.201171875,-0.283203125,-0.41015625
34427,1.142578125,1.171875,-0.33203125,-0.439453125
34428,1.171875,1.201171875,-0.341796875,-0.2734375
34429,1.19140625,1.201171875,-0.3125,-0.478515625
34430,1.142578125,1.240234375,-0.419921875,-0.263671875
34431,1.181640625,1.19140625,-0.283203125,-0.37109375
34432,1.240234375,1.11328125,-0.234375,-0.322265625
34433,1.142578125,1.15234375,-0.25390625,-0.3125
34434,1.15234375,1.103515625,-0.185546875,-0.400390625
34435,1.2109375,1.064453125,-0.21484375,-0.439453125
34436,1.1328125,1.201171875,-0.244140625,-0.29296875
34437,1.162109375,1.103515625,-0.21484375,-0.400390625
34438,1.11328125,1.064453125,-0.25390625,-0.537109375
34439,1.103515625,1.15234375,-0.390625,-0.341796875
34440,1.162109375,1.1328125,-0.21484375,-0.400390625
34441,1.25,1.220703125,-0.224609375,-0.390625
34442,1.103515625,1.15234375,-0.1953125,-0.302734375
34443,1.171875,1.083984375,-0.234375,-0.380859375
34444,1.171875,1.171875,-0.283203125,-0.46875
34445,1.15234375,1.142578125,-0.244140625,-0.439453125
34446,1.09375,1.259765625,-0.33203125,-0.498046875
34447,1.083984375,1.15234375,-0.4296875,-0.37109375
34448,1.083984375,0.986328125,-0.322265625,-0.439453125
34449,1.201171875,1.337890625,-0.205078125,-0.4296875
34450,1.15234375,1.201171875,-0.29296875,-0.4296875
34451,1.162109375,1.181640625,-0.29296875,-0.46875
34452,1.07421875,1.240234375,-0.263671875,-0.3515625
34453,1.2890625,1.103515625,-0.302734375,-0.478515625
34454,1.259765625,1.103515625,-0.3515625,-0.44921875
34455,1.26953125,1.103515625,-0.244140625,-0.400390625
34456,1.0546875,1.09375,-0.263671875,-0.3125
34457,1.162109375,1.2109375,-0.048828125,-0.48828125
34458,1.26953125,1.240234375,-0.205078125,-0.3515625
34459,1.044921875,1.181640625,-0.2734375,-0.419921875
34460,1.064453125,1.123046875,-0.234375,-0.322265625
34461,1.298828125,0.927734375,-0.263671875,-0.302734375
34462,1.220703125,1.03515625,-0.234375,-0.52734375
34463,1.298828125,1.123046875,-0.25390625,-0.283203125
34464,1.1328125,1.123046875,-0.302734375,-0.380859375
34465,1.2109375,1.07421875,-0.224609375,-0.234375
34466,1.015625,1.240234375,-0.263671875,-0.3515625
34467,1.19140625,1.162109375,-0.224609375,-0.205078125
34468,1.15234375,1.103515625,-0.17578125,-0.5859375
34469,1.171875,1.162109375,-0.263671875,-0.458984375
34470,1.181640625,1.15234375,-0.37109375,-0.390625
34471,1.2109375,1.15234375,-0.205078125,-0.390625
34472,1.083984375,1.044921875,-0.37109375,-0.302734375
34473,1.26953125,1.044921875,-0.263671875,-0.341796875
34474,1.171875,1.103515625,-0.361328125,-0.25390625
34475,1.15234375,1.162109375,-0.322265625,-0.37109375
34476,1.220703125,1.171875,-0.205078125,-0.322265625
34477,1.2109375,1.19140625,-0.33203125,-0.3125
34478,1.2890625,1.162109375,-0.3515625,-0.361328125
34479,1.259765625,1.064453125,-0.283203125,-0.37109375
34480,1.162109375,1.19140625,-0.3515625,-0.263671875
34481,1.15234375,1.1328125,-0.283203125,-0.390625
34482,1.171875,0.9375,-0.380859375,-0.33203125
34483,1.26953125,1.162109375,-0.25390625,-0.380859375
34484,1.298828125,1.11328125,-0.2734375,-0.2734375
34485,1.240234375,1.11328125,-0.224609375,-0.341796875
34486,1.19140625,1.15234375,-0.29296875,-0.380859375
34487,1.30859375,1.044921875,-0.234375,-0.44921875
34488,1.26953125,1.07421875,-0.302734375,-0.419921875
34489,1.19140625,1.123046875,-0.33203125,-0.478515625
34490,1.23046875,1.015625,-0.302734375,-0.517578125
34491,1.162109375,1.1328125,-0.33203125,-0.41015625
34492,1.240234375,1.03515625,-0.3515625,-0.41015625
34493,1.298828125,1.103515625,-0.390625,-0.439453125
34494,1.171875,1.15234375,-0.29296875,-0.380859375
34495,1.2890625,1.15234375,-0.380859375,-0.419921875
34496,1.15234375,1.19140625,-0.380859375,-0.41015625
34497,1.201171875,1.1328125,-0.234375,-0.44921875
34498,1.23046875,1.1328125,-0.25390625,-0.390625
34499,1.25,1.15234375,-0.21484375,-0.556640625
34500,1.083984375,1.083984375,-0.4296875,-0.41015625
34501,1.181640625,1.09375,-0.283203125,-0.283203125
34502,1.23046875,1.0546875,-0.3125,-0.37109375
34503,1.162109375,1.083984375,-0.263671875,-0.3125
34504,1.162109375,1.15234375,-0.283203125,-0.322265625
34505,1.2109375,1.181640625,-0.224609375,-0.419921875
34506,1.220703125,1.23046875,-0.1171875,-0.33203125
34507,1.328125,1.11328125,-0.25390625,-0.400390625
34508,1.328125,1.0546875,-0.244140625,-0.37109375
34509,1.259765625,1.0546875,-0.17578125,-0.41015625
34510,1.181640625,1.1328125,-0.263671875,-0.3125
34511,1.2109375,1.15234375,-0.1953125,-0.33203125
34512,1.357421875,1.220703125,-0.234375,-0.37109375
34513,1.26953125,1.123046875,-0.283203125,-0.478515625
34514,1.2890625,1.11328125,-0.283203125,-0.3515625
34515,1.298828125,1.142578125,-0.15625,-0.380859375
34516,1.2109375,1.171875,-0.283203125,-0.498046875
34517,1.26953125,1.201171875,-0.283203125,-0.3515625
34518,1.328125,1.123046875,-0.2734375,-0.390625
34519,1.38671875,1.25,-0.25390625,-0.52734375
34520,1.337890625,1.2109375,-0.400390625,-0.390625
34521,1.25,1.1328125,-0.3515625,-0.400390625
34522,1.2890625,1.1328125,-0.322265625,-0.41015625
34523,1.337890625,1.123046875,-0.380859375,-0.380859375
34524,1.23046875,1.103515625,-0.322265625,-0.37109375
34525,1.318359375,1.11328125,-0.361328125,-0.29296875
34526,1.220703125,1.1328125,-0.29296875,-0.478515625
34527,1.279296875,1.15234375,-0.263671875,-0.322265625
34528,1.1328125,1.23046875,-0.341796875,-0.361328125
34529,1.357421875,1.181640625,-0.21484375,-0.3515625
34530,1.220703125,1.171875,-0.3125,-0.439453125
34531,1.2890625,0.99609375,-0.17578125,-0.37109375
34532,1.298828125,1.19140625,-0.25390625,-0.419921875
34533,1.181640625,1.123046875,-0.234375,-0.33203125
34534,1.2890625,1.11328125,-0.21484375,-0.41015625
34535,1.34765625,1.083984375,-0.1953125,-0.419921875
34536,1.25,1.1328125,-0.25390625,-0.458984375
34537,1.23046875,1.15234375,-0.244140625,-0.322265625
34538,1.38671875,1.171875,-0.29296875,-0.283203125
34539,1.23046875,1.181640625,-0.380859375,-0.3515625
34540,1.298828125,1.23046875,-0.25390625,-0.4296875
34541,1.240234375,1.15234375,-0.234375,-0.41015625
34542,1.26953125,1.09375,-0.302734375,-0.3515625
34543,1.2890625,0.99609375,-0.2734375,-0.263671875
34544,1.298828125,1.15234375,-0.3515625,-0.33203125
34545,1.3671875,1.15234375,-0.3125,-0.4296875
34546,1.279296875,1.11328125,-0.2734375,-0.380859375
34547,1.40625,1.07421875,-0.3515625,-0.33203125
34548,1.2109375,1.142578125,-0.1953125,-0.361328125
34549,1.23046875,1.34765625,-0.244140625,-0.390625
34550,1.23046875,1.1328125,-0.33203125,-0.380859375
34551,1.171875,1.26953125,-0.322265625,-0.3515625
34552,1.181640625,1.064453125,-0.1953125,-0.361328125
34553,1.240234375,1.083984375,-0.322265625,-0.46875
34554,1.23046875,1.064453125,-0.244140625,-0.37109375
34555,1.220703125,1.11328125,-0.341796875,-0.283203125
34556,1.201171875,1.15234375,-0.15625,-0.244140625
34557,1.2109375,1.064453125,-0.21484375,-0.29296875
34558,1.15234375,0.927734375,-0.2734375,-0.41015625
34559,1.25,1.162109375,-0.185546875,-0.146484375
34560,1.083984375,1.064453125,-0.21484375,-0.380859375
34561,1.162109375,0.99609375,-0.17578125,-0.33203125
34562,1.259765625,0.966796875,-0.146484375,-0.400390625
34563,1.337890625,1.19140625,-0.234375,-0.390625
34564,1.2109375,1.07421875,-0.15625,-0.4296875
34565,1.2109375,1.318359375,-0.25390625,-0.37109375
34566,1.15234375,1.123046875,-0.2734375,-0.380859375
34567,1.181640625,1.123046875,-0.234375,-0.400390625
34568,1.19140625,1.201171875,-0.185546875,-0.1953125
34569,1.2109375,1.162109375,-0.283203125,-0.361328125
34570,1.23046875,1.2109375,-0.234375,-0.37109375
34571,1.318359375,1.30859375,-0.244140625,-0.322265625
34572,1.23046875,1.083984375,-0.244140625,-0.361328125
34573,1.162109375,1.11328125,-0.29296875,-0.41015625
34574,1.25,1.15234375,-0.185546875,-0.41015625
34575,1.09375,1.1328125,-0.15625,-0.41015625
34576,1.220703125,1.064453125,-0.322265625,-0.302734375
34577,1.298828125,1.044921875,-0.17578125,-0.322265625
34578,1.171875,1.005859375,-0.15625,-0.302734375
34579,1.19140625,1.09375,-0.15625,-0.29296875
34580,1.318359375,0.95703125,-0.400390625,-0.25390625
34581,1.25,1.025390625,-0.185546875,-0.234375
34582,1.30859375,1.201171875,-0.087890625,-0.341796875
34583,1.220703125,1.09375,-0.205078125,-0.205078125
34584,1.2890625,1.07421875,-0.185546875,-0.244140625
34585,1.328125,1.0546875,-0.361328125,-0.25390625
34586,1.318359375,0.986328125,-0.29296875,-0.341796875
34587,1.19140625,1.09375,-0.283203125,-0.21484375
34588,1.142578125,1.19140625,-0.361328125,-0.234375
34589,1.298828125,1.005859375,-0.234375,-0.302734375
34590,1.19140625,1.03515625,-0.283203125,-0.341796875
34591,1.2890625,1.005859375,-0.302734375,-0.322265625
34592,1.240234375,1.123046875,-0.29296875,-0.2734375
34593,1.328125,1.0546875,-0.21484375,-0.33203125
34594,1.26953125,0.95703125,-0.33203125,-0.3515625
34595,1.181640625,1.07421875,-0.33203125,-0.263671875
34596,1.11328125,1.142578125,-0.302734375,-0.29296875
34597,1.279296875,0.966796875,-0.25390625,-0.380859375
34598,1.19140625,1.123046875,-0.283203125,-0.3125
34599,1.123046875,1.123046875,-0.263671875,-0.244140625
34600,1.1328125,1.1328125,-0.400390625,-0.33203125
34601,1.220703125,1.0546875,-0.3125,-0.263671875
34602,1.15234375,1.103515625,-0.21484375,-0.234375
34603,1.25,1.0546875,-0.234375,-0.25390625
34604,1.162109375,1.07421875,-0.224609375,-0.25390625
34605,1.298828125,1.11328125,-0.224609375,-0.41015625
34606,1.23046875,1.171875,-0.244140625,-0.29296875
34607,1.220703125,1.044921875,-0.3125,-0.361328125
34608,1.25,1.103515625,-0.234375,-0.3125
34609,1.259765625,1.0546875,-0.166015625,-0.3515625
34610,1.2109375,1.181640625,-0.3515625,-0.25390625
34611,1.259765625,1.1328125,-0.322265625,-0.302734375
34612,1.181640625,1.11328125,-0.3515625,-0.33203125
34613,1.19140625,1.103515625,-0.2734375,-0.37109375
34614,1.1328125,1.171875,-0.3515625,-0.21484375
34615,1.15234375,1.07421875,-0.302734375,-0.29296875
34616,1.171875,1.15234375,-0.33203125,-0.263671875
34617,1.103515625,1.083984375,-0.29296875,-0.283203125
34618,1.220703125,1.103515625,-0.29296875,-0.283203125
34619,1.23046875,1.103515625,-0.2734375,-0.1953125
34620,1.181640625,1.103515625,-0.29296875,-0.25390625
34621,1.240234375,1.15234375,-0.33203125,-0.302734375
34622,1.23046875,1.1328125,-0.341796875,-0.29296875
34623,1.259765625,1.15234375,-0.3515625,-0.3125
34624,1.26953125,1.123046875,-0.25390625,-0.107421875
34625,1.220703125,1.201171875,-0.224609375,-0.25390625
34626,1.25,1.1328125,-0.283203125,-0.400390625
34627,1.30859375,1.07421875,-0.283203125,-0.13671875
34628,1.1328125,1.201171875,-0.25390625,-0.146484375
34629,1.23046875,1.103515625,-0.33203125,-0.419921875
34630,1.142578125,1.09375,-0.322265625,-0.146484375
34631,1.26953125,0.87890625,-0.302734375,-0.205078125
34632,1.26953125,1.103515625,-0.322265625,-0.25390625
34633,1.201171875,1.11328125,-0.224609375,-0.244140625
34634,1.142578125,1.19140625,-0.322265625,-0.244140625
34635,1.25,1.103515625,-0.390625,0.01953125
34636,1.162109375,1.103515625,-0.302734375,-0.205078125
34637,1.181640625,0.9375,-0.244140625,-0.205078125
34638,1.240234375,1.005859375,-0.46875,-0.302734375
34639,1.142578125,1.09375,-0.37109375,-0.146484375
34640,1.201171875,1.0546875,-0.3125,-0.244140625
34641,1.279296875,1.103515625,-0.302734375,-0.146484375
34642,1.220703125,1.1328125,-0.224609375,-0.37109375
34643,1.11328125,1.11328125,-0.3515625,-0.244140625
34644,1.220703125,1.11328125,-0.3515625,-0.244140625
34645,1.15234375,1.23046875,-0.29296875,-0.29296875
34646,1.328125,1.103515625,-0.3125,-0.29296875
34647,1.181640625,1.064453125,-0.33203125,-0.234375
34648,1.142578125,1.123046875,-0.263671875,-0.29296875
34649,1.162109375,1.11328125,-0.322265625,-0.224609375
34650,1.259765625,1.09375,-0.234375,-0.21484375
34651,1.220703125,1.09375,-0.37109375,-0.244140625
34652,1.171875,0.927734375,-0.3125,-0.302734375
34653,1.142578125,1.201171875,-0.25390625,-0.263671875
34654,1.23046875,1.1328125,-0.33203125,-0.341796875
34655,1.240234375,1.162109375,-0.13671875,-0.29296875
34656,1.259765625,1.1328125,-0.33203125,-0.33203125
34657,1.298828125,1.1328125,-0.21484375,-0.341796875
34658,1.220703125,1.0546875,-0.224609375,-0.283203125
34659,1.23046875,1.064453125,-0.283203125,-0.224609375
34660,1.25,1.103515625,-0.205078125,-0.185546875
34661,1.171875,1.07421875,-0.205078125,-0.283203125
34662,1.171875,1.1328125,-0.33203125,-0.234375
34663,1.19140625,1.103515625,-0.302734375,-0.2734375
34664,1.123046875,1.09375,-0.3515625,-0.322265625
34665,1.181640625,1.07421875,-0.25390625,-0.33203125
34666,1.220703125,1.15234375,-0.1953125,-0.13671875
34667,1.201171875,1.123046875,-0.2734375,-0.25390625
34668,1.240234375,1.0546875,-0.2734375,-0.341796875
34669,1.044921875,1.103515625,-0.29296875,-0.224609375
34670,1.083984375,1.171875,-0.29296875,-0.21484375
34671,1.103515625,1.064453125,-0.380859375,-0.302734375
34672,1.171875,1.103515625,-0.25390625,-0.224609375
34673,1.2890625,1.11328125,-0.29296875,-0.283203125
34674,1.30859375,0.95703125,-0.283203125,-0.29296875
34675,1.26953125,1.083984375,-0.29296875,-0.302734375
34676,1.220703125,1.03515625,-0.263671875,-0.341796875
34677,1.220703125,1.123046875,-0.15625,-0.146484375
34678,1.337890625,1.044921875,-0.224609375,-0.37109375
34679,1.240234375,1.123046875,-0.244140625,-0.263671875
34680,1.2109375,1.162109375,-0.322265625,-0.205078125
34681,1.25,1.123046875,-0.263671875,-0.126953125
34682,1.328125,1.083984375,-0.361328125,-0.2734375
34683,1.240234375,1.171875,-0.224609375,-0.29296875
34684,1.171875,1.19140625,-0.29296875,-0.390625
34685,1.201171875,1.1328125,-0.25390625,-0.33203125
34686,1.30859375,1.171875,-0.205078125,-0.29296875
34687,1.171875,1.064453125,-0.17578125,-0.29296875
34688,1.162109375,1.1328125,-0.263671875,-0.322265625
34689,1.30859375,1.201171875,-0.2734375,-0.2734375
34690,1.240234375,1.25,-0.263671875,-0.224609375
34691,1.2890625,1.1328125,-0.25390625,-0.25390625
34692,1.15234375,1.240234375,-0.25390625,-0.13671875
34693,1.259765625,1.240234375,-0.37109375,-0.33203125
34694,1.220703125,1.1328125,-0.283203125,-0.048828125
34695,1.220703125,1.25,-0.439453125,-0.205078125
34696,1.201171875,1.181640625,-0.302734375,-0.21484375
34697,1.23046875,1.142578125,-0.322265625,-0.205078125
34698,1.23046875,1.220703125,0,-0.29296875
34699,1.1328125,1.015625,-0.224609375,-0.17578125
34700,1.07421875,1.162109375,-0.341796875,-0.361328125
34701,1.318359375,1.11328125,-0.380859375,-0.21484375
34702,1.357421875,0.9375,-0.2734375,-0.33203125
34703,1.318359375,1.11328125,-0.302734375,-0.234375
34704,1.3671875,1.044921875,-0.185546875,-0.244140625
34705,1.1328125,1.103515625,-0.29296875,-0.29296875
34706,1.34765625,1.083984375,-0.263671875,-0.2734375
34707,1.19140625,1.064453125,-0.25390625,-0.302734375
34708,1.240234375,1.044921875,-0.166015625,-0.1953125
34709,1.259765625,1.162109375,-0.224609375,-0.283203125
34710,1.3671875,1.09375,-0.2734375,-0.33203125
34711,1.435546875,1.337890625,-0.15625,-0.322265625
34712,1.2890625,1.11328125,-0.25390625,-0.3515625
34713,1.298828125,1.2109375,-0.263671875,-0.263671875
34714,1.23046875,1.064453125,-0.21484375,-0.244140625
34715,1.25,1.240234375,-0.29296875,-0.322265625
34716,1.318359375,1.259765625,-0.419921875,-0.1171875
34717,1.30859375,1.240234375,-0.25390625,-0.33203125
34718,1.162109375,1.240234375,-0.322265625,-0.33203125
34719,1.298828125,1.298828125,-0.361328125,-0.283203125
34720,1.220703125,1.30859375,-0.21484375,-0.302734375
34721,1.240234375,1.23046875,-0.3515625,-0.3125
34722,1.259765625,1.298828125,-0.234375,-0.25390625
34723,1.240234375,1.220703125,-0.33203125,-0.283203125
34724,1.328125,1.103515625,-0.390625,-0.29296875
34725,1.181640625,1.201171875,-0.419921875,-0.302734375
34726,1.30859375,1.07421875,-0.41015625,-0.263671875
34727,1.2109375,1.201171875,-0.302734375,-0.078125
34728,1.298828125,1.1328125,-0.33203125,-0.205078125
34729,1.2109375,1.171875,-0.29296875,-0.283203125
34730,1.2109375,1.15234375,-0.341796875,-0.3515625
34731,1.2109375,1.181640625,-0.33203125,-0.29296875
34732,1.26953125,1.11328125,-0.46875,-0.302734375
34733,1.240234375,1.162109375,-0.380859375,-0.283203125
34734,1.220703125,1.09375,-0.3515625,-0.302734375
34735,1.23046875,1.142578125,-0.322265625,-0.2734375
34736,1.328125,1.09375,-0.15625,-0.1953125
34737,1.201171875,1.1328125,-0.205078125,-0.3125
34738,1.259765625,1.15234375,-0.341796875,-0.37109375
34739,1.26953125,1.162109375,-0.3125,-0.322265625
34740,1.318359375,1.15234375,-0.302734375,-0.283203125
34741,1.2109375,1.337890625,-0.302734375,-0.400390625
34742,1.162109375,1.171875,-0.244140625,-0.302734375
34743,1.2109375,1.1328125,-0.21484375,-0.341796875
34744,1.2109375,1.19140625,-0.244140625,-0.380859375
34745,1.259765625,1.1328125,-0.283203125,-0.341796875
34746,1.26953125,1.171875,-0.234375,-0.263671875
34747,1.201171875,1.23046875,-0.37109375,-0.361328125
34748,1.123046875,1.171875,-0.341796875,-0.25390625
34749,1.162109375,1.19140625,-0.33203125,-0.25390625
34750,1.376953125,1.220703125,-0.068359375,-0.322265625
34751,1.279296875,1.171875,-0.244140625,-0.3125
34752,1.3671875,1.201171875,-0.205078125,-0.283203125
34753,1.298828125,1.259765625,-0.29296875,-0.37109375
34754,1.220703125,1.181640625,-0.283203125,-0.3125
34755,1.23046875,1.162109375,-0.25390625,-0.33203125
34756,1.1328125,1.26953125,-0.224609375,-0.302734375
34757,1.26953125,1.07421875,-0.1953125,-0.322265625
34758,1.25,1.2890625,-0.185546875,-0.37109375
34759,1.2890625,1.220703125,-0.1953125,-0.302734375
34760,1.142578125,1.162109375,-0.166015625,-0.322265625
34761,1.103515625,1.2109375,-0.13671875,-0.146484375
34762,1.279296875,1.2109375,-0.146484375,-0.2734375
34763,1.201171875,1.240234375,-0.302734375,-0.234375
34764,1.259765625,1.15234375,-0.263671875,-0.380859375
34765,1.30859375,1.171875,-0.283203125,-0.41015625
34766,1.142578125,1.142578125,-0.224609375,-0.48828125
34767,1.171875,1.25,-0.341796875,-0.3515625
34768,1.220703125,1.357421875,-0.29296875,-0.341796875
34769,1.279296875,1.240234375,-0.380859375,-0.400390625
34770,1.03515625,1.19140625,-0.3515625,-0.458984375
34771,1.09375,1.298828125,-0.33203125,-0.380859375
34772,1.162109375,1.318359375,-0.29296875,-0.44921875
34773,1.171875,1.2890625,-0.25390625,-0.4296875
34774,1.15234375,1.279296875,-0.283203125,-0.37109375
34775,1.15234375,1.30859375,-0.341796875,-0.302734375
34776,1.005859375,1.30859375,-0.29296875,-0.419921875
34777,1.15234375,1.201171875,-0.2734375,-0.33203125
34778,1.15234375,1.279296875,-0.341796875,-0.322265625
34779,1.240234375,1.259765625,-0.21484375,-0.771484375
34780,1.181640625,1.259765625,-0.361328125,-0.41015625
34781,1.181640625,1.455078125,-0.263671875,-0.41015625
34782,1.19140625,1.19140625,-0.341796875,-0.380859375
34783,1.181640625,1.2890625,-0.2734375,-0.341796875
34784,1.09375,1.357421875,-0.29296875,-0.4296875
34785,1.19140625,1.279296875,-0.224609375,-0.390625
34786,1.298828125,1.181640625,-0.3515625,-0.3125
34787,1.25,1.279296875,-0.234375,-0.390625
34788,1.26953125,1.23046875,-0.224609375,-0.390625
34789,1.23046875,1.240234375,-0.361328125,-0.361328125
34790,1.19140625,1.240234375,-0.29296875,-0.322265625
34791,1.2109375,1.376953125,-0.244140625,-0.37109375
34792,1.23046875,1.23046875,-0.205078125,-0.439453125
34793,1.2109375,1.337890625,-0.390625,-0.400390625
34794,1.259765625,1.240234375,-0.283203125,-0.29296875
34795,1.2109375,1.279296875,-0.302734375,-0.41015625
34796,1.201171875,1.25,-0.244140625,-0.4296875
34797,1.201171875,1.23046875,-0.205078125,-0.302734375
34798,1.26953125,1.240234375,-0.21484375,-0.44921875
34799,1.19140625,1.259765625,-0.283203125,-0.380859375
34800,1.09375,1.328125,-0.33203125,-0.33203125
34801,1.15234375,1.240234375,-0.29296875,-0.46875
34802,1.142578125,1.318359375,-0.234375,-0.458984375
34803,1.103515625,1.11328125,-0.283203125,-0.390625
34804,1.201171875,1.2109375,-0.224609375,-0.390625
34805,1.279296875,1.064453125,-0.2734375,-0.44921875
34806,1.142578125,1.25,-0.263671875,-0.37109375
34807,1.181640625,1.1328125,-0.185546875,-0.400390625
34808,1.171875,1.259765625,-0.15625,-0.341796875
34809,1.15234375,1.1328125,-0.244140625,-0.33203125
34810,1.259765625,1.201171875,-0.302734375,-0.44921875
34811,1.181640625,1.26953125,-0.25390625,-0.390625
34812,1.2109375,1.044921875,-0.244140625,-0.400390625
34813,1.240234375,1.23046875,-0.283203125,-0.380859375
34814,1.26953125,1.103515625,-0.234375,-0.3515625
34815,1.298828125,1.171875,-0.3125,-0.341796875
34816,1.279296875,1.26953125,-0.244140625,-0.419921875
34817,1.201171875,1.2109375,-0.283203125,-0.458984375
34818,1.298828125,1.171875,-0.361328125,-0.37109375
34819,1.240234375,1.171875,-0.33203125,-0.52734375
34820,1.34765625,1.240234375,-0.341796875,-0.4296875
34821,1.2890625,1.123046875,-0.263671875,-0.390625
34822,1.25,1.220703125,-0.341796875,-0.380859375
34823,1.240234375,1.162109375,-0.25390625,-0.322265625
34824,1.2890625,1.26953125,-0.1171875,-0.400390625
34825,1.328125,1.11328125,-0.3125,-0.537109375
34826,1.38671875,1.25,-0.283203125,-0.3515625
34827,1.171875,1.15234375,-0.33203125,-0.37109375
34828,1.259765625,1.181640625,-0.29296875,-0.380859375
34829,1.15234375,1.220703125,-0.419921875,-0.41015625
34830,1.25,1.15234375,-0.244140625,-0.341796875
34831,1.34765625,1.181640625,-0.224609375,-0.439453125
34832,1.25,1.103515625,-0.263671875,-0.37109375
34833,1.201171875,1.083984375,-0.322265625,-0.4296875
34834,1.357421875,1.171875,-0.3125,-0.458984375
34835,1.11328125,1.201171875,-0.29296875,-0.41015625
34836,1.259765625,1.11328125,-0.166015625,-0.341796875
34837,1.279296875,1.171875,-0.234375,-0.458984375
34838,1.220703125,1.11328125,-0.458984375,-0.400390625
34839,1.201171875,1.318359375,-0.283203125,-0.322265625
34840,1.181640625,1.15234375,-0.458984375,-0.537109375
34841,1.123046875,1.1328125,-0.341796875,-0.37109375
34842,1.15234375,1.171875,-0.234375,-0.478515625
34843,1.123046875,1.171875,-0.1953125,-0.419921875
34844,1.171875,1.25,-0.234375,-0.3515625
34845,1.083984375,1.162109375,-0.380859375,-0.41015625
34846,1.142578125,1.201171875,-0.17578125,-0.341796875
34847,1.181640625,1.2890625,-0.166015625,-0.44921875
34848,1.142578125,1.181640625,-0.283203125,-0.419921875
34849,1.083984375,1.123046875,-0.17578125,-0.478515625
34850,1.23046875,1.201171875,-0.234375,-0.400390625
34851,1.19140625,1.123046875,-0.263671875,-0.41015625
34852,1.142578125,1.220703125,-0.234375,-0.380859375
34853,1.123046875,1.2109375,-0.1953125,-0.400390625
34854,1.15234375,1.337890625,-0.13671875,-0.361328125
34855,1.201171875,1.123046875,-0.283203125,-0.48828125
34856,1.2109375,1.11328125,-0.234375,-0.44921875
34857,1.220703125,1.142578125,-0.1171875,-0.37109375
34858,1.181640625,1.181640625,-0.205078125,-0.37109375
34859,1.298828125,1.2109375,-0.166015625,-0.361328125
34860,1.23046875,1.162109375,-0.400390625,-0.400390625
34861,1.171875,1.142578125,-0.224609375,-0.546875
34862,1.2109375,1.103515625,-0.234375,-0.439453125
34863,1.220703125,1.171875,-0.322265625,-0.4296875
34864,1.23046875,1.1328125,-0.048828125,-0.419921875
34865,1.25,1.25,-0.21484375,-0.419921875
34866,1.201171875,1.171875,-0.244140625,-0.341796875
34867,1.123046875,1.15234375,-0.3125,-0.380859375
34868,1.318359375,1.23046875,-0.341796875,-0.25390625
34869,1.162109375,1.171875,-0.322265625,-0.37109375
34870,1.123046875,1.171875,-0.2734375,-0.390625
34871,1.240234375,1.171875,-0.3125,-0.361328125
34872,1.220703125,1.11328125,-0.283203125,-0.400390625
34873,1.123046875,1.2890625,-0.283203125,-0.44921875
34874,1.162109375,1.19140625,-0.33203125,-0.4296875
34875,1.19140625,1.19140625,-0.166015625,-0.283203125
34876,1.11328125,1.083984375,-0.302734375,-0.478515625
34877,1.23046875,1.15234375,-0.3515625,-0.517578125
34878,1.171875,1.337890625,-0.341796875,-0.48828125
34879,1.142578125,0.99609375,-0.3125,-0.4296875
34880,1.19140625,1.07421875,-0.29296875,-0.634765625
34881,1.201171875,1.15234375,-0.341796875,-0.458984375
34882,1.34765625,1.162109375,-0.263671875,-0.419921875
34883,1.240234375,1.11328125,-0.25390625,-0.48828125
34884,1.298828125,1.142578125,-0.2734375,-0.3125
34885,1.220703125,1.220703125,-0.37109375,-0.44921875
34886,1.19140625,1.15234375,-0.33203125,-0.44921875
34887,1.2109375,1.025390625,-0.3515625,-0.52734375
34888,1.09375,1.23046875,-0.244140625,-0.56640625
34889,1.15234375,1.162109375,-0.283203125,-0.3125
34890,1.181640625,1.083984375,-0.107421875,-0.400390625
34891,1.2890625,1.123046875,-0.1953125,-0.546875
34892,1.201171875,1.162109375,-0.224609375,-0.380859375
34893,1.26953125,1.259765625,-0.1953125,-0.439453125
34894,1.142578125,1.142578125,-0.1953125,-0.341796875
34895,1.26953125,1.123046875,-0.234375,-0.322265625
34896,1.19140625,1.123046875,-0.185546875,-0.3515625
34897,1.279296875,1.181640625,-0.15625,-0.37109375
34898,1.201171875,1.1328125,-0.15625,-0.17578125
34899,1.40625,1.123046875,-0.25390625,-0.341796875
34900,1.23046875,1.123046875,-0.15625,-0.419921875
34901,1.19140625,1.181640625,-0.146484375,-0.341796875
34902,1.298828125,1.19140625,-0.13671875,-0.302734375
34903,1.298828125,1.171875,-0.205078125,-0.33203125
34904,1.259765625,1.103515625,-0.380859375,-0.263671875
34905,1.34765625,1.103515625,-0.283203125,-0.3125
34906,1.19140625,1.142578125,-0.380859375,-0.263671875
34907,1.201171875,1.15234375,-0.302734375,-0.390625
34908,1.259765625,1.083984375,-0.2734375,-0.37109375
34909,1.26953125,1.15234375,-0.41015625,-0.380859375
34910,1.23046875,1.171875,-0.341796875,-0.37109375
34911,1.1328125,1.171875,-0.33203125,-0.341796875
34912,1.23046875,1.181640625,-0.361328125,-0.419921875
34913,1.201171875,1.162109375,-0.3515625,-0.283203125
34914,1.220703125,1.19140625,-0.33203125,-0.33203125
34915,1.259765625,1.171875,-0.37109375,-0.439453125
34916,1.279296875,1.181640625,-0.302734375,-0.37109375
34917,1.220703125,1.07421875,-0.478515625,-0.361328125
34918,1.240234375,1.123046875,-0.48828125,-0.380859375
34919,1.171875,1.11328125,-0.322265625,-0.302734375
34920,1.279296875,1.1328125,-0.2734375,-0.41015625
34921,1.23046875,1.123046875,-0.29296875,-0.400390625
34922,1.220703125,1.1328125,-0.244140625,-0.390625
34923,1.298828125,1.181640625,-0.302734375,-0.41015625
34924,1.279296875,1.0546875,-0.29296875,-0.3515625
34925,1.2109375,1.357421875,-0.1953125,-0.322265625
34926,1.23046875,1.19140625,-0.322265625,-0.546875
34927,1.328125,1.11328125,-0.302734375,-0.37109375
34928,1.318359375,1.201171875,-0.361328125,-0.3515625
34929,1.2890625,1.103515625,-0.2734375,-0.400390625
34930,1.240234375,1.1328125,-0.341796875,-0.361328125
34931,1.23046875,1.142578125,-0.322265625,-0.341796875
34932,1.09375,1.103515625,-0.29296875,-0.25390625
34933,1.259765625,1.1328125,-0.283203125,-0.380859375
34934,1.259765625,1.2890625,-0.3515625,-0.546875
34935,1.26953125,1.083984375,-0.263671875,-0.390625
34936,1.38671875,1.259765625,-0.263671875,-0.3515625
34937,1.416015625,1.11328125,-0.3125,-0.2734375
34938,1.54296875,1.201171875,-0.322265625,-0.3125
34939,1.298828125,1.03515625,-0.537109375,-0.400390625
34940,1.337890625,0.986328125,-0.224609375,-0.322265625
34941,1.34765625,1.162109375,-0.244140625,-0.322265625
34942,1.23046875,1.11328125,-0.29296875,-0.33203125
34943,1.328125,1.142578125,-0.3515625,-0.29296875
34944,1.376953125,1.201171875,-0.234375,-0.224609375
34945,1.396484375,1.123046875,-0.263671875,-0.400390625
34946,1.38671875,1.171875,-0.341796875,-0.390625
34947,1.4453125,1.201171875,-0.322265625,-0.400390625
34948,1.357421875,1.103515625,-0.205078125,-0.37109375
34949,1.46484375,1.044921875,-0.25390625,-0.361328125
34950,1.220703125,1.1328125,-0.25390625,-0.33203125
34951,1.4453125,1.1328125,-0.166015625,-0.37109375
34952,1.337890625,1.162109375,-0.15625,-0.41015625
34953,1.357421875,1.142578125,-0.25390625,-0.322265625
34954,1.162109375,1.09375,-0.302734375,-0.498046875
34955,1.25,1.19140625,-0.2734375,-0.4296875
34956,1.279296875,1.181640625,-0.283203125,-0.302734375
34957,1.34765625,1.03515625,-0.21484375,-0.3515625
34958,1.26953125,1.09375,-0.33203125,-0.380859375
34959,1.337890625,1.064453125,-0.322265625,-0.478515625
34960,1.2890625,1.240234375,-0.3125,-0.5078125
34961,1.34765625,1.162109375,-0.41015625,-0.390625
34962,1.279296875,1.201171875,-0.146484375,-0.478515625
34963,1.318359375,1.25,-0.166015625,-0.400390625
34964,1.26953125,1.123046875,-0.224609375,-0.341796875
34965,1.357421875,1.240234375,-0.224609375,-0.205078125
34966,1.435546875,1.171875,-0.37109375,-0.419921875
34967,1.30859375,1.171875,-0.302734375,-0.380859375
34968,1.298828125,1.15234375,-0.33203125,-0.41015625
34969,1.337890625,1.123046875,-0.244140625,-0.419921875
34970,1.30859375,1.11328125,-0.2734375,-0.390625
34971,1.396484375,1.201171875,-0.263671875,-0.37109375
34972,1.533203125,1.15234375,-0.244140625,-0.33203125
34973,1.23046875,1.259765625,-0.17578125,-0.458984375
34974,1.357421875,1.162109375,-0.33203125,-0.2734375
34975,1.298828125,1.259765625,-0.341796875,-0.361328125
34976,1.318359375,1.03515625,-0.166015625,-0.361328125
34977,1.3671875,1.123046875,-0.302734375,-0.48828125
34978,1.4453125,1.171875,-0.244140625,-0.390625
34979,1.26953125,1.3671875,-0.205078125,-0.361328125
34980,1.240234375,1.123046875,-0.263671875,-0.37109375
34981,1.162109375,1.1328125,-0.29296875,-0.33203125
34982,1.25,1.0546875,-0.419921875,-0.37109375
34983,1.2890625,1.1328125,-0.2734375,-0.400390625
34984,1.25,1.162109375,-0.380859375,-0.400390625
34985,1.240234375,1.220703125,-0.283203125,-0.33203125
34986,1.201171875,1.1328125,-0.283203125,-0.390625
34987,1.34765625,1.220703125,-0.224609375,-0.283203125
34988,1.15234375,1.19140625,-0.244140625,-0.224609375
34989,1.15234375,1.1328125,-0.205078125,-0.419921875
34990,1.181640625,1.201171875,-0.17578125,-0.498046875
34991,1.19140625,1.083984375,-0.1953125,-0.380859375
34992,1.181640625,1.1328125,-0.205078125,-0.3125
34993,1.1328125,1.181640625,-0.205078125,-0.33203125
34994,1.279296875,1.044921875,-0.341796875,-0.37109375
34995,1.26953125,1.1328125,-0.224609375,-0.361328125
34996,1.123046875,1.162109375,-0.224609375,-0.2734375
34997,1.19140625,1.162109375,-0.244140625,-0.44921875
34998,1.25,1.15234375,-0.244140625,-0.400390625
34999,1.328125,1.07421875,-0.1953125,-0.1953125
35000,1.162109375,1.220703125,-0.185546875,-0.400390625
35001,1.34765625,1.015625,-0.21484375,-0.380859375
35002,1.259765625,1.09375,-0.3125,-0.380859375
35003,1.25,1.162109375,-0.146484375,-0.439453125
35004,1.337890625,1.0546875,-0.263671875,-0.341796875
35005,1.298828125,1.181640625,-0.13671875,-0.37109375
35006,1.171875,1.07421875,-0.166015625,-0.41015625
35007,1.23046875,1.181640625,-0.322265625,-0.33203125
35008,1.044921875,1.103515625,-0.244140625,-0.3125
35009,1.259765625,1.123046875,-0.234375,-0.302734375
35010,1.376953125,1.123046875,-0.13671875,-0.4296875
35011,1.328125,1.083984375,-0.1171875,-0.283203125
35012,1.220703125,1.142578125,-0.185546875,-0.2734375
35013,1.26953125,1.07421875,-0.13671875,-0.41015625
35014,1.279296875,1.103515625,-0.078125,-0.185546875
35015,1.318359375,1.142578125,-0.29296875,-0.234375
35016,1.201171875,1.181640625,-0.283203125,-0.361328125
35017,1.298828125,1.03515625,-0.29296875,-0.2734375
35018,1.25,1.09375,-0.29296875,-0.361328125
35019,1.26953125,1.03515625,-0.13671875,-0.224609375
35020,1.2890625,1.0546875,-0.224609375,-0.419921875
35021,1.279296875,1.0546875,-0.33203125,-0.244140625
35022,1.240234375,1.083984375,-0.1953125,-0.33203125
35023,1.240234375,1.07421875,-0.361328125,-0.1953125
35024,1.2109375,1.07421875,-0.4296875,-0.283203125
35025,1.181640625,1.064453125,-0.322265625,-0.234375
35026,1.240234375,1.09375,-0.29296875,-0.302734375
35027,1.19140625,1.083984375,-0.322265625,-0.33203125
35028,1.201171875,1.025390625,-0.458984375,-0.29296875
35029,1.1328125,1.0546875,-0.234375,-0.29296875
35030,1.15234375,1.07421875,-0.166015625,-0.3125
35031,1.201171875,1.123046875,-0.2734375,-0.3125
35032,1.318359375,1.181640625,-0.25390625,-0.224609375
35033,1.201171875,1.123046875,-0.234375,-0.25390625
35034,1.240234375,1.123046875,-0.25390625,-0.25390625
35035,1.318359375,1.1328125,-0.244140625,-0.302734375
35036,1.318359375,1.162109375,-0.302734375,-0.341796875
35037,1.26953125,1.11328125,-0.17578125,-0.341796875
35038,1.220703125,1.1328125,-0.3515625,-0.341796875
35039,1.2890625,1.19140625,-0.322265625,-0.3125
35040,1.259765625,1.2109375,-0.1953125,-0.3515625
35041,1.171875,1.123046875,-0.21484375,-0.33203125
35042,1.3671875,1.123046875,-0.3125,-0.224609375
35043,1.279296875,1.142578125,-0.3515625,-0.263671875
35044,1.220703125,1.09375,-0.341796875,-0.15625
35045,1.30859375,1.044921875,-0.2734375,-0.234375
35046,1.328125,1.11328125,-0.341796875,-0.185546875
35047,1.30859375,1.162109375,-0.3515625,-0.21484375
35048,1.279296875,1.2109375,-0.283203125,-0.234375
35049,1.2109375,1.025390625,-0.341796875,-0.224609375
35050,1.298828125,1.201171875,-0.283203125,-0.205078125
35051,1.201171875,1.259765625,-0.439453125,-0.41015625
35052,1.26953125,1.19140625,-0.341796875,-0.205078125
35053,1.23046875,1.025390625,-0.302734375,-0.146484375
35054,1.279296875,1.171875,-0.3125,-0.185546875
35055,1.25,1.11328125,-0.234375,-0.21484375
35056,1.337890625,1.0546875,-0.263671875,-0.21484375
35057,1.279296875,1.23046875,-0.33203125,-0.263671875
35058,1.318359375,1.064453125,-0.205078125,-0.283203125
35059,1.25,1.142578125,-0.185546875,-0.263671875
35060,1.26953125,1.1328125,-0.37109375,-0.2734375
35061,1.103515625,0.9765625,-0.33203125,-0.2734375
35062,1.25,1.181640625,-0.3125,-0.322265625
35063,1.26953125,1.15234375,-0.33203125,-0.166015625
35064,1.11328125,1.15234375,-0.3125,-0.1953125
35065,1.220703125,0.95703125,-0.244140625,-0.283203125
35066,1.25,1.123046875,-0.458984375,-0.25390625
35067,1.26953125,1.162109375,-0.322265625,-0.244140625
35068,1.11328125,1.142578125,-0.380859375,-0.2734375
35069,1.103515625,1.123046875,-0.341796875,-0.13671875
35070,1.162109375,1.23046875,-0.4296875,-0.234375
35071,1.23046875,1.15234375,-0.29296875,-0.33203125
35072,1.376953125,1.1328125,-0.33203125,-0.205078125
35073,1.259765625,1.15234375,-0.5078125,-0.224609375
35074,1.23046875,1.025390625,-0.3125,-0.25390625
35075,1.25,1.09375,-0.41015625,-0.3125
35076,1.30859375,1.09375,-0.498046875,-0.25390625
35077,1.220703125,1.123046875,-0.341796875,-0.3125
35078,1.26953125,1.15234375,-0.48828125,-0.21484375
35079,1.298828125,1.083984375,-0.439453125,-0.283203125
35080,1.181640625,1.171875,-0.322265625,-0.205078125
35081,0.95703125,1.1328125,-0.390625,-0.21484375
35082,1.259765625,1.201171875,-0.322265625,-0.283203125
35083,1.26953125,1.083984375,-0.41015625,-0.263671875
35084,1.19140625,1.1328125,-0.244140625,-0.21484375
35085,1.09375,1.23046875,-0.263671875,-0.146484375
35086,1.15234375,1.26953125,-0.302734375,-0.2734375
35087,1.26953125,1.07421875,-0.283203125,-0.41015625
35088,1.2109375,1.044921875,-0.1953125,-0.263671875
35089,1.240234375,1.1328125,-0.146484375,-0.263671875
35090,1.25,1.162109375,-0.341796875,-0.205078125
35091,1.240234375,1.181640625,-0.244140625,-0.29296875
35092,1.171875,0.9765625,-0.1171875,-0.224609375
35093,1.26953125,1.1328125,-0.322265625,-0.2734375
35094,1.2109375,1.15234375,-0.341796875,-0.25390625
35095,1.19140625,1.09375,-0.33203125,-0.29296875
35096,1.201171875,1.11328125,-0.234375,-0.33203125
35097,1.15234375,1.025390625,-0.25390625,-0.2734375
35098,1.19140625,1.19140625,-0.15625,-0.21484375
35099,1.201171875,1.07421875,-0.29296875,-0.2734375
35100,1.201171875,1.15234375,-0.302734375,-0.2734375
35101,1.15234375,1.07421875,-0.390625,-0.380859375
35102,1.19140625,1.15234375,-0.2734375,-0.244140625
35103,1.25,1.123046875,-0.302734375,-0.341796875
35104,1.23046875,0.869140625,-0.263671875,-0.146484375
35105,1.201171875,0.9765625,-0.322265625,-0.234375
35106,1.42578125,1.09375,-0.380859375,-0.283203125
35107,1.23046875,1.171875,-0.185546875,-0.33203125
35108,1.3671875,1.044921875,-0.224609375,-0.244140625
35109,1.25,1.171875,-0.3125,-0.25390625
35110,1.220703125,1.15234375,-0.400390625,-0.17578125
35111,1.2890625,1.103515625,-0.21484375,-0.25390625
35112,1.279296875,1.162109375,-0.283203125,-0.3125
35113,1.220703125,1.09375,-0.380859375,-0.283203125
35114,1.357421875,1.26953125,-0.2734375,-0.29296875
35115,1.220703125,1.083984375,-0.25390625,-0.341796875
35116,1.181640625,1.1328125,-0.224609375,-0.224609375
35117,1.30859375,1.201171875,-0.400390625,-0.33203125
35118,1.298828125,1.19140625,-0.146484375,-0.17578125
35119,1.2109375,1.1328125,-0.224609375,-0.25390625
35120,1.2890625,1.181640625,-0.322265625,-0.107421875
35121,1.298828125,1.123046875,-0.283203125,-0.322265625
35122,1.162109375,1.11328125,-0.380859375,-0.234375
35123,1.3671875,1.123046875,-0.29296875,-0.3125
35124,1.26953125,1.11328125,-0.29296875,-0.1953125
35125,1.240234375,1.201171875,-0.3515625,-0.33203125
35126,1.259765625,1.15234375,-0.322265625,-0.341796875
35127,1.181640625,1.15234375,-0.3125,-0.25390625
35128,1.23046875,1.11328125,-0.29296875,-0.263671875
35129,1.26953125,1.19140625,-0.390625,-0.244140625
35130,1.240234375,1.103515625,-0.322265625,-0.302734375
35131,1.279296875,1.220703125,-0.2734375,-0.224609375
35132,1.298828125,1.025390625,-0.263671875,-0.322265625
35133,1.30859375,1.09375,-0.302734375,-0.244140625
35134,1.220703125,1.15234375,-0.283203125,-0.283203125
35135,1.318359375,1.162109375,-0.341796875,-0.25390625
35136,1.142578125,1.07421875,-0.439453125,-0.205078125
35137,1.2890625,1.103515625,-0.390625,-0.224609375
35138,1.357421875,1.1328125,-0.341796875,-0.29296875
35139,1.416015625,1.162109375,-0.302734375,-0.13671875
35140,1.298828125,1.15234375,-0.302734375,-0.361328125
35141,1.3671875,1.220703125,-0.25390625,-0.29296875
35142,1.318359375,1.11328125,-0.17578125,-0.224609375
35143,1.46484375,1.181640625,-0.283203125,-0.2734375
35144,1.25,1.171875,-0.25390625,-0.25390625
35145,1.25,1.15234375,-0.322265625,-0.2734375
35146,1.328125,1.171875,-0.234375,-0.244140625
35147,1.240234375,1.25,-0.341796875,-0.224609375
35148,1.30859375,1.15234375,-0.283203125,-0.322265625
35149,1.298828125,1.11328125,-0.25390625,-0.224609375
35150,1.240234375,1.1328125,-0.439453125,-0.2734375
35151,1.318359375,1.181640625,-0.263671875,-0.1953125
35152,1.328125,1.23046875,-0.146484375,-0.205078125
35153,1.298828125,1.1328125,-0.3125,-0.302734375
35154,1.279296875,1.23046875,-0.263671875,-0.224609375
35155,1.279296875,1.201171875,-0.380859375,-0.185546875
35156,1.30859375,1.123046875,-0.33203125,-0.322265625
35157,1.25,1.025390625,-0.244140625,-0.21484375
35158,1.38671875,1.1328125,-0.234375,-0.263671875
35159,1.298828125,1.064453125,-0.322265625,-0.263671875
35160,1.2109375,1.318359375,-0.29296875,-0.2734375
35161,1.2109375,1.103515625,-0.33203125,-0.361328125
35162,1.3671875,1.015625,-0.322265625,-0.283203125
35163,1.298828125,1.181640625,-0.341796875,-0.46875
35164,1.25,1.220703125,-0.25390625,-0.2734375
35165,1.23046875,1.103515625,-0.224609375,-0.1953125
35166,1.30859375,1.11328125,-0.283203125,-0.341796875
35167,1.376953125,1.083984375,-0.302734375,-0.3125
35168,1.435546875,1.103515625,-0.322265625,-0.361328125
35169,1.25,0.966796875,-0.3125,-0.13671875
35170,1.318359375,1.19140625,-0.185546875,-0.322265625
35171,1.318359375,0.908203125,-0.46875,-0.33203125
35172,1.2890625,1.240234375,-0.3515625,-0.3125
35173,1.328125,1.162109375,-0.283203125,-0.341796875
35174,1.2890625,1.09375,-0.283203125,-0.380859375
35175,1.279296875,1.15234375,-0.322265625,-0.380859375
35176,1.34765625,1.103515625,-0.263671875,-0.33203125
35177,1.259765625,1.15234375,-0.4296875,-0.283203125
35178,1.201171875,0.9765625,-0.3515625,-0.283203125
35179,1.337890625,1.181640625,-0.205078125,-0.15625
35180,1.25,1.171875,-0.17578125,-0.3125
35181,1.26953125,1.19140625,-0.263671875,-0.283203125
35182,1.25,1.181640625,-0.2734375,-0.302734375
35183,1.337890625,1.240234375,-0.21484375,-0.283203125
35184,1.220703125,1.23046875,-0.2734375,-0.224609375
35185,1.30859375,1.201171875,-0.146484375,-0.4296875
35186,1.201171875,1.171875,-0.3515625,-0.3125
35187,1.162109375,0.927734375,-0.33203125,-0.3515625
35188,1.220703125,1.23046875,-0.205078125,-0.2734375
35189,1.2109375,0.99609375,-0.15625,-0.263671875
35190,1.201171875,1.1328125,-0.224609375,-0.2734375
35191,1.318359375,1.181640625,-0.2734375,-0.322265625
35192,1.181640625,1.162109375,-0.2734375,-0.3515625
35193,1.2109375,1.201171875,-0.263671875,-0.33203125
35194,1.23046875,1.201171875,-0.322265625,-0.224609375
35195,1.2109375,1.15234375,-0.166015625,-0.3125
35196,1.2109375,1.162109375,-0.146484375,-0.234375
35197,1.09375,1.11328125,-0.244140625,-0.419921875
35198,1.2890625,1.07421875,-0.15625,-0.37109375
35199,1.15234375,1.259765625,-0.263671875,-0.380859375
35200,1.19140625,1.30859375,-0.17578125,-0.33203125
35201,1.259765625,1.357421875,-0.322265625,-0.44921875
35202,1.2109375,1.23046875,-0.166015625,-0.498046875
35203,1.162109375,1.259765625,-0.283203125,-0.380859375
35204,1.171875,1.2109375,-0.185546875,-0.41015625
35205,1.19140625,1.25,-0.341796875,-0.341796875
35206,1.30859375,1.328125,-0.17578125,-0.478515625
35207,1.181640625,1.328125,-0.33203125,-0.419921875
35208,1.2890625,1.2890625,-0.37109375,-0.419921875
35209,1.201171875,1.30859375,-0.146484375,-0.361328125
35210,1.259765625,1.318359375,-0.29296875,-0.390625
35211,1.220703125,1.279296875,-0.3125,-0.3515625
35212,1.162109375,1.34765625,-0.283203125,-0.322265625
35213,1.142578125,1.328125,-0.25390625,-0.46875
35214,1.15234375,1.416015625,-0.185546875,-0.400390625
35215,1.201171875,1.279296875,-0.263671875,-0.33203125
35216,1.19140625,1.30859375,-0.224609375,-0.400390625
35217,1.25,1.328125,-0.1171875,-0.41015625
35218,1.26953125,1.279296875,-0.3125,-0.5859375
35219,1.23046875,1.259765625,-0.29296875,-0.439453125
35220,1.181640625,1.38671875,-0.205078125,-0.400390625
35221,1.23046875,1.318359375,-0.3125,-0.234375
35222,1.201171875,1.318359375,-0.302734375,-0.37109375
35223,1.26953125,1.318359375,-0.3125,-0.46875
35224,1.240234375,1.23046875,-0.341796875,-0.37109375
35225,1.337890625,1.298828125,-0.283203125,-0.302734375
35226,1.30859375,1.2890625,-0.390625,-0.390625
35227,1.25,1.279296875,-0.29296875,-0.4296875
35228,1.240234375,1.259765625,-0.283203125,-0.419921875
35229,1.2109375,1.162109375,-0.146484375,-0.478515625
35230,1.15234375,1.240234375,-0.25390625,-0.283203125
35231,1.220703125,1.298828125,-0.341796875,-0.5078125
35232,1.171875,1.26953125,-0.302734375,-0.400390625
35233,1.171875,1.201171875,-0.234375,-0.44921875
35234,1.240234375,1.2890625,-0.25390625,-0.595703125
35235,1.181640625,1.09375,-0.380859375,-0.458984375
35236,1.171875,1.220703125,-0.224609375,-0.3515625
35237,0.9375,1.220703125,-0.263671875,-0.4296875
35238,1.19140625,1.19140625,-0.244140625,-0.3515625
35239,1.181640625,1.259765625,-0.234375,-0.3515625
35240,1.083984375,1.279296875,-0.322265625,-0.322265625
35241,1.259765625,1.34765625,-0.302734375,-0.302734375
35242,1.103515625,1.07421875,-0.15625,-0.390625
35243,1.181640625,1.279296875,-0.13671875,-0.556640625
35244,1.298828125,1.25,-0.234375,-0.41015625
35245,1.25,1.19140625,-0.263671875,-0.48828125
35246,1.2109375,1.2109375,-0.322265625,-0.3515625
35247,1.279296875,1.376953125,-0.263671875,-0.3515625
35248,1.30859375,1.171875,-0.185546875,-0.33203125
35249,1.40625,1.19140625,-0.25390625,-0.380859375
35250,1.25,1.19140625,-0.29296875,-0.341796875
35251,1.2890625,1.25,-0.234375,-0.458984375
35252,1.30859375,1.259765625,-0.380859375,-0.46875
35253,1.240234375,1.171875,-0.37109375,-0.41015625
35254,1.328125,1.259765625,-0.4296875,-0.41015625
35255,1.23046875,1.240234375,-0.322265625,-0.361328125
35256,1.3671875,1.201171875,-0.46875,-0.25390625
35257,1.40625,1.2109375,-0.29296875,-0.439453125
35258,1.181640625,1.15234375,-0.283203125,-0.439453125
35259,1.279296875,1.23046875,-0.283203125,-0.400390625
35260,1.318359375,1.171875,-0.302734375,-0.29296875
35261,1.23046875,1.19140625,-0.263671875,-0.390625
35262,1.2890625,1.2109375,-0.17578125,-0.380859375
35263,1.279296875,1.181640625,-0.2734375,-0.400390625
35264,1.25,1.26953125,-0.302734375,-0.1953125
35265,1.298828125,1.2109375,-0.341796875,-0.3515625
35266,1.357421875,1.19140625,-0.302734375,-0.4296875
35267,1.357421875,1.15234375,-0.185546875,-0.5078125
35268,1.259765625,1.171875,-0.283203125,-0.380859375
35269,1.279296875,1.1328125,-0.244140625,-0.3515625
35270,1.15234375,1.11328125,-0.234375,-0.37109375
35271,1.2890625,1.123046875,-0.234375,-0.439453125
35272,1.162109375,1.171875,-0.234375,-0.322265625
35273,1.15234375,1.15234375,-0.29296875,-0.341796875
35274,1.171875,1.162109375,-0.25390625,-0.302734375
35275,1.23046875,1.181640625,-0.302734375,-0.458984375
35276,1.2109375,1.23046875,-0.29296875,-0.419921875
35277,1.201171875,1.07421875,-0.283203125,-0.322265625
35278,1.15234375,1.1328125,-0.205078125,-0.33203125
35279,1.26953125,1.09375,-0.166015625,-0.3515625
35280,1.171875,1.181640625,-0.29296875,-0.380859375
35281,1.201171875,1.19140625,-0.205078125,-0.419921875
35282,1.19140625,1.142578125,-0.185546875,-0.41015625
35283,1.259765625,1.123046875,-0.17578125,-0.419921875
35284,1.26953125,1.171875,-0.234375,-0.44921875
35285,1.23046875,1.19140625,-0.17578125,-0.76171875
35286,1.279296875,1.181640625,-0.25390625,-0.439453125
35287,1.19140625,1.279296875,-0.234375,-0.400390625
35288,1.201171875,1.1328125,-0.302734375,-0.44921875
35289,1.201171875,1.171875,-0.244140625,-0.439453125
35290,1.19140625,1.123046875,-0.224609375,-0.419921875
35291,1.19140625,1.25,-0.185546875,-0.322265625
35292,1.25,1.19140625,-0.25390625,-0.4296875
35293,1.171875,1.07421875,-0.2734375,-0.322265625
35294,1.26953125,1.083984375,-0.400390625,-0.44921875
35295,1.240234375,1.220703125,-0.302734375,-0.1953125
35296,1.23046875,1.279296875,-0.224609375,-0.3125
35297,1.181640625,1.259765625,-0.29296875,-0.46875
35298,1.09375,1.220703125,-0.205078125,-0.439453125
35299,1.259765625,1.15234375,-0.205078125,-0.3125
35300,1.103515625,1.064453125,-0.29296875,-0.439453125
35301,1.162109375,1.171875,-0.244140625,-0.380859375
35302,1.220703125,1.240234375,-0.146484375,-0.400390625
35303,1.220703125,1.455078125,-0.13671875,-0.576171875
35304,1.181640625,1.220703125,-0.302734375,-0.205078125
35305,1.09375,1.123046875,-0.25390625,-0.380859375
35306,1.23046875,1.318359375,-0.17578125,-0.478515625
35307,1.201171875,1.19140625,-0.3125,-0.37109375
35308,1.25,1.171875,-0.3515625,-0.400390625
35309,1.23046875,1.201171875,-0.302734375,-0.41015625
35310,1.07421875,1.162109375,-0.25390625,-0.44921875
35311,1.279296875,1.181640625,-0.322265625,-0.4296875
35312,1.279296875,1.064453125,-0.263671875,-0.4296875
35313,1.19140625,1.26953125,-0.2734375,-0.419921875
35314,1.318359375,1.083984375,-0.302734375,-0.390625
35315,1.142578125,1.171875,-0.390625,-0.44921875
35316,1.2109375,1.171875,-0.322265625,-0.52734375
35317,1.181640625,1.171875,-0.29296875,-0.48828125
35318,1.279296875,1.181640625,-0.1953125,-0.44921875
35319,1.201171875,1.15234375,-0.166015625,-0.46875
35320,1.2890625,1.259765625,-0.146484375,-0.546875
35321,1.2109375,1.11328125,-0.3515625,-0.322265625
35322,1.298828125,1.09375,-0.3125,-0.419921875
35323,1.318359375,1.005859375,-0.25390625,-0.322265625
35324,1.1328125,1.26953125,-0.1953125,-0.37109375
35325,1.26953125,1.162109375,-0.400390625,-0.205078125
35326,1.2109375,1.15234375,-0.234375,-0.29296875
35327,1.2890625,1.171875,-0.33203125,-0.33203125
35328,1.19140625,1.142578125,-0.1953125,-0.361328125
35329,1.23046875,1.19140625,-0.185546875,-0.44921875
35330,1.23046875,1.181640625,-0.15625,-0.458984375
35331,1.26953125,1.171875,-0.25390625,-0.478515625
35332,1.259765625,1.083984375,-0.3125,-0.41015625
35333,1.30859375,1.318359375,-0.205078125,-0.400390625
35334,1.123046875,1.103515625,-0.33203125,-0.361328125
35335,1.25,1.15234375,-0.2734375,-0.37109375
35336,1.220703125,1.162109375,-0.244140625,-0.37109375
35337,1.2109375,1.0546875,-0.302734375,-0.44921875
35338,1.328125,1.09375,-0.322265625,-0.400390625
35339,1.2109375,1.03515625,-0.205078125,-0.390625
35340,1.123046875,1.15234375,-0.263671875,-0.439453125
35341,1.2109375,1.240234375,-0.361328125,-0.390625
35342,1.23046875,1.064453125,-0.234375,-0.400390625
35343,1.25,1.15234375,-0.3125,-0.400390625
35344,1.259765625,1.103515625,-0.380859375,-0.302734375
35345,1.23046875,1.38671875,-0.322265625,-0.458984375
35346,1.259765625,1.083984375,-0.3125,-0.400390625
35347,1.181640625,1.1328125,-0.2734375,-0.37109375
35348,1.328125,1.044921875,-0.205078125,-0.361328125
35349,1.201171875,1.11328125,-0.29296875,-0.41015625
35350,1.240234375,1.123046875,-0.3515625,-0.400390625
35351,1.318359375,0.947265625,-0.205078125,-0.41015625
35352,1.2109375,1.083984375,-0.1953125,-0.46875
35353,1.23046875,1.103515625,-0.234375,-0.3125
35354,1.279296875,1.123046875,-0.263671875,-0.263671875
35355,1.30859375,1.09375,-0.205078125,-0.41015625
35356,1.328125,1.19140625,-0.234375,-0.283203125
35357,1.279296875,1.1328125,-0.283203125,-0.458984375
35358,1.30859375,1.171875,-0.244140625,-0.37109375
35359,1.181640625,1.15234375,-0.21484375,-0.400390625
35360,1.15234375,1.240234375,-0.21484375,-0.4296875
35361,1.26953125,1.083984375,-0.25390625,-0.458984375
35362,1.34765625,1.07421875,-0.3125,-0.3125
35363,1.171875,1.0546875,-0.25390625,-0.37109375
35364,1.23046875,1.064453125,-0.15625,-0.478515625
35365,1.220703125,1.162109375,-0.29296875,-0.21484375
35366,1.2890625,1.1328125,-0.37109375,-0.3515625
35367,1.318359375,1.103515625,-0.33203125,-0.5078125
35368,1.3671875,1.1328125,-0.302734375,-0.419921875
35369,1.40625,1.181640625,-0.224609375,-0.25390625
35370,1.40625,1.181640625,-0.33203125,-0.263671875
35371,1.23046875,1.142578125,-0.341796875,-0.361328125
35372,1.26953125,1.123046875,-0.15625,-0.3515625
35373,1.416015625,1.2890625,-0.283203125,-0.380859375
35374,1.337890625,1.123046875,-0.33203125,-0.44921875
35375,1.220703125,1.142578125,-0.400390625,-0.44921875
35376,1.328125,1.162109375,-0.33203125,-0.341796875
35377,1.416015625,1.15234375,-0.3515625,-0.48828125
35378,1.318359375,1.142578125,-0.3125,-0.37109375
35379,1.416015625,1.162109375,-0.21484375,-0.546875
35380,1.279296875,1.103515625,-0.37109375,-0.37109375
35381,1.171875,1.2109375,-0.41015625,-0.458984375
35382,1.240234375,1.171875,-0.13671875,-0.41015625
35383,1.181640625,1.171875,-0.224609375,-0.41015625
35384,1.279296875,1.083984375,-0.25390625,-0.46875
35385,1.279296875,1.259765625,-0.29296875,-0.419921875
35386,1.396484375,1.19140625,-0.2734375,-0.400390625
35387,1.318359375,1.162109375,-0.37109375,-0.390625
35388,1.2890625,1.123046875,-0.234375,-0.3515625
35389,1.23046875,1.162109375,-0.2734375,-0.390625
35390,1.201171875,1.23046875,-0.263671875,-0.33203125
35391,1.2890625,1.123046875,-0.1953125,-0.478515625
35392,1.25,1.142578125,-0.3125,-0.52734375
35393,1.220703125,1.142578125,-0.17578125,-0.46875
35394,1.279296875,1.220703125,-0.302734375,-0.322265625
35395,1.2890625,1.142578125,-0.29296875,-0.458984375
35396,1.220703125,1.11328125,-0.25390625,-0.380859375
35397,1.279296875,1.1328125,-0.2734375,-0.390625
35398,1.259765625,1.220703125,-0.2734375,-0.4296875
35399,1.25,1.142578125,-0.1953125,-0.390625
35400,1.298828125,1.19140625,-0.224609375,-0.4296875
35401,1.357421875,1.11328125,-0.283203125,-0.3125
35402,1.318359375,1.2109375,-0.1953125,-0.400390625
35403,1.42578125,1.11328125,-0.17578125,-0.283203125
35404,1.298828125,1.171875,-0.166015625,-0.41015625
35405,1.23046875,1.083984375,-0.29296875,-0.439453125
35406,1.26953125,1.07421875,-0.302734375,-0.322265625
35407,1.240234375,1.1328125,-0.224609375,-0.380859375
35408,1.123046875,1.142578125,-0.1953125,-0.2734375
35409,1.162109375,1.15234375,-0.15625,-0.302734375
35410,1.201171875,1.23046875,-0.21484375,-0.390625
35411,1.2109375,1.181640625,-0.263671875,-0.341796875
35412,1.23046875,1.15234375,-0.21484375,-0.400390625
35413,1.25,1.259765625,-0.21484375,-0.41015625
35414,1.30859375,1.123046875,-0.205078125,-0.361328125
35415,1.357421875,1.142578125,-0.234375,-0.3515625
35416,1.279296875,1.162109375,-0.234375,-0.3515625
35417,1.240234375,1.201171875,-0.302734375,-0.322265625
35418,1.25,1.0546875,-0.244140625,-0.400390625
35419,1.220703125,1.0546875,-0.2734375,-0.341796875
35420,1.2109375,1.142578125,-0.185546875,-0.380859375
35421,1.220703125,1.123046875,-0.29296875,-0.380859375
35422,1.23046875,1.220703125,-0.1953125,-0.361328125
35423,1.11328125,1.015625,-0.29296875,-0.1953125
35424,1.23046875,1.15234375,-0.302734375,-0.37109375
35425,1.123046875,1.123046875,-0.283203125,-0.400390625
35426,1.103515625,1.123046875,-0.166015625,-0.4296875
35427,1.220703125,0.966796875,-0.205078125,-0.37109375
35428,1.220703125,1.044921875,-0.25390625,-0.37109375
35429,1.279296875,1.103515625,-0.146484375,-0.283203125
35430,1.201171875,1.0546875,-0.25390625,-0.33203125
35431,1.2109375,1.171875,-0.17578125,-0.37109375
35432,1.279296875,1.1328125,-0.25390625,-0.361328125
35433,1.103515625,1.09375,-0.3515625,-0.37109375
35434,1.171875,1.025390625,-0.263671875,-0.33203125
35435,1.240234375,1.181640625,-0.146484375,-0.37109375
35436,1.19140625,1.064453125,-0.185546875,-0.302734375
35437,1.26953125,1.044921875,-0.205078125,-0.2734375
35438,1.3671875,1.09375,-0.21484375,-0.419921875
35439,1.25,0.99609375,-0.33203125,-0.322265625
35440,1.240234375,0.9375,-0.234375,-0.37109375
35441,1.23046875,1.015625,-0.29296875,-0.234375
35442,1.142578125,1.162109375,-0.205078125,-0.33203125
35443,1.201171875,1.142578125,-0.21484375,-0.322265625
35444,1.201171875,1.142578125,-0.380859375,-0.33203125
35445,1.25,1.005859375,-0.33203125,-0.361328125
35446,1.26953125,1.0546875,-0.33203125,-0.361328125
35447,1.240234375,1.015625,-0.341796875,-0.361328125
35448,1.23046875,1.123046875,-0.361328125,-0.37109375
35449,1.2890625,1.064453125,-0.263671875,-0.33203125
35450,1.240234375,1.083984375,-0.302734375,-0.361328125
35451,1.181640625,1.064453125,-0.263671875,-0.29296875
35452,1.181640625,1.220703125,-0.302734375,-0.302734375
35453,1.2109375,1.09375,-0.33203125,-0.302734375
35454,1.19140625,1.083984375,-0.3515625,-0.2734375
35455,1.201171875,1.240234375,-0.361328125,-0.3125
35456,1.2109375,1.07421875,-0.25390625,-0.283203125
35457,1.181640625,1.103515625,-0.3125,-0.25390625
35458,1.201171875,1.07421875,-0.09765625,-0.2734375
35459,1.2109375,1.064453125,-0.341796875,-0.3125
35460,1.23046875,1.1328125,-0.17578125,-0.29296875
35461,1.201171875,1.005859375,-0.234375,-0.29296875
35462,1.23046875,1.03515625,-0.15625,-0.302734375
35463,1.1328125,1.103515625,-0.068359375,-0.17578125
35464,1.376953125,1.09375,-0.234375,-0.302734375
35465,1.259765625,1.103515625,-0.224609375,-0.322265625
35466,1.15234375,1.09375,-0.263671875,-0.302734375
35467,1.30859375,1.123046875,-0.234375,-0.263671875
35468,1.201171875,1.171875,-0.263671875,-0.185546875
35469,1.279296875,1.064453125,-0.263671875,-0.2734375
35470,1.201171875,1.15234375,-0.185546875,-0.234375
35471,1.15234375,1.103515625,-0.17578125,-0.205078125
35472,1.25,1.083984375,-0.1953125,-0.302734375
35473,1.123046875,1.142578125,-0.33203125,-0.3125
35474,1.23046875,1.25,-0.244140625,-0.322265625
35475,1.279296875,0.95703125,-0.263671875,-0.21484375
35476,1.2109375,1.376953125,-0.361328125,-0.224609375
35477,1.328125,1.11328125,-0.458984375,-0.263671875
35478,1.357421875,1.07421875,-0.29296875,-0.2734375
35479,1.26953125,1.162109375,-0.29296875,-0.283203125
35480,1.142578125,1.15234375,-0.29296875,-0.1171875
35481,1.2890625,1.07421875,-0.341796875,-0.439453125
35482,1.201171875,0.849609375,-0.263671875,-0.21484375
35483,1.259765625,1.1328125,-0.2734375,-0.126953125
35484,1.357421875,1.162109375,-0.361328125,-0.146484375
35485,1.142578125,1.103515625,-0.37109375,-0.21484375
35486,1.23046875,1.11328125,-0.361328125,-0.126953125
35487,1.2109375,1.09375,-0.302734375,-0.234375
35488,1.240234375,1.1328125,-0.3125,-0.25390625
35489,1.171875,1.15234375,-0.17578125,-0.302734375
35490,1.15234375,1.162109375,-0.3125,-0.3125
35491,1.2109375,1.09375,-0.33203125,-0.205078125
35492,1.220703125,1.015625,-0.361328125,-0.263671875
35493,1.23046875,1.03515625,-0.322265625,-0.283203125
35494,1.0546875,0.986328125,-0.29296875,-0.263671875
35495,1.201171875,1.03515625,-0.244140625,-0.3125
35496,1.181640625,1.123046875,-0.361328125,-0.3515625
35497,1.240234375,1.103515625,-0.263671875,-0.185546875
35498,1.30859375,1.142578125,-0.37109375,-0.205078125
35499,1.279296875,1.103515625,-0.380859375,-0.166015625
35500,1.34765625,0.986328125,-0.25390625,-0.283203125
35501,1.171875,1.15234375,-0.41015625,-0.283203125
35502,1.26953125,1.123046875,-0.37109375,-0.146484375
35503,1.220703125,1.025390625,-0.46875,-0.224609375
35504,1.240234375,0.87890625,-0.41015625,-0.341796875
35505,1.171875,1.142578125,-0.361328125,-0.0390625
35506,1.201171875,1.103515625,-0.44921875,-0.244140625
35507,1.259765625,1.1328125,-0.29296875,-0.283203125
35508,1.23046875,1.1328125,-0.44921875,-0.302734375
35509,1.15234375,1.09375,-0.380859375,-0.302734375
35510,1.23046875,1.103515625,-0.37109375,-0.205078125
35511,1.34765625,1.123046875,-0.361328125,-0.21484375
35512,1.171875,1.015625,-0.37109375,-0.3125
35513,1.25,1.162109375,-0.439453125,-0.244140625
35514,1.2109375,1.123046875,-0.283203125,-0.25390625
35515,1.0546875,0.99609375,-0.25390625,-0.263671875
35516,1.23046875,1.103515625,-0.380859375,-0.33203125
35517,1.181640625,1.1328125,-0.322265625,-0.322265625
35518,1.19140625,1.123046875,-0.380859375,-0.25390625
35519,1.2109375,1.25,-0.302734375,-0.283203125
35520,1.220703125,1.103515625,-0.302734375,-0.439453125
35521,1.19140625,1.083984375,-0.25390625,-0.283203125
35522,1.259765625,1.162109375,-0.33203125,-0.33203125
35523,1.26953125,1.064453125,-0.302734375,-0.224609375
35524,1.171875,1.07421875,-0.4296875,-0.244140625
35525,1.240234375,1.09375,-0.302734375,-0.29296875
35526,1.298828125,1.1328125,-0.205078125,-0.205078125
35527,1.1328125,1.07421875,-0.3125,-0.185546875
35528,1.23046875,0.95703125,-0.439453125,-0.3125
35529,1.220703125,1.064453125,-0.2734375,-0.1953125
35530,1.142578125,1.123046875,-0.283203125,-0.283203125
35531,1.240234375,1.09375,-0.25390625,-0.146484375
35532,1.2890625,1.11328125,-0.302734375,-0.166015625
35533,1.220703125,1.162109375,-0.3125,-0.185546875
35534,1.220703125,1.181640625,-0.302734375,-0.244140625
35535,1.34765625,1.11328125,-0.263671875,-0.205078125
35536,1.171875,1.142578125,-0.25390625,-0.283203125
35537,1.337890625,1.123046875,-0.341796875,-0.263671875
35538,1.201171875,1.015625,-0.21484375,-0.3515625
35539,1.123046875,1.1328125,-0.3125,-0.341796875
35540,1.2890625,1.103515625,-0.3515625,-0.234375
35541,1.26953125,1.162109375,-0.224609375,-0.29296875
35542,1.318359375,1.07421875,-0.234375,-0.224609375
35543,1.23046875,1.07421875,-0.1953125,-0.283203125
35544,1.30859375,1.2109375,-0.15625,-0.244140625
35545,1.19140625,1.064453125,-0.3125,-0.33203125
35546,1.2109375,0.99609375,-0.224609375,-0.25390625
35547,1.220703125,1.09375,-0.37109375,-0.439453125
35548,1.142578125,1.044921875,-0.15625,-0.33203125
35549,1.25,1.103515625,-0.302734375,-0.263671875
35550,1.181640625,1.123046875,-0.25390625,-0.283203125
35551,1.171875,1.11328125,-0.3125,-0.3125
35552,1.19140625,1.2109375,-0.205078125,-0.2734375
35553,1.298828125,1.123046875,-0.33203125,-0.263671875
35554,1.23046875,1.103515625,-0.244140625,-0.21484375
35555,1.40625,1.0546875,-0.13671875,-0.29296875
35556,1.201171875,0.99609375,-0.17578125,-0.2734375
35557,1.259765625,1.103515625,-0.439453125,-0.224609375
35558,1.201171875,1.201171875,-0.21484375,-0.3125
35559,1.162109375,1.19140625,-0.33203125,-0.244140625
35560,1.23046875,1.103515625,-0.361328125,-0.146484375
35561,1.23046875,1.11328125,-0.224609375,-0.244140625
35562,1.259765625,1.201171875,-0.29296875,-0.29296875
35563,1.328125,1.03515625,-0.29296875,-0.21484375
35564,1.2890625,1.044921875,-0.205078125,-0.283203125
35565,1.34765625,0.986328125,-0.33203125,-0.21484375
35566,1.318359375,1.083984375,-0.419921875,-0.166015625
35567,1.25,1.083984375,-0.244140625,-0.1953125
35568,1.30859375,1.162109375,-0.244140625,-0.3515625
35569,1.337890625,1.201171875,-0.21484375,-0.25390625
35570,1.240234375,1.15234375,-0.302734375,-0.25390625
35571,1.279296875,1.171875,-0.3125,-0.25390625
35572,1.259765625,1.123046875,-0.25390625,-0.146484375
35573,1.259765625,1.123046875,-0.244140625,-0.234375
35574,1.357421875,1.11328125,-0.322265625,-0.37109375
35575,1.30859375,1.11328125,-0.21484375,-0.21484375
35576,1.25,1.171875,-0.2734375,-0.263671875
35577,1.25,1.1328125,-0.322265625,-0.322265625
35578,1.181640625,1.15234375,-0.341796875,-0.17578125
35579,1.25,1.123046875,-0.302734375,-0.244140625
35580,1.19140625,1.064453125,-0.17578125,-0.283203125
35581,1.25,1.11328125,-0.263671875,-0.263671875
35582,1.11328125,1.11328125,-0.29296875,-0.2734375
35583,1.259765625,1.103515625,-0.25390625,-0.185546875
35584,1.279296875,1.064453125,-0.33203125,-0.224609375
35585,1.162109375,1.11328125,-0.263671875,-0.29296875
35586,1.201171875,1.11328125,-0.322265625,-0.263671875
35587,1.30859375,1.171875,-0.263671875,-0.458984375
35588,1.162109375,1.240234375,-0.224609375,-0.3515625
35589,1.34765625,1.142578125,-0.33203125,-0.29296875
35590,1.26953125,1.279296875,-0.29296875,-0.37109375
35591,1.328125,1.11328125,-0.341796875,-0.1953125
35592,1.2890625,1.23046875,-0.33203125,-0.341796875
35593,1.318359375,1.11328125,-0.3125,-0.341796875
35594,1.298828125,1.19140625,-0.341796875,-0.302734375
35595,1.240234375,1.181640625,-0.302734375,-0.3125
35596,1.298828125,1.09375,-0.322265625,-0.1953125
35597,1.328125,1.19140625,-0.341796875,-0.3125
35598,1.42578125,1.11328125,-0.2734375,-0.322265625
35599,1.2890625,1.19140625,-0.21484375,-0.166015625
35600,1.259765625,1.171875,-0.341796875,-0.2734375
35601,1.171875,1.19140625,-0.322265625,-0.263671875
35602,1.279296875,1.220703125,-0.361328125,-0.419921875
35603,1.23046875,1.171875,-0.263671875,-0.439453125
35604,1.30859375,1.23046875,-0.263671875,-0.3515625
35605,1.328125,1.09375,-0.361328125,-0.390625
35606,1.416015625,1.11328125,-0.29296875,-0.25390625
35607,1.298828125,1.240234375,-0.283203125,-0.29296875
35608,1.2890625,1.181640625,-0.341796875,-0.3125
35609,1.220703125,1.162109375,-0.244140625,-0.33203125
35610,1.2109375,1.240234375,-0.302734375,-0.3125
35611,1.259765625,1.123046875,-0.224609375,-0.3125
35612,1.279296875,1.103515625,-0.29296875,-0.283203125
35613,1.298828125,1.19140625,-0.283203125,-0.263671875
35614,1.337890625,1.171875,-0.3125,-0.29296875
35615,1.23046875,1.1328125,-0.263671875,-0.302734375
35616,1.240234375,1.103515625,-0.29296875,-0.25390625
35617,1.2109375,1.103515625,-0.29296875,-0.46875
35618,1.26953125,1.2109375,-0.21484375,-0.439453125
35619,1.11328125,1.123046875,-0.244140625,-0.341796875
35620,1.2109375,1.162109375,-0.15625,-0.25390625
35621,1.162109375,1.123046875,-0.1953125,-0.25390625
35622,1.279296875,1.171875,-0.33203125,-0.25390625
35623,1.220703125,1.2109375,-0.25390625,-0.29296875
35624,1.318359375,1.171875,-0.25390625,-0.46875
35625,1.181640625,1.142578125,-0.322265625,-0.322265625
35626,1.142578125,1.123046875,-0.390625,-0.33203125
35627,1.376953125,1.181640625,-0.224609375,-0.322265625
35628,1.19140625,1.181640625,-0.341796875,-0.341796875
35629,1.083984375,1.064453125,-0.37109375,-0.44921875
35630,1.11328125,1.15234375,-0.29296875,-0.2734375
35631,1.25,1.25,-0.283203125,-0.341796875
35632,1.19140625,1.220703125,-0.205078125,-0.33203125
35633,1.23046875,1.30859375,-0.283203125,-0.48828125
35634,1.328125,1.3671875,-0.33203125,-0.439453125
35635,1.25,1.23046875,-0.263671875,-0.361328125
35636,1.220703125,1.19140625,-0.3515625,-0.478515625
35637,1.201171875,1.19140625,-0.3515625,-0.361328125
35638,1.19140625,1.181640625,-0.283203125,-0.400390625
35639,1.142578125,1.25,-0.234375,-0.419921875
35640,1.162109375,1.23046875,-0.166015625,-0.400390625
35641,1.162109375,1.259765625,-0.1953125,-0.4296875
35642,1.162109375,1.259765625,-0.1953125,-0.478515625
35643,1.171875,1.298828125,-0.244140625,-0.361328125
35644,1.181640625,1.25,-0.29296875,-0.380859375
35645,1.2109375,1.181640625,-0.234375,-0.498046875
35646,1.259765625,1.259765625,-0.263671875,-0.341796875
35647,1.19140625,1.279296875,-0.244140625,-0.400390625
35648,1.201171875,1.25,-0.224609375,-0.46875
35649,1.181640625,1.181640625,-0.166015625,-0.37109375
35650,1.142578125,1.318359375,-0.21484375,-0.3515625
35651,1.15234375,1.171875,-0.234375,-0.3125
35652,1.240234375,1.220703125,-0.234375,-0.41015625
35653,1.201171875,1.162109375,-0.390625,-0.3125
35654,1.23046875,1.19140625,-0.283203125,-0.37109375
35655,1.3671875,1.240234375,-0.263671875,-0.390625
35656,1.19140625,1.220703125,-0.21484375,-0.400390625
35657,1.171875,1.2109375,-0.29296875,-0.556640625
35658,1.298828125,1.25,-0.302734375,-0.48828125
35659,1.30859375,1.279296875,-0.126953125,-0.44921875
35660,1.26953125,1.181640625,-0.283203125,-0.341796875
35661,1.2109375,1.240234375,-0.33203125,-0.400390625
35662,1.259765625,1.15234375,-0.09765625,-0.498046875
35663,1.25,1.19140625,-0.263671875,-0.44921875
35664,1.259765625,1.26953125,-0.33203125,-0.41015625
35665,1.2890625,1.201171875,-0.13671875,-0.205078125
35666,1.23046875,1.19140625,-0.21484375,-0.400390625
35667,1.240234375,1.240234375,-0.234375,-0.390625
35668,1.318359375,1.357421875,-0.400390625,-0.419921875
35669,1.240234375,1.0546875,-0.185546875,-0.322265625
35670,1.26953125,1.240234375,-0.25390625,-0.4296875
35671,1.19140625,0.91796875,-0.302734375,-0.41015625
35672,1.201171875,1.162109375,-0.29296875,-0.380859375
35673,1.26953125,1.171875,-0.25390625,-0.48828125
35674,1.25,1.1328125,-0.33203125,-0.3125
35675,1.30859375,1.064453125,-0.263671875,-0.400390625
35676,1.4453125,1.2109375,-0.185546875,-0.33203125
35677,1.201171875,1.328125,-0.25390625,-0.41015625
35678,1.23046875,1.259765625,-0.283203125,-0.439453125
35679,1.171875,1.15234375,-0.17578125,-0.419921875
35680,1.30859375,1.09375,-0.2734375,-0.46875
35681,1.298828125,1.103515625,-0.21484375,-0.33203125
35682,1.26953125,1.220703125,-0.302734375,-0.33203125
35683,1.279296875,1.23046875,-0.2734375,-0.400390625
35684,1.26953125,1.103515625,-0.302734375,-0.3125
35685,1.25,1.220703125,-0.234375,-0.283203125
35686,1.30859375,1.11328125,-0.13671875,-0.37109375
35687,1.259765625,1.171875,-0.244140625,-0.37109375
35688,1.279296875,1.15234375,-0.322265625,-0.361328125
35689,1.15234375,1.171875,-0.205078125,-0.380859375
35690,1.201171875,1.181640625,-0.263671875,-0.390625
35691,1.15234375,1.123046875,-0.244140625,-0.439453125
35692,1.25,1.181640625,-0.283203125,-0.400390625
35693,1.083984375,1.15234375,-0.25390625,-0.3515625
35694,1.220703125,1.11328125,-0.205078125,-0.517578125
35695,1.337890625,1.171875,-0.283203125,-0.390625
35696,1.201171875,1.123046875,-0.25390625,-0.400390625
35697,1.23046875,1.005859375,-0.283203125,-0.4296875
35698,1.298828125,1.09375,-0.263671875,-0.390625
35699,1.279296875,1.23046875,-0.302734375,-0.41015625
35700,1.162109375,1.103515625,-0.224609375,-0.46875
35701,1.2109375,1.1328125,-0.15625,-0.380859375
35702,1.220703125,1.025390625,-0.322265625,-0.46875
35703,1.318359375,1.15234375,-0.3125,-0.439453125
35704,1.07421875,1.03515625,-0.234375,-0.361328125
35705,1.171875,1.1328125,-0.185546875,-0.458984375
35706,1.19140625,1.15234375,-0.2734375,-0.44921875
35707,1.318359375,1.181640625,-0.2734375,-0.41015625
35708,1.181640625,1.201171875,-0.244140625,-0.322265625
35709,1.30859375,1.083984375,-0.263671875,-0.185546875
35710,1.26953125,1.15234375,-0.263671875,-0.37109375
35711,1.259765625,1.19140625,-0.244140625,-0.46875
35712,1.220703125,1.337890625,-0.263671875,-0.25390625
35713,1.11328125,1.25,-0.302734375,-0.341796875
35714,1.2109375,1.11328125,-0.3125,-0.458984375
35715,1.279296875,1.181640625,-0.21484375,-0.419921875
35716,1.220703125,1.103515625,-0.224609375,-0.3125
35717,1.26953125,1.0546875,-0.166015625,-0.41015625
35718,1.15234375,1.123046875,-0.283203125,-0.46875
35719,1.162109375,1.19140625,-0.1953125,-0.390625
35720,1.298828125,1.09375,-0.322265625,-0.37109375
35721,1.25,1.03515625,-0.185546875,-0.263671875
35722,1.259765625,1.09375,-0.302734375,-0.498046875
35723,1.259765625,1.123046875,-0.1953125,-0.41015625
35724,1.201171875,1.1328125,-0.361328125,-0.4296875
35725,1.26953125,1.181640625,-0.322265625,-0.4296875
35726,1.30859375,1.162109375,-0.224609375,-0.341796875
35727,1.38671875,1.26953125,-0.3515625,-0.25390625
35728,1.19140625,1.103515625,-0.302734375,-0.341796875
35729,1.19140625,1.123046875,-0.263671875,-0.48828125
35730,1.11328125,1.30859375,-0.37109375,-0.44921875
35731,1.123046875,1.171875,-0.3125,-0.185546875
35732,1.142578125,1.123046875,-0.25390625,-0.322265625
35733,1.181640625,1.162109375,-0.224609375,-0.390625
35734,1.083984375,1.09375,-0.234375,-0.44921875
35735,1.11328125,1.1328125,-0.21484375,-0.400390625
35736,1.162109375,1.240234375,-0.29296875,-0.41015625
35737,1.11328125,1.181640625,-0.1171875,-0.48828125
35738,1.2109375,1.171875,-0.21484375,-0.322265625
35739,1.23046875,1.123046875,-0.224609375,-0.400390625
35740,1.220703125,1.142578125,-0.25390625,-0.390625
35741,1.171875,1.15234375,-0.244140625,-0.44921875
35742,1.220703125,1.083984375,-0.1171875,-0.48828125
35743,1.318359375,1.201171875,-0.185546875,-0.576171875
35744,1.11328125,1.15234375,-0.205078125,-0.52734375
35745,1.220703125,1.2109375,-0.185546875,-0.478515625
35746,1.181640625,1.181640625,-0.107421875,-0.439453125
35747,1.19140625,1.07421875,-0.146484375,-0.556640625
35748,1.2109375,1.201171875,-0.302734375,-0.458984375
35749,1.19140625,1.15234375,-0.21484375,-0.556640625
35750,1.171875,1.162109375,-0.17578125,-0.458984375
35751,1.181640625,1.162109375,-0.29296875,-0.478515625
35752,1.2109375,1.19140625,-0.3125,-0.478515625
35753,1.103515625,1.0546875,-0.1953125,-0.419921875
35754,1.171875,1.162109375,-0.205078125,-0.41015625
35755,1.171875,1.064453125,-0.224609375,-0.439453125
35756,1.171875,1.044921875,-0.224609375,-0.33203125
35757,1.26953125,1.09375,-0.15625,-0.390625
35758,1.23046875,1.1328125,-0.234375,-0.41015625
35759,1.240234375,1.162109375,-0.25390625,-0.41015625
35760,1.298828125,1.19140625,-0.29296875,-0.458984375
35761,1.181640625,1.103515625,-0.21484375,-0.283203125
35762,1.34765625,1.064453125,-0.224609375,-0.439453125
35763,1.240234375,1.123046875,-0.234375,-0.390625
35764,1.25,1.142578125,-0.2734375,-0.37109375
35765,1.30859375,1.123046875,-0.302734375,-0.380859375
35766,1.181640625,1.064453125,-0.205078125,-0.37109375
35767,1.259765625,1.103515625,-0.263671875,-0.33203125
35768,1.123046875,1.220703125,-0.3125,-0.44921875
35769,1.30859375,1.1328125,-0.244140625,-0.4296875
35770,1.357421875,1.09375,-0.15625,-0.361328125
35771,1.259765625,1.07421875,-0.29296875,-0.390625
35772,1.298828125,1.23046875,-0.234375,-0.33203125
35773,1.25,1.103515625,-0.2734375,-0.33203125
35774,1.2109375,1.07421875,-0.224609375,-0.341796875
35775,1.328125,1.171875,-0.17578125,-0.37109375
35776,1.23046875,1.103515625,-0.29296875,-0.37109375
35777,1.435546875,1.123046875,-0.29296875,-0.341796875
35778,1.26953125,1.279296875,-0.419921875,-0.46875
35779,1.259765625,1.11328125,-0.15625,-0.166015625
35780,1.38671875,1.123046875,-0.322265625,-0.205078125
35781,1.201171875,1.15234375,-0.13671875,-0.3515625
35782,1.26953125,1.328125,-0.244140625,-0.44921875
35783,1.2109375,1.1328125,-0.126953125,-0.498046875
35784,1.220703125,1.171875,-0.234375,-0.4296875
35785,1.26953125,1.03515625,-0.25390625,-0.419921875
35786,1.123046875,1.09375,-0.25390625,-0.380859375
35787,1.201171875,1.123046875,-0.33203125,-0.419921875
35788,1.298828125,1.07421875,-0.224609375,-0.33203125
35789,1.2890625,1.09375,-0.302734375,-0.3515625
35790,1.171875,1.171875,-0.341796875,-0.361328125
35791,1.25,1.07421875,-0.205078125,-0.322265625
35792,1.240234375,1.162109375,-0.224609375,-0.41015625
35793,1.259765625,1.11328125,-0.146484375,-0.439453125
35794,1.298828125,0.99609375,-0.263671875,-0.478515625
35795,1.171875,1.025390625,-0.29296875,-0.4296875
35796,1.26953125,1.07421875,-0.341796875,-0.419921875
35797,1.25,1.162109375,-0.283203125,-0.283203125
35798,1.220703125,1.083984375,-0.29296875,-0.4296875
35799,1.23046875,1.142578125,-0.322265625,-0.263671875
35800,1.279296875,1.064453125,-0.224609375,-0.390625
35801,1.357421875,1.083984375,-0.166015625,-0.400390625
35802,1.357421875,1.044921875,-0.146484375,-0.37109375
35803,1.26953125,0.87890625,-0.224609375,-0.302734375
35804,1.25,1.142578125,-0.234375,-0.322265625
35805,1.220703125,1.15234375,-0.302734375,-0.341796875
35806,1.220703125,1.03515625,-0.33203125,-0.3125
35807,1.26953125,1.09375,-0.322265625,-0.263671875
35808,1.279296875,1.103515625,-0.29296875,-0.3125
35809,1.318359375,1.015625,-0.263671875,-0.41015625
35810,1.201171875,1.162109375,-0.234375,-0.341796875
35811,1.25,1.083984375,-0.244140625,-0.439453125
35812,1.298828125,0.966796875,-0.244140625,-0.419921875
35813,1.30859375,1.123046875,-0.41015625,-0.283203125
35814,1.318359375,1.083984375,-0.17578125,-0.244140625
35815,1.2890625,1.015625,-0.2734375,-0.361328125
35816,1.328125,1.103515625,-0.244140625,-0.244140625
35817,1.25,1.142578125,-0.2734375,-0.46875
35818,1.298828125,1.142578125,-0.2734375,-0.390625
35819,1.2890625,1.142578125,-0.126953125,-0.29296875
35820,1.279296875,1.142578125,-0.2734375,-0.400390625
35821,1.2890625,0.9765625,-0.322265625,-0.4296875
35822,1.259765625,1.0546875,-0.205078125,-0.44921875
35823,1.201171875,1.142578125,-0.185546875,-0.4296875
35824,1.220703125,0.9765625,-0.2734375,-0.37109375
35825,1.279296875,1.11328125,-0.234375,-0.419921875
35826,1.298828125,1.09375,-0.21484375,-0.390625
35827,1.171875,1.19140625,-0.244140625,-0.419921875
35828,1.259765625,1.07421875,-0.224609375,-0.361328125
35829,1.2890625,1.083984375,-0.263671875,-0.37109375
35830,1.318359375,1.318359375,-0.2734375,-0.44921875
35831,1.318359375,1.15234375,-0.29296875,-0.44921875
35832,1.181640625,1.201171875,-0.29296875,-0.44921875
35833,1.2109375,1.142578125,-0.126953125,-0.390625
35834,1.26953125,1.103515625,-0.146484375,-0.400390625
35835,1.279296875,1.25,-0.234375,-0.439453125
35836,1.201171875,1.2890625,-0.146484375,-0.458984375
35837,1.19140625,1.279296875,-0.1171875,-0.37109375
35838,1.318359375,1.11328125,-0.17578125,-0.29296875
35839,1.1328125,1.162109375,-0.146484375,-0.380859375
35840,1.171875,1.103515625,-0.185546875,-0.361328125
35841,1.181640625,1.19140625,-0.166015625,-0.302734375
35842,1.15234375,1.123046875,-0.1953125,-0.361328125
35843,1.123046875,1.11328125,-0.224609375,-0.3515625
35844,1.201171875,1.162109375,-0.205078125,-0.380859375
35845,1.19140625,1.15234375,-0.185546875,-0.380859375
35846,1.25,1.123046875,-0.126953125,-0.380859375
35847,1.2109375,1.181640625,-0.185546875,-0.29296875
35848,1.2109375,1.0546875,-0.21484375,-0.33203125
35849,1.2109375,1.083984375,-0.263671875,-0.46875
35850,1.1328125,1.11328125,-0.15625,-0.29296875
35851,1.220703125,1.11328125,-0.21484375,-0.234375
35852,1.171875,1.171875,-0.244140625,-0.380859375
35853,1.23046875,1.103515625,-0.21484375,-0.439453125
35854,1.2109375,1.11328125,-0.302734375,-0.341796875
35855,1.23046875,1.03515625,-0.13671875,-0.439453125
35856,1.23046875,1.142578125,-0.25390625,-0.380859375
35857,1.15234375,1.23046875,-0.205078125,-0.439453125
35858,1.201171875,1.25,-0.1953125,-0.341796875
35859,1.162109375,1.11328125,-0.17578125,-0.361328125
35860,1.103515625,1.123046875,-0.283203125,-0.3125
35861,1.25,1.015625,-0.41015625,-0.419921875
35862,1.259765625,1.103515625,-0.3125,-0.244140625
35863,1.19140625,1.26953125,-0.205078125,-0.458984375
35864,1.240234375,1.015625,-0.244140625,-0.419921875
35865,1.162109375,1.1328125,-0.263671875,-0.37109375
35866,1.09375,1.15234375,-0.185546875,-0.478515625
35867,1.19140625,1.1328125,-0.17578125,-0.234375
35868,1.220703125,1.1328125,-0.2734375,-0.2734375
35869,1.181640625,1.044921875,-0.1171875,-0.29296875
35870,1.162109375,1.103515625,-0.29296875,-0.400390625
35871,1.162109375,1.044921875,-0.224609375,-0.29296875
35872,1.201171875,1.0546875,-0.224609375,-0.37109375
35873,1.162109375,0.95703125,-0.390625,-0.341796875
35874,1.220703125,1.03515625,-0.244140625,-0.185546875
35875,1.162109375,1.09375,-0.224609375,-0.3125
35876,1.25,1.0546875,-0.224609375,-0.341796875
35877,1.142578125,1.064453125,-0.302734375,-0.37109375
35878,1.1328125,1.11328125,-0.166015625,-0.3515625
35879,1.2109375,1.15234375,-0.15625,-0.234375
35880,1.123046875,1.19140625,-0.17578125,-0.25390625
35881,1.25,1.015625,-0.29296875,-0.244140625
35882,1.201171875,1.03515625,-0.283203125,-0.29296875
35883,1.19140625,0.986328125,-0.263671875,-0.29296875
35884,1.328125,1.0546875,-0.21484375,-0.2734375
35885,1.3671875,1.064453125,-0.17578125,-0.283203125
35886,1.171875,1.07421875,-0.263671875,-0.2734375
35887,1.09375,1.025390625,-0.234375,-0.3125
35888,1.181640625,1.181640625,-0.29296875,-0.283203125
35889,1.19140625,0.99609375,-0.205078125,-0.322265625
35890,1.171875,1.005859375,-0.302734375,-0.283203125
35891,1.220703125,0.87890625,-0.380859375,-0.263671875
35892,1.220703125,0.8984375,-0.1953125,-0.25390625
35893,1.38671875,0.986328125,-0.185546875,-0.3125
35894,1.26953125,1.103515625,-0.126953125,-0.322265625
35895,1.30859375,1.123046875,-0.1953125,-0.33203125
35896,1.259765625,0.95703125,-0.087890625,-0.234375
35897,1.26953125,1.19140625,-0.166015625,-0.205078125
35898,1.279296875,1.103515625,-0.0390625,-0.25390625
35899,1.259765625,1.103515625,-0.107421875,-0.29296875
35900,1.19140625,1.1328125,-0.146484375,-0.283203125
35901,1.23046875,1.015625,-0.33203125,-0.341796875
35902,1.30859375,1.09375,-0.146484375,-0.17578125
35903,1.328125,1.03515625,-0.2734375,-0.341796875
35904,1.181640625,1.0546875,-0.25390625,-0.283203125
35905,1.279296875,1.03515625,-0.224609375,-0.3125
35906,1.23046875,1.171875,-0.33203125,-0.3515625
35907,1.15234375,1.09375,-0.3125,-0.1171875
35908,1.005859375,1.025390625,-0.205078125,-0.341796875
35909,1.201171875,1.103515625,-0.361328125,-0.25390625
35910,1.201171875,1.03515625,-0.205078125,-0.341796875
35911,1.162109375,1.025390625,-0.3125,-0.3125
35912,1.259765625,0.9765625,-0.244140625,-0.244140625
35913,1.083984375,1.083984375,-0.2734375,-0.166015625
35914,1.181640625,1.044921875,-0.09765625,-0.234375
35915,1.240234375,1.181640625,-0.21484375,-0.3125
35916,1.279296875,1.0546875,-0.29296875,-0.283203125
35917,1.2109375,1.201171875,-0.2734375,-0.25390625
35918,1.298828125,1.015625,-0.41015625,-0.341796875
35919,1.19140625,1.103515625,-0.29296875,-0.263671875
35920,1.201171875,1.09375,-0.234375,-0.33203125
35921,1.142578125,1.123046875,-0.1171875,-0.185546875
35922,1.30859375,1.083984375,-0.29296875,-0.205078125
35923,1.259765625,1.044921875,-0.234375,-0.244140625
35924,1.171875,1.044921875,-0.3125,-0.21484375
35925,1.19140625,1.0546875,-0.244140625,-0.1953125
35926,1.34765625,1.064453125,-0.25390625,-0.21484375
35927,1.26953125,1.09375,-0.234375,-0.25390625
35928,1.181640625,1.064453125,-0.2734375,-0.29296875
35929,1.318359375,1.07421875,-0.244140625,-0.3125
35930,1.23046875,1.044921875,-0.341796875,-0.244140625
35931,1.162109375,0.966796875,-0.302734375,-0.263671875
35932,1.1328125,1.11328125,-0.263671875,-0.1953125
35933,1.201171875,1.2109375,-0.37109375,-0.185546875
35934,1.240234375,1.19140625,-0.33203125,-0.25390625
35935,1.2109375,1.07421875,-0.37109375,-0.244140625
35936,1.181640625,1.123046875,-0.341796875,-0.302734375
35937,1.19140625,1.103515625,-0.458984375,-0.21484375
35938,1.201171875,1.103515625,-0.29296875,-0.419921875
35939,1.19140625,1.123046875,-0.419921875,-0.234375
35940,1.171875,1.181640625,-0.33203125,-0.185546875
35941,1.19140625,1.123046875,-0.361328125,-0.2734375
35942,1.162109375,1.044921875,-0.390625,-0.263671875
35943,1.19140625,1.025390625,-0.3125,-0.322265625
35944,1.181640625,1.103515625,-0.3515625,-0.21484375
35945,1.201171875,1.142578125,-0.244140625,-0.2734375
35946,1.181640625,1.19140625,-0.33203125,-0.244140625
35947,1.181640625,1.103515625,-0.33203125,-0.341796875
35948,1.240234375,1.09375,-0.3515625,-0.341796875
35949,1.298828125,1.30859375,-0.302734375,-0.3125
35950,1.201171875,1.025390625,-0.361328125,-0.29296875
35951,1.07421875,1.1328125,-0.283203125,-0.4296875
35952,1.11328125,1.142578125,-0.341796875,-0.2734375
35953,1.2890625,1.123046875,-0.25390625,-0.166015625
35954,1.15234375,1.142578125,-0.419921875,-0.05859375
35955,1.142578125,0.95703125,-0.380859375,-0.205078125
35956,1.162109375,1.11328125,-0.322265625,-0.2734375
35957,1.103515625,1.103515625,-0.33203125,-0.29296875
35958,1.044921875,1.083984375,-0.25390625,-0.25390625
35959,1.240234375,1.19140625,-0.283203125,-0.21484375
35960,0.947265625,1.044921875,-0.322265625,-0.224609375
35961,1.220703125,1.09375,-0.322265625,-0.25390625
35962,1.201171875,1.103515625,-0.166015625,-0.244140625
35963,1.2109375,1.11328125,-0.29296875,-0.25390625
35964,1.19140625,1.2109375,-0.3515625,-0.400390625
35965,1.240234375,1.142578125,-0.224609375,-0.25390625
35966,1.23046875,1.123046875,-0.419921875,-0.166015625
35967,1.2109375,0.986328125,-0.25390625,-0.25390625
35968,1.201171875,0.95703125,-0.2734375,-0.2734375
35969,1.240234375,1.09375,-0.224609375,-0.244140625
35970,1.259765625,1.123046875,-0.224609375,-0.2734375
35971,1.15234375,1.123046875,-0.3125,-0.234375
35972,1.123046875,1.09375,-0.283203125,-0.263671875
35973,1.220703125,1.142578125,-0.146484375,-0.322265625
35974,1.240234375,1.083984375,-0.361328125,-0.33203125
35975,1.07421875,1.123046875,-0.234375,-0.1953125
35976,1.171875,1.123046875,-0.302734375,-0.322265625
35977,1.1328125,1.07421875,-0.224609375,-0.244140625
35978,1.25,1.181640625,-0.3515625,-0.126953125
35979,1.240234375,1.083984375,-0.283203125,-0.341796875
35980,1.240234375,1.19140625,-0.29296875,-0.1953125
35981,1.30859375,1.07421875,-0.25390625,-0.185546875
35982,1.38671875,0.9765625,-0.25390625,-0.25390625
35983,1.181640625,1.0546875,-0.2734375,-0.341796875
35984,1.15234375,0.986328125,-0.224609375,-0.244140625
35985,1.162109375,1.07421875,-0.25390625,-0.322265625
35986,1.240234375,1.083984375,-0.37109375,-0.302734375
35987,1.279296875,1.123046875,-0.302734375,-0.234375
35988,1.240234375,1.044921875,-0.224609375,-0.263671875
35989,1.34765625,1.201171875,-0.302734375,-0.1953125
35990,1.30859375,1.09375,-0.341796875,-0.37109375
35991,1.240234375,1.083984375,-0.3125,-0.29296875
35992,1.337890625,1.171875,-0.390625,-0.29296875
35993,1.2890625,1.064453125,-0.244140625,-0.21484375
35994,1.30859375,1.005859375,-0.3125,-0.3125
35995,1.23046875,1.123046875,-0.361328125,-0.1953125
35996,1.240234375,1.103515625,-0.21484375,-0.263671875
35997,1.259765625,1.142578125,-0.17578125,-0.224609375
35998,1.279296875,1.09375,-0.3515625,-0.205078125
35999,1.298828125,1.123046875,-0.263671875,-0.263671875
36000,1.357421875,1.0546875,-0.322265625,-0.1953125
36001,1.240234375,1.103515625,-0.2734375,-0.25390625
36002,1.34765625,1.03515625,-0.341796875,-0.37109375
36003,1.279296875,1.09375,-0.33203125,-0.25390625
36004,1.279296875,1.083984375,-0.29296875,-0.33203125
36005,1.337890625,1.09375,-0.244140625,-0.224609375
36006,1.240234375,1.09375,-0.244140625,-0.205078125
36007,1.26953125,1.09375,-0.419921875,-0.25390625
36008,1.220703125,1.142578125,-0.322265625,-0.3125
36009,1.201171875,1.123046875,-0.341796875,-0.2734375
36010,1.240234375,1.162109375,-0.400390625,-0.166015625
36011,1.23046875,1.103515625,-0.29296875,-0.15625
36012,1.3671875,1.1328125,-0.2734375,-0.21484375
36013,1.23046875,1.123046875,-0.3125,-0.33203125
36014,1.318359375,1.25,-0.3125,-0.46875
36015,1.240234375,1.15234375,-0.185546875,-0.283203125
36016,1.09375,1.23046875,-0.380859375,-0.302734375
36017,1.298828125,0.99609375,-0.3125,-0.13671875
36018,1.337890625,1.162109375,-0.3125,-0.3125
36019,1.318359375,0.9765625,-0.44921875,-0.33203125
36020,1.26953125,1.015625,-0.263671875,-0.322265625
36021,1.2890625,1.103515625,-0.185546875,-0.244140625
36022,1.2109375,1.07421875,-0.263671875,-0.283203125
36023,1.376953125,1.103515625,-0.224609375,-0.2734375
36024,1.25,1.11328125,-0.224609375,-0.283203125
36025,1.171875,1.162109375,-0.400390625,-0.302734375
36026,1.337890625,1.064453125,-0.224609375,-0.380859375
36027,1.376953125,1.0546875,-0.302734375,-0.29296875
36028,1.30859375,0.966796875,-0.21484375,-0.341796875
36029,1.26953125,1.09375,-0.234375,-0.322265625
36030,1.337890625,1.1328125,-0.3125,-0.21484375
36031,1.34765625,1.142578125,-0.361328125,-0.2734375
36032,1.25,1.064453125,-0.3125,-0.263671875
36033,1.23046875,1.123046875,-0.15625,-0.3125
36034,1.142578125,1.171875,-0.087890625,-0.234375
36035,1.2109375,1.171875,-0.234375,-0.341796875
36036,1.220703125,1.171875,-0.244140625,-0.361328125
36037,1.298828125,1.083984375,-0.244140625,-0.3515625
36038,1.23046875,1.103515625,-0.361328125,-0.302734375
36039,1.318359375,1.15234375,-0.2734375,-0.302734375
36040,1.34765625,1.181640625,-0.263671875,-0.244140625
36041,1.26953125,0.947265625,-0.283203125,-0.3125
36042,1.181640625,1.083984375,-0.224609375,-0.25390625
36043,1.259765625,1.15234375,-0.166015625,-0.25390625
36044,1.298828125,1.1328125,-0.166015625,-0.341796875
36045,1.259765625,1.11328125,-0.29296875,-0.25390625
36046,1.3671875,1.19140625,-0.224609375,-0.2734375
36047,1.201171875,0.986328125,-0.263671875,-0.33203125
36048,1.1328125,1.1328125,-0.3125,-0.283203125
36049,1.240234375,1.123046875,-0.244140625,-0.302734375
36050,1.15234375,1.07421875,-0.25390625,-0.361328125
36051,1.1328125,1.15234375,-0.263671875,-0.390625
36052,1.2109375,1.171875,-0.302734375,-0.4296875
36053,1.162109375,1.103515625,-0.244140625,-0.244140625
36054,1.1328125,1.142578125,-0.21484375,-0.25390625
36055,1.279296875,1.181640625,-0.3125,-0.3515625
36056,1.201171875,1.064453125,-0.263671875,-0.3125
36057,1.15234375,1.1328125,-0.234375,-0.25390625
36058,1.11328125,1.171875,-0.37109375,-0.361328125
36059,1.171875,1.1328125,-0.234375,-0.341796875
36060,1.15234375,1.044921875,-0.283203125,-0.322265625
36061,1.19140625,1.123046875,-0.302734375,-0.37109375
36062,1.171875,1.083984375,-0.25390625,-0.4296875
36063,1.07421875,1.19140625,-0.244140625,-0.380859375
36064,1.181640625,1.279296875,-0.322265625,-0.3515625
36065,1.142578125,1.298828125,-0.400390625,-0.400390625
36066,1.19140625,1.240234375,-0.29296875,-0.41015625
36067,1.171875,1.25,-0.224609375,-0.390625
36068,1.23046875,1.328125,-0.302734375,-0.48828125
36069,1.2109375,1.25,-0.3515625,-0.37109375
36070,1.064453125,1.2109375,-0.1953125,-0.458984375
36071,1.142578125,1.240234375,-0.29296875,-0.419921875
36072,1.103515625,1.220703125,-0.234375,-0.3125
36073,1.142578125,1.25,-0.087890625,-0.380859375
36074,1.337890625,1.298828125,-0.390625,-0.37109375
36075,1.259765625,1.240234375,-0.302734375,-0.44921875
36076,1.25,1.259765625,-0.234375,-0.322265625
36077,1.171875,1.455078125,-0.283203125,-0.3515625
36078,1.142578125,1.162109375,-0.322265625,-0.380859375
36079,1.201171875,1.171875,-0.2734375,-0.380859375
36080,1.279296875,1.220703125,-0.185546875,-0.37109375
36081,1.162109375,1.201171875,-0.33203125,-0.3515625
36082,1.220703125,1.181640625,-0.224609375,-0.546875
36083,1.25,1.162109375,-0.33203125,-0.380859375
36084,1.240234375,1.240234375,-0.25390625,-0.322265625
36085,1.201171875,1.25,-0.17578125,-0.41015625
36086,1.201171875,1.2109375,-0.17578125,-0.41015625
36087,1.15234375,1.2109375,-0.29296875,-0.400390625
36088,1.4453125,1.181640625,-0.234375,-0.4296875
36089,1.26953125,1.142578125,-0.224609375,-0.224609375
36090,1.220703125,1.3671875,-0.15625,-0.361328125
36091,1.38671875,1.142578125,-0.224609375,-0.4296875
36092,1.240234375,1.25,-0.263671875,-0.341796875
36093,1.318359375,1.201171875,-0.21484375,-0.4296875
36094,1.416015625,1.142578125,-0.17578125,-0.380859375
36095,1.34765625,1.220703125,-0.361328125,-0.361328125
36096,1.201171875,1.03515625,-0.244140625,-0.361328125
36097,1.19140625,1.162109375,-0.21484375,-0.400390625
36098,1.1328125,1.171875,-0.37109375,-0.4296875
36099,1.26953125,1.2890625,-0.15625,-0.390625
36100,1.328125,1.23046875,-0.302734375,-0.46875
36101,1.279296875,1.23046875,-0.302734375,-0.498046875
36102,1.240234375,1.298828125,-0.361328125,-0.498046875
36103,1.15234375,1.162109375,-0.205078125,-0.380859375
36104,1.25,1.07421875,-0.25390625,-0.4296875
36105,1.259765625,1.298828125,-0.3515625,-0.380859375
36106,1.26953125,1.142578125,-0.29296875,-0.478515625
36107,1.279296875,1.171875,-0.302734375,-0.48828125
36108,1.240234375,1.26953125,-0.419921875,-0.458984375
36109,1.201171875,1.181640625,-0.25390625,-0.419921875
36110,1.23046875,1.142578125,-0.29296875,-0.341796875
36111,1.15234375,1.181640625,-0.234375,-0.439453125
36112,1.19140625,1.19140625,-0.29296875,-0.3515625
36113,1.26953125,1.11328125,-0.25390625,-0.361328125
36114,1.25,1.19140625,-0.283203125,-0.458984375
36115,1.2890625,1.2109375,-0.244140625,-0.400390625
36116,1.23046875,1.142578125,-0.234375,-0.3125
36117,1.240234375,1.201171875,-0.244140625,-0.439453125
36118,1.1328125,1.162109375,-0.146484375,-0.419921875
36119,1.25,1.064453125,-0.17578125,-0.41015625
36120,1.23046875,1.171875,-0.224609375,-0.4296875
36121,1.26953125,1.1328125,-0.283203125,-0.5859375
36122,1.279296875,1.201171875,-0.283203125,-0.419921875
36123,1.2890625,1.0546875,-0.078125,-0.4296875
36124,1.34765625,1.181640625,-0.244140625,-0.380859375
36125,1.259765625,1.15234375,-0.3125,-0.478515625
36126,1.2109375,1.162109375,-0.390625,-0.41015625
36127,1.4453125,1.2890625,-0.322265625,-0.283203125
36128,1.328125,1.15234375,-0.283203125,-0.33203125
36129,1.298828125,1.15234375,-0.29296875,-0.46875
36130,1.171875,1.07421875,-0.234375,-0.37109375
36131,1.240234375,1.15234375,-0.322265625,-0.44921875
36132,1.240234375,1.220703125,-0.341796875,-0.3515625
36133,1.2890625,0.966796875,-0.21484375,-0.380859375
36134,1.23046875,1.15234375,-0.21484375,-0.41015625
36135,1.318359375,1.298828125,-0.185546875,-0.361328125
36136,1.19140625,1.09375,-0.302734375,-0.380859375
36137,1.279296875,1.25,-0.2734375,-0.419921875
36138,1.2109375,1.11328125,-0.146484375,-0.361328125
36139,1.171875,1.09375,-0.263671875,-0.380859375
36140,1.30859375,1.09375,-0.224609375,-0.37109375
36141,1.26953125,1.19140625,-0.33203125,-0.3515625
36142,1.2109375,1.30859375,-0.3515625,-0.380859375
36143,1.15234375,1.171875,-0.244140625,-0.302734375
36144,1.201171875,1.25,-0.205078125,-0.3515625
36145,1.25,1.07421875,-0.1953125,-0.517578125
36146,1.2109375,1.07421875,-0.263671875,-0.537109375
36147,1.171875,1.142578125,-0.2734375,-0.546875
36148,1.2890625,1.19140625,-0.224609375,-0.439453125
36149,1.40625,1.083984375,-0.2734375,-0.3515625
36150,1.15234375,1.19140625,-0.341796875,-0.400390625
36151,1.162109375,1.181640625,-0.205078125,-0.44921875
36152,1.240234375,1.1328125,-0.3125,-0.48828125
36153,1.23046875,1.123046875,-0.400390625,-0.390625
36154,1.240234375,1.162109375,-0.33203125,-0.361328125
36155,1.181640625,1.162109375,-0.29296875,-0.380859375
36156,1.083984375,1.123046875,-0.263671875,-0.44921875
36157,1.259765625,1.181640625,-0.263671875,-0.3515625
36158,1.1328125,1.181640625,-0.263671875,-0.44921875
36159,1.09375,1.19140625,-0.2734375,-0.341796875
36160,1.19140625,1.181640625,-0.29296875,-0.37109375
36161,1.171875,1.240234375,-0.33203125,-0.60546875
36162,1.064453125,1.142578125,-0.1953125,-0.244140625
36163,1.201171875,1.171875,-0.2734375,-0.380859375
36164,1.103515625,1.064453125,-0.263671875,-0.46875
36165,1.2890625,1.2109375,-0.390625,-0.41015625
36166,1.181640625,1.11328125,-0.234375,-0.439453125
36167,1.19140625,1.171875,-0.17578125,-0.478515625
36168,1.240234375,1.220703125,-0.185546875,-0.400390625
36169,1.201171875,1.0546875,-0.1953125,-0.361328125
36170,1.15234375,1.19140625,-0.205078125,-0.390625
36171,1.162109375,1.171875,-0.1953125,-0.439453125
36172,1.19140625,1.181640625,-0.166015625,-0.380859375
36173,1.19140625,1.15234375,-0.21484375,-0.46875
36174,1.201171875,1.162109375,-0.21484375,-0.4296875
36175,1.259765625,1.15234375,-0.263671875,-0.4296875
36176,1.07421875,1.171875,-0.224609375,-0.5078125
36177,1.1328125,1.1328125,-0.29296875,-0.4296875
36178,1.2109375,1.11328125,-0.09765625,-0.4296875
36179,1.103515625,1.162109375,-0.263671875,-0.517578125
36180,1.220703125,1.083984375,-0.185546875,-0.439453125
36181,1.181640625,1.15234375,-0.341796875,-0.3515625
36182,1.142578125,1.181640625,-0.263671875,-0.478515625
36183,1.142578125,1.201171875,-0.244140625,-0.380859375
36184,1.171875,1.09375,-0.244140625,-0.41015625
36185,1.162109375,1.09375,-0.263671875,-0.400390625
36186,1.19140625,1.083984375,-0.302734375,-0.400390625
36187,1.19140625,1.123046875,-0.15625,-0.37109375
36188,1.2109375,1.1328125,-0.263671875,-0.4296875
36189,1.328125,1.142578125,-0.29296875,-0.322265625
36190,1.15234375,0.888671875,-0.224609375,-0.361328125
36191,1.298828125,1.142578125,-0.244140625,-0.224609375
36192,1.298828125,1.142578125,-0.25390625,-0.41015625
36193,1.25,1.1328125,-0.1953125,-0.400390625
36194,1.279296875,1.279296875,-0.185546875,-0.283203125
36195,1.23046875,1.07421875,-0.25390625,-0.400390625
36196,1.142578125,1.15234375,-0.263671875,-0.380859375
36197,1.2109375,1.142578125,-0.263671875,-0.4296875
36198,1.142578125,1.1328125,-0.263671875,-0.2734375
36199,1.279296875,1.181640625,-0.361328125,-0.283203125
36200,1.30859375,1.083984375,-0.234375,-0.390625
36201,1.279296875,1.07421875,-0.322265625,-0.478515625
36202,1.2109375,1.03515625,-0.29296875,-0.361328125
36203,1.25,1.1328125,-0.2734375,-0.3515625
36204,1.220703125,1.1328125,-0.13671875,-0.439453125
36205,1.181640625,1.123046875,-0.341796875,-0.419921875
36206,1.2890625,1.15234375,-0.205078125,-0.205078125
36207,1.181640625,1.162109375,-0.1171875,-0.478515625
36208,1.298828125,1.171875,-0.25390625,-0.361328125
36209,1.123046875,1.015625,-0.244140625,-0.52734375
36210,1.337890625,1.064453125,-0.13671875,-0.185546875
36211,1.279296875,1.162109375,-0.263671875,-0.458984375
36212,1.2109375,1.123046875,-0.302734375,-0.361328125
36213,1.38671875,1.1328125,-0.244140625,-0.419921875
36214,1.2890625,1.083984375,-0.263671875,-0.419921875
36215,1.279296875,1.11328125,-0.29296875,-0.390625
36216,1.15234375,1.103515625,-0.205078125,-0.390625
36217,1.318359375,1.07421875,-0.302734375,-0.390625
36218,1.30859375,1.005859375,-0.25390625,-0.361328125
36219,1.298828125,1.09375,-0.17578125,-0.29296875
36220,1.15234375,1.025390625,-0.25390625,-0.380859375
36221,1.240234375,1.103515625,-0.33203125,-0.439453125
36222,1.416015625,1.083984375,-0.1953125,-0.41015625
36223,1.2890625,1.07421875,-0.17578125,-0.380859375
36224,1.23046875,1.181640625,-0.2734375,-0.3125
36225,1.220703125,1.09375,-0.224609375,-0.498046875
36226,1.357421875,1.07421875,-0.185546875,-0.322265625
36227,1.26953125,1.15234375,-0.1953125,-0.3125
36228,1.19140625,1.11328125,-0.3125,-0.478515625
36229,1.26953125,1.03515625,-0.25390625,-0.3515625
36230,1.298828125,1.044921875,-0.283203125,-0.33203125
36231,1.26953125,1.103515625,-0.224609375,-0.13671875
36232,1.328125,1.103515625,-0.3515625,-0.380859375
36233,1.2890625,1.015625,-0.2734375,-0.341796875
36234,1.23046875,1.1328125,-0.283203125,-0.17578125
36235,1.337890625,1.1328125,-0.263671875,-0.380859375
36236,1.220703125,0.9765625,-0.126953125,-0.4296875
36237,1.23046875,1.103515625,-0.107421875,-0.380859375
36238,1.220703125,1.103515625,-0.15625,-0.322265625
36239,1.2890625,1.162109375,-0.205078125,-0.263671875
36240,1.259765625,1.123046875,-0.185546875,-0.458984375
36241,1.328125,1.064453125,-0.29296875,-0.322265625
36242,1.279296875,1.103515625,-0.13671875,-0.380859375
36243,1.162109375,1.171875,-0.126953125,-0.400390625
36244,1.42578125,1.103515625,-0.126953125,-0.361328125
36245,1.376953125,1.181640625,-0.146484375,-0.390625
36246,1.279296875,1.142578125,-0.13671875,-0.4296875
36247,1.34765625,1.09375,-0.166015625,-0.41015625
36248,1.357421875,1.103515625,-0.078125,-0.41015625
36249,1.337890625,1.15234375,-0.390625,-0.537109375
36250,1.25,1.181640625,-0.244140625,-0.3515625
36251,1.2890625,1.044921875,-0.17578125,-0.41015625
36252,1.40625,1.123046875,-0.17578125,-0.380859375
36253,1.435546875,1.07421875,-0.234375,-0.380859375
36254,1.3671875,1.025390625,-0.33203125,-0.419921875
36255,1.484375,1.162109375,-0.205078125,-0.25390625
36256,1.19140625,1.09375,-0.224609375,-0.400390625
36257,1.23046875,1.005859375,-0.33203125,-0.478515625
36258,1.25,1.07421875,-0.263671875,-0.458984375
36259,1.220703125,1.201171875,-0.41015625,-0.37109375
36260,1.162109375,1.11328125,-0.15625,-0.4296875
36261,1.220703125,1.42578125,-0.17578125,-0.52734375
36262,1.25,1.09375,-0.224609375,-0.41015625
36263,1.162109375,1.07421875,-0.205078125,-0.341796875
36264,1.298828125,1.142578125,-0.21484375,-0.37109375
36265,1.171875,1.181640625,-0.185546875,-0.283203125
36266,1.162109375,1.220703125,-0.302734375,-0.322265625
36267,1.2109375,1.240234375,-0.17578125,-0.3125
36268,1.259765625,1.103515625,-0.185546875,-0.46875
36269,1.2890625,1.025390625,-0.17578125,-0.400390625
36270,1.240234375,1.171875,0,-0.361328125
36271,1.103515625,1.083984375,-0.224609375,-0.3125
36272,1.2109375,1.083984375,0.068359375,-0.322265625
36273,1.26953125,1.083984375,-0.078125,-0.33203125
36274,1.09375,1.171875,-0.087890625,-0.37109375
36275,1.240234375,1.181640625,-0.126953125,-0.41015625
36276,1.201171875,1.171875,-0.13671875,-0.439453125
36277,1.3671875,1.07421875,-0.205078125,-0.390625
36278,1.25,1.025390625,-0.263671875,-0.439453125
36279,1.23046875,1.142578125,-0.341796875,-0.322265625
36280,1.19140625,1.1328125,-0.15625,-0.341796875
36281,1.201171875,1.201171875,-0.21484375,-0.283203125
36282,1.162109375,1.162109375,-0.185546875,-0.263671875
36283,1.23046875,1.103515625,-0.224609375,-0.244140625
36284,1.25,1.064453125,-0.3515625,-0.41015625
36285,1.181640625,1.123046875,-0.15625,-0.361328125
36286,1.318359375,1.064453125,-0.205078125,-0.263671875
36287,1.25,1.220703125,-0.185546875,-0.458984375
36288,1.15234375,1.025390625,-0.1953125,-0.46875
36289,1.171875,1.09375,-0.234375,-0.439453125
36290,1.181640625,1.123046875,-0.244140625,-0.380859375
36291,1.15234375,1.142578125,-0.17578125,-0.44921875
36292,1.15234375,1.083984375,-0.263671875,-0.419921875
36293,1.38671875,0.986328125,-0.05859375,-0.41015625
36294,1.19140625,1.220703125,-0.17578125,-0.4296875
36295,1.240234375,1.09375,-0.244140625,-0.52734375
36296,1.171875,1.025390625,-0.302734375,-0.419921875
36297,1.142578125,1.0546875,-0.166015625,-0.439453125
36298,1.1328125,1.123046875,-0.166015625,-0.341796875
36299,1.240234375,1.083984375,-0.166015625,-0.29296875
36300,1.162109375,1.083984375,-0.126953125,-0.341796875
36301,1.171875,1.044921875,-0.15625,-0.17578125
36302,1.26953125,1.103515625,-0.21484375,-0.341796875
36303,1.1328125,0.9765625,-0.21484375,-0.322265625
36304,1.30859375,0.95703125,-0.1953125,-0.44921875
36305,1.123046875,0.9765625,-0.234375,-0.380859375
36306,1.201171875,1.103515625,-0.1953125,-0.29296875
36307,1.142578125,1.005859375,-0.205078125,-0.537109375
36308,1.162109375,1.044921875,-0.25390625,-0.390625
36309,1.201171875,1.201171875,-0.224609375,-0.33203125
36310,1.220703125,1.03515625,-0.224609375,-0.33203125
36311,1.328125,1.123046875,-0.263671875,-0.2734375
36312,1.11328125,0.91796875,-0.1953125,-0.33203125
36313,1.2109375,1.0546875,-0.185546875,-0.224609375
36314,1.09375,1.07421875,-0.224609375,-0.2734375
36315,1.279296875,0.9765625,-0.17578125,-0.302734375
36316,1.181640625,1.15234375,-0.1953125,-0.29296875
36317,1.09375,1.09375,-0.185546875,-0.33203125
36318,1.123046875,1.025390625,-0.2734375,-0.3125
36319,1.123046875,1.03515625,-0.205078125,-0.3125
36320,1.171875,1.103515625,-0.302734375,-0.44921875
36321,1.171875,1.2890625,-0.25390625,-0.25390625
36322,1.19140625,1.162109375,-0.263671875,-0.009765625
36323,1.19140625,1.044921875,-0.17578125,-0.21484375
36324,1.23046875,1.15234375,-0.205078125,-0.33203125
36325,1.09375,1.0546875,-0.2734375,-0.29296875
36326,1.044921875,1.083984375,-0.224609375,-0.205078125
36327,1.298828125,1.11328125,-0.224609375,-0.33203125
36328,1.240234375,1.044921875,-0.3125,-0.234375
36329,1.25,1.03515625,-0.244140625,-0.4296875
36330,1.2109375,1.103515625,-0.244140625,-0.361328125
36331,1.26953125,1.15234375,-0.302734375,-0.29296875
36332,1.181640625,1.09375,-0.126953125,-0.2734375
36333,1.240234375,1.044921875,-0.25390625,-0.3125
36334,1.26953125,1.064453125,-0.302734375,-0.37109375
36335,1.298828125,1.03515625,-0.146484375,-0.3125
36336,1.240234375,0.927734375,-0.21484375,-0.33203125
36337,1.2109375,1.005859375,-0.263671875,-0.390625
36338,1.2109375,1.0546875,-0.25390625,-0.263671875
36339,1.162109375,1.044921875,-0.205078125,-0.29296875
36340,1.15234375,1.044921875,-0.25390625,-0.322265625
36341,1.142578125,1.15234375,-0.21484375,-0.21484375
36342,1.201171875,1.083984375,-0.13671875,-0.263671875
36343,1.171875,1.11328125,-0.1953125,-0.224609375
36344,1.142578125,1.083984375,-0.126953125,-0.205078125
36345,1.083984375,1.015625,-0.3125,-0.205078125
36346,1.123046875,1.0546875,-0.283203125,-0.244140625
36347,1.181640625,1.09375,-0.322265625,-0.185546875
36348,1.2109375,1.1328125,-0.244140625,-0.29296875
36349,1.171875,1.103515625,-0.302734375,-0.25390625
36350,1.26953125,1.07421875,-0.234375,-0.361328125
36351,1.201171875,1.044921875,-0.244140625,-0.2734375
36352,1.23046875,1.11328125,-0.2734375,-0.234375
36353,1.2109375,1.103515625,-0.2734375,-0.302734375
36354,1.435546875,1.15234375,-0.283203125,-0.263671875
36355,1.162109375,1.23046875,-0.234375,-0.37109375
36356,1.23046875,1.123046875,-0.3125,-0.29296875
36357,1.181640625,1.09375,-0.341796875,-0.205078125
36358,1.171875,1.142578125,-0.302734375,-0.205078125
36359,1.15234375,1.171875,-0.224609375,-0.078125
36360,1.15234375,1.201171875,-0.263671875,-0.263671875
36361,1.2109375,1.064453125,-0.185546875,-0.1953125
36362,1.220703125,1.083984375,-0.21484375,-0.21484375
36363,1.201171875,1.11328125,-0.3125,-0.283203125
36364,1.220703125,1.171875,-0.283203125,-0.224609375
36365,1.15234375,1.083984375,-0.322265625,-0.263671875
36366,1.142578125,1.171875,-0.2734375,-0.29296875
36367,1.201171875,1.11328125,-0.25390625,-0.234375
36368,1.11328125,1.0546875,-0.322265625,-0.21484375
36369,1.171875,1.2109375,-0.33203125,-0.25390625
36370,1.220703125,1.123046875,-0.380859375,-0.29296875
36371,1.162109375,1.09375,-0.263671875,-0.048828125
36372,1.083984375,1.142578125,-0.33203125,-0.361328125
36373,1.19140625,1.240234375,-0.33203125,-0.25390625
36374,1.26953125,1.123046875,-0.21484375,-0.4296875
36375,1.15234375,1.142578125,-0.3515625,-0.234375
36376,1.142578125,1.1328125,-0.322265625,-0.224609375
36377,1.181640625,1.15234375,-0.419921875,-0.341796875
36378,1.142578125,1.162109375,-0.29296875,-0.283203125
36379,1.1328125,1.142578125,-0.283203125,-0.29296875
36380,1.240234375,1.19140625,-0.263671875,-0.361328125
36381,1.19140625,1.11328125,-0.302734375,-0.25390625
36382,1.0546875,0.99609375,-0.3515625,-0.322265625
36383,1.09375,1.0546875,-0.302734375,-0.234375
36384,1.2109375,1.142578125,-0.25390625,-0.13671875
36385,1.26953125,1.09375,-0.322265625,-0.244140625
36386,1.07421875,1.044921875,-0.419921875,-0.361328125
36387,1.25,1.09375,-0.341796875,-0.146484375
36388,1.123046875,1.083984375,-0.390625,-0.2734375
36389,1.142578125,1.15234375,-0.400390625,-0.302734375
36390,1.15234375,1.09375,-0.2734375,-0.185546875
36391,1.19140625,1.162109375,-0.33203125,-0.29296875
36392,1.1328125,0.99609375,-0.2734375,-0.205078125
36393,1.162109375,1.1328125,-0.146484375,-0.390625
36394,1.083984375,1.162109375,-0.37109375,-0.234375
36395,1.15234375,1.11328125,-0.21484375,-0.25390625
36396,1.181640625,1.09375,-0.29296875,-0.33203125
36397,1.142578125,1.103515625,-0.234375,-0.234375
36398,1.181640625,1.181640625,-0.185546875,-0.17578125
36399,1.025390625,1.103515625,-0.2734375,-0.2734375
36400,1.03515625,1.2109375,-0.33203125,-0.2734375
36401,1.15234375,1.103515625,-0.29296875,-0.302734375
36402,1.15234375,1.162109375,-0.263671875,-0.1171875
36403,1.171875,1.15234375,-0.25390625,-0.263671875
36404,1.1328125,1.044921875,-0.263671875,-0.21484375
36405,1.1328125,1.103515625,-0.2734375,-0.33203125
36406,1.26953125,1.142578125,-0.1171875,-0.234375
36407,1.25,1.162109375,-0.302734375,-0.302734375
36408,1.357421875,1.142578125,-0.29296875,-0.205078125
36409,1.357421875,1.201171875,-0.322265625,-0.283203125
36410,1.201171875,1.19140625,-0.29296875,-0.2734375
36411,1.181640625,1.0546875,-0.2734375,-0.302734375
36412,1.2890625,1.09375,-0.185546875,-0.244140625
36413,1.23046875,0.927734375,-0.3125,-0.17578125
36414,1.25,1.09375,-0.205078125,-0.341796875
36415,1.26953125,1.09375,-0.2734375,-0.224609375
36416,1.259765625,1.09375,-0.302734375,-0.205078125
36417,1.23046875,1.044921875,-0.29296875,-0.234375
36418,1.2109375,0.99609375,-0.302734375,-0.17578125
36419,1.259765625,1.015625,-0.478515625,-0.2734375
36420,1.2890625,1.0546875,-0.3125,-0.380859375
36421,1.23046875,1.083984375,-0.33203125,-0.3125
36422,1.09375,1.07421875,-0.302734375,-0.25390625
36423,1.23046875,1.1328125,-0.2734375,-0.107421875
36424,1.142578125,1.025390625,-0.37109375,-0.263671875
36425,1.1328125,1.0546875,-0.361328125,-0.21484375
36426,1.15234375,1.103515625,-0.283203125,-0.2734375
36427,1.25,1.11328125,-0.361328125,-0.283203125
36428,1.240234375,1.07421875,-0.166015625,-0.2734375
36429,1.2109375,0.927734375,-0.29296875,-0.263671875
36430,1.220703125,1.123046875,-0.3125,-0.126953125
36431,1.2890625,1.03515625,-0.29296875,-0.21484375
36432,1.279296875,0.888671875,-0.3125,-0.13671875
36433,1.259765625,1.103515625,-0.244140625,-0.205078125
36434,1.19140625,1.162109375,-0.3125,-0.283203125
36435,1.220703125,1.083984375,-0.234375,-0.1171875
36436,1.220703125,1.083984375,-0.400390625,-0.2734375
36437,1.240234375,0.99609375,-0.185546875,-0.458984375
36438,1.279296875,1.11328125,-0.205078125,-0.41015625
36439,1.19140625,1.1328125,-0.3125,-0.302734375
36440,1.26953125,1.162109375,-0.322265625,-0.361328125
36441,1.279296875,1.25,-0.21484375,-0.283203125
36442,1.123046875,1.044921875,-0.341796875,-0.29296875
36443,1.103515625,1.064453125,-0.400390625,-0.2734375
36444,1.19140625,1.142578125,-0.41015625,-0.44921875
36445,1.34765625,0.966796875,-0.3125,-0.234375
36446,1.2890625,1.083984375,-0.263671875,-0.322265625
36447,1.23046875,1.2109375,-0.283203125,-0.419921875
36448,1.181640625,1.09375,-0.322265625,-0.2734375
36449,1.25,1.07421875,-0.146484375,-0.322265625
36450,1.23046875,1.025390625,-0.263671875,-0.322265625
36451,1.259765625,1.07421875,-0.244140625,-0.283203125
36452,1.40625,0.986328125,-0.322265625,-0.2734375
36453,1.318359375,1.044921875,-0.244140625,-0.21484375
36454,1.30859375,1.09375,-0.21484375,-0.234375
36455,1.26953125,1.005859375,-0.205078125,-0.283203125
36456,1.279296875,0.986328125,-0.29296875,-0.3125
36457,1.142578125,1.1328125,-0.322265625,-0.400390625
36458,1.25,1.1328125,-0.234375,-0.390625
36459,1.2890625,1.09375,-0.302734375,-0.25390625
36460,1.19140625,1.142578125,-0.419921875,-0.44921875
36461,1.2890625,1.07421875,-0.263671875,-0.244140625
36462,1.2109375,1.171875,-0.341796875,-0.224609375
36463,1.298828125,1.09375,-0.25390625,-0.3125
36464,1.25,1.15234375,-0.33203125,-0.224609375
36465,1.123046875,1.0546875,-0.419921875,-0.244140625
36466,1.201171875,1.064453125,-0.37109375,-0.361328125
36467,1.26953125,1.123046875,-0.2734375,-0.234375
36468,1.181640625,1.2109375,-0.341796875,-0.29296875
36469,1.23046875,1.171875,-0.263671875,-0.3125
36470,1.083984375,1.1328125,-0.33203125,-0.3515625
36471,1.259765625,1.2109375,-0.439453125,-0.29296875
36472,1.337890625,1.19140625,-0.17578125,-0.224609375
36473,1.07421875,1.181640625,-0.244140625,-0.283203125
36474,1.259765625,1.2109375,-0.2734375,-0.341796875
36475,1.328125,1.15234375,-0.283203125,-0.322265625
36476,1.240234375,1.240234375,-0.263671875,-0.263671875
36477,1.19140625,1.171875,-0.33203125,-0.166015625
36478,1.171875,1.2109375,-0.302734375,-0.263671875
36479,1.181640625,1.201171875,-0.25390625,-0.21484375
36480,1.220703125,1.15234375,-0.341796875,-0.2734375
36481,1.181640625,1.103515625,-0.244140625,-0.380859375
36482,1.15234375,1.162109375,-0.21484375,-0.302734375
36483,1.142578125,1.2890625,-0.25390625,-0.263671875
36484,1.0546875,1.044921875,-0.33203125,-0.2734375
36485,1.103515625,1.220703125,-0.244140625,-0.29296875
36486,1.1328125,1.162109375,-0.3515625,-0.3125
36487,1.2109375,1.171875,-0.263671875,-0.29296875
36488,1.181640625,1.142578125,-0.29296875,-0.322265625
36489,1.11328125,1.171875,-0.126953125,-0.283203125
36490,1.162109375,1.09375,-0.29296875,-0.361328125
36491,1.220703125,1.11328125,-0.234375,-0.33203125
36492,1.240234375,1.2890625,-0.3515625,-0.302734375
36493,1.171875,1.03515625,-0.33203125,-0.33203125
36494,1.181640625,1.19140625,-0.33203125,-0.263671875
36495,1.1328125,1.1328125,-0.302734375,-0.37109375
36496,1.123046875,1.220703125,-0.224609375,-0.37109375
36497,1.15234375,1.181640625,-0.205078125,-0.400390625
36498,1.1328125,1.181640625,-0.302734375,-0.302734375
36499,1.15234375,1.162109375,-0.302734375,-0.478515625
36500,1.376953125,1.103515625,-0.37109375,-0.634765625
36501,1.1328125,1.025390625,-0.2734375,-0.41015625
36502,1.2109375,1.171875,-0.25390625,-0.29296875
36503,1.220703125,1.19140625,-0.361328125,-0.185546875
36504,1.15234375,1.201171875,-0.29296875,-0.3515625
36505,0.986328125,1.142578125,-0.380859375,-0.3125
36506,1.259765625,1.25,-0.41015625,-0.341796875
36507,1.171875,1.162109375,-0.234375,-0.3125
36508,1.142578125,1.19140625,-0.283203125,-0.41015625
36509,1.201171875,1.15234375,-0.3125,-0.37109375
36510,1.2890625,1.23046875,-0.234375,-0.380859375
36511,1.142578125,1.2890625,-0.068359375,-0.21484375
36512,1.162109375,1.181640625,-0.3515625,-0.33203125
36513,1.19140625,1.259765625,-0.29296875,-0.361328125
36514,1.171875,1.25,-0.283203125,-0.33203125
36515,1.07421875,1.15234375,-0.283203125,-0.3515625
36516,1.11328125,1.171875,-0.166015625,-0.341796875
36517,1.162109375,1.2109375,-0.17578125,-0.33203125
36518,1.162109375,1.23046875,-0.263671875,-0.41015625
36519,1.171875,1.19140625,-0.185546875,-0.33203125
36520,1.201171875,1.220703125,-0.263671875,-0.3125
36521,1.259765625,1.15234375,-0.166015625,-0.361328125
36522,1.240234375,1.19140625,-0.234375,-0.390625
36523,1.19140625,1.26953125,-0.283203125,-0.341796875
36524,1.240234375,1.19140625,-0.185546875,-0.37109375
36525,1.181640625,1.123046875,-0.25390625,-0.322265625
36526,1.2109375,1.2109375,-0.361328125,-0.46875
36527,1.376953125,1.171875,-0.302734375,-0.48828125
36528,1.318359375,1.1328125,-0.341796875,-0.5078125
36529,1.181640625,1.15234375,-0.234375,-0.37109375
36530,1.15234375,1.142578125,-0.17578125,-0.3515625
36531,1.240234375,1.162109375,-0.224609375,-0.361328125
36532,1.162109375,1.103515625,-0.1953125,-0.4296875
36533,1.30859375,1.162109375,-0.244140625,-0.4296875
36534,1.11328125,1.15234375,-0.322265625,-0.390625
36535,1.240234375,1.162109375,-0.234375,-0.341796875
36536,1.279296875,1.171875,-0.29296875,-0.41015625
36537,1.19140625,1.083984375,-0.283203125,-0.41015625
36538,1.2109375,1.220703125,-0.390625,-0.52734375
36539,1.19140625,1.171875,-0.3125,-0.400390625
36540,1.162109375,1.19140625,-0.29296875,-0.3125
36541,1.201171875,1.025390625,-0.13671875,-0.44921875
36542,1.259765625,1.181640625,-0.234375,-0.283203125
36543,0.95703125,1.171875,-0.3125,-0.390625
36544,1.171875,1.19140625,-0.3515625,-0.439453125
36545,1.25,1.162109375,-0.3125,-0.361328125
36546,1.171875,1.15234375,-0.29296875,-0.29296875
36547,1.201171875,1.025390625,-0.224609375,-0.439453125
36548,1.328125,1.19140625,-0.322265625,-0.439453125
36549,1.23046875,1.23046875,-0.341796875,-0.400390625
36550,1.26953125,1.162109375,-0.2734375,-0.44921875
36551,1.298828125,1.19140625,-0.263671875,-0.37109375
36552,1.2109375,1.123046875,-0.234375,-0.33203125
36553,1.19140625,1.279296875,-0.2734375,-0.390625
36554,1.279296875,1.09375,-0.3125,-0.283203125
36555,1.201171875,1.181640625,-0.2734375,-0.380859375
36556,1.318359375,1.171875,-0.1953125,-0.439453125
36557,1.26953125,1.171875,-0.21484375,-0.1953125
36558,1.318359375,1.240234375,-0.185546875,-0.263671875
36559,1.220703125,1.3671875,-0.2734375,-0.33203125
36560,1.201171875,1.142578125,-0.302734375,-0.21484375
36561,1.15234375,1.025390625,-0.29296875,-0.283203125
36562,1.318359375,1.220703125,-0.21484375,-0.419921875
36563,1.19140625,1.1328125,-0.244140625,-0.41015625
36564,1.1328125,1.103515625,-0.263671875,-0.400390625
36565,1.162109375,1.1328125,-0.25390625,-0.361328125
36566,1.240234375,1.259765625,-0.224609375,-0.458984375
36567,1.0546875,1.0546875,-0.15625,-0.3515625
36568,1.259765625,1.23046875,-0.224609375,-0.29296875
36569,1.201171875,1.15234375,-0.224609375,-0.283203125
36570,1.11328125,1.162109375,-0.205078125,-0.380859375
36571,1.123046875,1.201171875,-0.21484375,-0.400390625
36572,1.279296875,1.0546875,-0.205078125,-0.380859375
36573,1.279296875,1.15234375,-0.21484375,-0.29296875
36574,1.201171875,1.103515625,-0.205078125,-0.390625
36575,1.19140625,1.123046875,-0.244140625,-0.390625
36576,1.162109375,1.09375,-0.224609375,-0.244140625
36577,1.07421875,1.09375,-0.224609375,-0.48828125
36578,1.1328125,1.11328125,-0.283203125,-0.4296875
36579,1.25,1.103515625,-0.21484375,-0.37109375
36580,1.201171875,1.15234375,-0.244140625,-0.5078125
36581,1.201171875,0.986328125,-0.322265625,-0.3125
36582,1.23046875,1.15234375,-0.21484375,-0.361328125
36583,1.083984375,1.123046875,-0.166015625,-0.419921875
36584,1.0546875,1.181640625,-0.1953125,-0.478515625
36585,1.142578125,1.15234375,-0.29296875,-0.33203125
36586,1.201171875,1.083984375,-0.224609375,-0.390625
36587,1.103515625,1.2109375,-0.283203125,-0.4296875
36588,1.11328125,1.083984375,-0.2734375,-0.556640625
36589,1.23046875,1.220703125,-0.25390625,-0.439453125
36590,1.25,1.23046875,-0.185546875,-0.390625
36591,1.044921875,1.11328125,-0.2734375,-0.380859375
36592,1.201171875,1.11328125,-0.302734375,-0.44921875
36593,1.201171875,1.03515625,-0.21484375,-0.263671875
36594,1.083984375,1.1328125,-0.33203125,-0.576171875
36595,1.19140625,1.11328125,-0.25390625,-0.361328125
36596,1.23046875,1.1328125,-0.185546875,-0.341796875
36597,1.201171875,1.142578125,-0.283203125,-0.4296875
36598,1.259765625,1.015625,-0.166015625,-0.46875
36599,1.19140625,1.11328125,-0.146484375,-0.390625
36600,1.23046875,0.99609375,-0.185546875,-0.380859375
36601,1.142578125,1.142578125,-0.244140625,-0.3515625
36602,1.083984375,1.171875,-0.322265625,-0.37109375
36603,1.171875,1.201171875,-0.205078125,-0.41015625
36604,1.162109375,1.103515625,-0.15625,-0.3125
36605,1.181640625,1.103515625,-0.234375,-0.478515625
36606,1.15234375,0.927734375,-0.21484375,-0.380859375
36607,1.083984375,1.09375,-0.15625,-0.419921875
36608,1.171875,1.162109375,-0.1953125,-0.46875
36609,1.171875,1.171875,-0.13671875,-0.478515625
36610,1.162109375,1.142578125,-0.205078125,-0.400390625
36611,1.25,1.15234375,-0.283203125,-0.4296875
36612,1.19140625,1.23046875,-0.166015625,-0.341796875
36613,1.15234375,1.162109375,-0.185546875,-0.478515625
36614,1.162109375,1.357421875,-0.29296875,-0.458984375
36615,1.171875,1.171875,-0.146484375,-0.56640625
36616,1.1328125,1.181640625,-0.263671875,-0.44921875
36617,1.142578125,1.11328125,-0.1171875,-0.400390625
36618,1.25,1.162109375,-0.3125,-0.41015625
36619,1.181640625,1.123046875,-0.185546875,-0.263671875
36620,1.15234375,1.005859375,-0.244140625,-0.322265625
36621,1.181640625,1.23046875,-0.361328125,-0.234375
36622,1.220703125,1.142578125,-0.17578125,-0.37109375
36623,1.23046875,1.044921875,-0.341796875,-0.361328125
36624,1.25,1.07421875,-0.2734375,-0.3125
36625,1.181640625,1.0546875,-0.17578125,-0.439453125
36626,1.3671875,1.142578125,-0.146484375,-0.419921875
36627,1.201171875,1.11328125,-0.17578125,-0.322265625
36628,1.064453125,1.09375,-0.126953125,-0.380859375
36629,1.23046875,1.015625,-0.166015625,-0.37109375
36630,1.23046875,1.19140625,-0.224609375,-0.52734375
36631,1.26953125,1.1328125,-0.166015625,-0.341796875
36632,1.2109375,1.15234375,-0.17578125,-0.390625
36633,1.15234375,1.11328125,-0.13671875,-0.41015625
36634,1.2890625,1.11328125,-0.146484375,-0.283203125
36635,1.142578125,1.142578125,-0.234375,-0.3515625
36636,1.26953125,1.15234375,-0.283203125,-0.5078125
36637,1.09375,1.123046875,-0.25390625,-0.41015625
36638,1.25,1.162109375,-0.244140625,-0.302734375
36639,1.181640625,1.1328125,-0.205078125,-0.361328125
36640,1.357421875,1.103515625,-0.224609375,-0.439453125
36641,1.171875,1.03515625,-0.234375,-0.33203125
36642,1.19140625,1.15234375,-0.25390625,-0.33203125
36643,1.220703125,1.171875,-0.3125,-0.517578125
36644,1.30859375,1.07421875,-0.3515625,-0.361328125
36645,1.25,1.025390625,-0.2734375,-0.5078125
36646,1.15234375,1.11328125,-0.17578125,-0.517578125
36647,1.23046875,1.1328125,-0.244140625,-0.44921875
36648,1.19140625,1.07421875,-0.21484375,-0.4296875
36649,1.181640625,1.142578125,-0.234375,-0.4296875
36650,1.181640625,1.083984375,-0.21484375,-0.380859375
36651,1.220703125,1.025390625,-0.29296875,-0.2734375
36652,1.15234375,1.064453125,-0.302734375,-0.458984375
36653,1.220703125,1.103515625,-0.25390625,-0.380859375
36654,1.2109375,1.162109375,-0.17578125,-0.380859375
36655,1.328125,1.142578125,-0.302734375,-0.3125
36656,1.181640625,1.11328125,-0.25390625,-0.3515625
36657,1.2109375,1.025390625,-0.283203125,-0.380859375
36658,1.201171875,1.103515625,-0.29296875,-0.361328125
36659,1.19140625,1.15234375,-0.322265625,-0.498046875
36660,1.171875,1.15234375,-0.29296875,-0.33203125
36661,1.220703125,1.11328125,-0.25390625,-0.517578125
36662,1.201171875,1.03515625,-0.21484375,-0.361328125
36663,1.1328125,1.025390625,-0.2734375,-0.390625
36664,1.23046875,1.064453125,-0.302734375,-0.3515625
36665,1.19140625,1.044921875,-0.2734375,-0.341796875
36666,1.181640625,1.103515625,-0.146484375,-0.380859375
36667,1.240234375,1.19140625,-0.205078125,-0.52734375
36668,1.15234375,1.15234375,-0.234375,-0.3515625
36669,1.201171875,0.908203125,-0.126953125,-0.361328125
36670,1.15234375,1.142578125,-0.21484375,-0.234375
36671,1.328125,1.11328125,-0.17578125,-0.341796875
36672,1.298828125,1.015625,-0.1171875,-0.3515625
36673,1.171875,1.07421875,-0.205078125,-0.341796875
36674,1.455078125,1.064453125,-0.29296875,-0.322265625
36675,1.376953125,1.1328125,-0.283203125,-0.44921875
36676,1.26953125,0.9375,-0.244140625,-0.458984375
36677,1.38671875,1.083984375,-0.17578125,-0.458984375
36678,1.40625,1.19140625,-0.05859375,-0.341796875
36679,1.279296875,1.123046875,-0.068359375,-0.166015625
36680,1.416015625,1.162109375,-0.185546875,-0.478515625
36681,1.357421875,1.162109375,-0.224609375,-0.400390625
36682,1.25,1.201171875,-0.166015625,-0.52734375
36683,1.2109375,1.142578125,-0.244140625,-0.3125
36684,1.279296875,1.171875,-0.25390625,-0.380859375
36685,1.19140625,1.11328125,-0.21484375,-0.46875
36686,1.044921875,1.123046875,-0.205078125,-0.361328125
36687,1.2109375,1.142578125,-0.234375,-0.37109375
36688,1.2109375,1.240234375,-0.21484375,-0.439453125
36689,1.142578125,1.064453125,-0.185546875,-0.400390625
36690,1.181640625,1.103515625,-0.17578125,-0.33203125
36691,1.19140625,1.142578125,-0.263671875,-0.458984375
36692,1.279296875,1.15234375,-0.09765625,-0.46875
36693,1.2109375,1.26953125,-0.234375,-0.390625
36694,1.171875,1.23046875,-0.146484375,-0.400390625
36695,1.2109375,1.123046875,-0.15625,-0.44921875
36696,1.30859375,1.11328125,-0.17578125,-0.37109375
36697,1.142578125,1.181640625,-0.078125,-0.29296875
36698,1.26953125,1.1328125,-0.205078125,-0.224609375
36699,1.064453125,1.318359375,-0.2734375,-0.380859375
36700,1.220703125,1.15234375,-0.263671875,-0.37109375
36701,1.25,1.181640625,-0.234375,-0.341796875
36702,1.298828125,1.181640625,-0.1953125,-0.341796875
36703,1.240234375,1.123046875,-0.244140625,-0.52734375
36704,1.357421875,1.083984375,-0.224609375,-0.390625
36705,1.220703125,1.259765625,-0.185546875,-0.33203125
36706,1.171875,1.09375,-0.17578125,-0.361328125
36707,1.259765625,1.142578125,-0.1953125,-0.458984375
36708,1.15234375,1.064453125,-0.2734375,-0.380859375
36709,1.240234375,1.123046875,-0.263671875,-0.341796875
36710,1.259765625,1.123046875,-0.107421875,-0.302734375
36711,1.15234375,1.123046875,-0.224609375,-0.33203125
36712,1.279296875,1.123046875,-0.205078125,-0.361328125
36713,1.19140625,1.103515625,-0.205078125,-0.263671875
36714,1.220703125,1.064453125,-0.302734375,-0.33203125
36715,1.220703125,1.103515625,-0.244140625,-0.33203125
36716,1.142578125,1.064453125,-0.1953125,-0.33203125
36717,1.171875,1.064453125,-0.224609375,-0.322265625
36718,1.171875,1.11328125,-0.234375,-0.244140625
36719,1.19140625,1.09375,-0.29296875,-0.361328125
36720,1.142578125,1.103515625,-0.234375,-0.3515625
36721,1.142578125,1.201171875,-0.146484375,-0.458984375
36722,1.142578125,1.103515625,-0.126953125,-0.41015625
36723,1.240234375,1.142578125,-0.09765625,-0.41015625
36724,1.240234375,1.083984375,-0.263671875,-0.390625
36725,1.11328125,1.123046875,-0.15625,-0.166015625
36726,1.1328125,1.07421875,-0.146484375,-0.41015625
36727,1.171875,0.91796875,-0.234375,-0.439453125
36728,1.23046875,1.044921875,-0.146484375,-0.44921875
36729,1.23046875,1.0546875,-0.224609375,-0.400390625
36730,1.23046875,1.1328125,-0.15625,-0.302734375
36731,1.240234375,1.09375,-0.087890625,-0.29296875
36732,1.23046875,1.044921875,-0.13671875,-0.244140625
36733,1.181640625,1.025390625,-0.107421875,-0.283203125
36734,1.11328125,1.025390625,-0.13671875,-0.361328125
36735,1.03515625,1.044921875,-0.146484375,-0.322265625
36736,1.220703125,0.99609375,-0.224609375,-0.29296875
36737,1.201171875,1.005859375,-0.15625,-0.224609375
36738,1.162109375,1.015625,-0.302734375,-0.3515625
36739,1.162109375,1.064453125,-0.244140625,-0.33203125
36740,1.171875,0.9765625,-0.1171875,-0.244140625
36741,1.15234375,0.986328125,-0.078125,-0.1953125
36742,1.181640625,0.986328125,-0.244140625,-0.25390625
36743,1.240234375,1.09375,-0.21484375,-0.2734375
36744,1.201171875,0.9765625,-0.146484375,-0.263671875
36745,1.15234375,1.103515625,-0.1953125,-0.283203125
36746,1.23046875,0.9765625,-0.224609375,-0.361328125
36747,1.30859375,1.07421875,-0.107421875,-0.419921875
36748,1.26953125,1.044921875,-0.1171875,-0.341796875
36749,1.220703125,1.15234375,-0.244140625,-0.4296875
36750,1.181640625,1.123046875,-0.263671875,-0.33203125
36751,1.1328125,1.044921875,-0.341796875,-0.263671875
36752,1.201171875,1.083984375,-0.283203125,-0.29296875
36753,1.181640625,1.083984375,-0.21484375,-0.234375
36754,1.171875,1.03515625,-0.166015625,-0.380859375
36755,1.259765625,0.95703125,-0.263671875,-0.263671875
36756,1.201171875,1.11328125,-0.2734375,-0.29296875
36757,1.181640625,1.11328125,-0.400390625,-0.33203125
36758,1.171875,1.181640625,-0.419921875,-0.3125
36759,1.15234375,1.11328125,-0.33203125,-0.13671875
36760,1.103515625,1.083984375,-0.3125,-0.302734375
36761,1.220703125,1.064453125,-0.29296875,-0.263671875
36762,1.181640625,1.07421875,-0.3515625,-0.166015625
36763,1.142578125,1.005859375,-0.33203125,-0.283203125
36764,1.201171875,1.09375,-0.205078125,-0.29296875
36765,1.26953125,1.142578125,-0.166015625,-0.3515625
36766,1.171875,1.083984375,-0.234375,-0.341796875
36767,1.171875,1.15234375,-0.205078125,-0.29296875
36768,1.15234375,1.09375,-0.146484375,-0.25390625
36769,1.15234375,1.142578125,-0.244140625,-0.29296875
36770,1.181640625,1.171875,-0.17578125,-0.419921875
36771,1.142578125,1.083984375,-0.244140625,-0.029296875
36772,1.23046875,1.07421875,-0.107421875,-0.224609375
36773,1.171875,0.869140625,-0.1171875,-0.25390625
36774,1.1328125,1.103515625,-0.2734375,-0.2734375
36775,1.1328125,1.142578125,-0.146484375,-0.25390625
36776,1.2109375,1.1328125,-0.302734375,-0.21484375
36777,1.171875,1.064453125,-0.25390625,-0.3515625
36778,1.30859375,1.123046875,-0.400390625,-0.21484375
36779,1.240234375,0.9765625,-0.390625,-0.29296875
36780,1.2890625,1.11328125,-0.25390625,-0.263671875
36781,1.15234375,1.09375,-0.224609375,-0.2734375
36782,1.171875,1.09375,-0.341796875,-0.302734375
36783,1.142578125,1.142578125,-0.2734375,-0.2734375
36784,1.259765625,1.142578125,-0.09765625,-0.2734375
36785,1.19140625,1.328125,-0.302734375,-0.25390625
36786,1.181640625,1.1328125,-0.25390625,-0.107421875
36787,1.26953125,1.1328125,-0.263671875,-0.33203125
36788,1.083984375,0.927734375,-0.3515625,-0.21484375
36789,1.259765625,1.0546875,-0.25390625,-0.166015625
36790,1.19140625,1.083984375,-0.341796875,-0.283203125
36791,1.298828125,1.083984375,-0.224609375,-0.25390625
36792,1.201171875,1.19140625,-0.3125,-0.263671875
36793,1.19140625,1.0546875,-0.3515625,-0.21484375
36794,1.2109375,1.005859375,-0.263671875,-0.126953125
36795,1.259765625,1.09375,-0.185546875,-0.302734375
36796,1.181640625,1.19140625,-0.21484375,-0.3515625
36797,1.26953125,1.171875,-0.37109375,-0.244140625
36798,1.19140625,1.162109375,-0.283203125,-0.25390625
36799,1.123046875,1.123046875,-0.166015625,-0.15625
36800,1.11328125,1.083984375,-0.17578125,-0.244140625
36801,1.11328125,1.03515625,-0.3515625,-0.21484375
36802,1.171875,1.19140625,-0.302734375,-0.224609375
36803,1.03515625,1.09375,-0.3515625,-0.244140625
36804,1.162109375,1.220703125,-0.37109375,-0.224609375
36805,1.0546875,1.2109375,-0.33203125,-0.234375
36806,1.25,1.123046875,-0.41015625,-0.234375
36807,1.142578125,1.0546875,-0.224609375,-0.380859375
36808,1.142578125,1.181640625,-0.400390625,-0.3125
36809,1.298828125,1.220703125,-0.2734375,-0.2734375
36810,1.279296875,1.181640625,-0.439453125,-0.166015625
36811,1.2890625,1.23046875,-0.37109375,-0.3125
36812,1.162109375,1.162109375,-0.517578125,-0.2734375
36813,1.181640625,1.240234375,-0.5078125,-0.25390625
36814,1.1328125,1.09375,-0.361328125,-0.146484375
36815,1.181640625,1.123046875,-0.3515625,-0.283203125
36816,1.19140625,1.09375,-0.29296875,-0.400390625
36817,1.25,1.09375,-0.46875,-0.1953125
36818,1.11328125,1.015625,-0.33203125,-0.3515625
36819,1.19140625,1.103515625,-0.33203125,-0.185546875
36820,1.201171875,1.025390625,-0.341796875,-0.1953125
36821,1.23046875,1.09375,-0.458984375,-0.29296875
36822,1.201171875,1.123046875,-0.302734375,-0.2734375
36823,1.279296875,1.044921875,-0.283203125,-0.25390625
36824,1.064453125,1.123046875,-0.322265625,-0.21484375
36825,1.1328125,1.103515625,-0.390625,-0.361328125
36826,1.201171875,1.083984375,-0.234375,-0.41015625
36827,1.15234375,1.083984375,-0.2734375,-0.302734375
36828,1.142578125,1.1328125,-0.25390625,-0.25390625
36829,1.103515625,1.103515625,-0.25390625,-0.283203125
36830,1.162109375,1.19140625,-0.166015625,-0.322265625
36831,1.171875,1.11328125,-0.29296875,-0.205078125
36832,1.083984375,1.11328125,-0.2734375,-0.224609375
36833,1.083984375,1.240234375,-0.205078125,-0.33203125
36834,1.142578125,1.123046875,-0.29296875,-0.205078125
36835,1.26953125,1.328125,-0.302734375,-0.380859375
36836,1.162109375,1.142578125,-0.234375,-0.2734375
36837,1.09375,1.103515625,-0.400390625,-0.234375
36838,1.220703125,1.220703125,-0.33203125,-0.234375
36839,1.2109375,1.19140625,-0.380859375,-0.1953125
36840,1.220703125,1.162109375,-0.361328125,-0.224609375
36841,1.220703125,1.044921875,-0.3125,-0.322265625
36842,1.2109375,1.171875,-0.25390625,-0.302734375
36843,1.279296875,1.11328125,-0.380859375,-0.2734375
36844,1.171875,1.142578125,-0.322265625,-0.400390625
36845,1.09375,1.11328125,-0.341796875,-0.185546875
36846,1.201171875,1.23046875,-0.2734375,-0.33203125
36847,1.15234375,1.064453125,-0.3125,-0.244140625
36848,1.19140625,1.0546875,-0.263671875,-0.29296875
36849,1.2109375,1.103515625,-0.25390625,-0.205078125
36850,1.201171875,1.142578125,-0.107421875,-0.234375
36851,1.26953125,1.03515625,-0.263671875,-0.224609375
36852,1.25,1.123046875,-0.41015625,-0.29296875
36853,1.19140625,1.162109375,-0.302734375,-0.13671875
36854,1.171875,1.03515625,-0.3125,-0.44921875
36855,1.2109375,1.123046875,-0.3515625,-0.244140625
36856,1.25,1.1328125,-0.166015625,-0.3515625
36857,1.19140625,0.9765625,-0.3515625,-0.205078125
36858,1.181640625,1.005859375,-0.390625,-0.322265625
36859,1.26953125,1.083984375,-0.380859375,-0.25390625
36860,1.171875,1.064453125,-0.322265625,-0.37109375
36861,1.181640625,1.103515625,-0.341796875,-0.17578125
36862,1.201171875,1.123046875,-0.29296875,-0.25390625
36863,1.259765625,1.15234375,-0.302734375,-0.25390625
36864,1.23046875,1.181640625,-0.224609375,-0.224609375
36865,1.279296875,1.142578125,-0.341796875,-0.3125
36866,1.220703125,1.07421875,-0.205078125,-0.205078125
36867,1.279296875,1.240234375,-0.341796875,-0.21484375
36868,1.220703125,1.23046875,-0.3125,-0.302734375
36869,1.181640625,1.044921875,-0.224609375,-0.3125
36870,1.19140625,1.19140625,-0.1953125,-0.17578125
36871,1.259765625,1.162109375,-0.33203125,-0.205078125
36872,1.142578125,1.142578125,-0.1953125,-0.17578125
36873,1.25,1.09375,-0.29296875,-0.29296875
36874,1.26953125,1.142578125,-0.29296875,-0.2734375
36875,1.279296875,1.083984375,-0.29296875,-0.263671875
36876,1.2109375,1.2890625,-0.29296875,-0.390625
36877,1.15234375,1.181640625,-0.166015625,-0.3515625
36878,1.2109375,1.09375,-0.361328125,-0.283203125
36879,1.15234375,1.005859375,-0.29296875,-0.302734375
36880,1.23046875,1.171875,-0.341796875,-0.3125
36881,1.30859375,1.11328125,-0.205078125,-0.341796875
36882,1.240234375,1.2109375,-0.302734375,-0.37109375
36883,1.220703125,1.025390625,-0.3125,-0.361328125
36884,1.240234375,1.03515625,-0.224609375,-0.361328125
36885,1.279296875,1.064453125,-0.29296875,-0.29296875
36886,1.25,1.09375,-0.29296875,-0.390625
36887,1.240234375,1.19140625,-0.302734375,-0.1953125
36888,1.30859375,1.220703125,-0.4296875,-0.205078125
36889,1.2109375,1.181640625,-0.322265625,-0.107421875
36890,1.11328125,1.09375,-0.21484375,-0.224609375
36891,1.26953125,1.123046875,-0.29296875,-0.302734375
36892,1.259765625,1.240234375,-0.400390625,-0.3125
36893,1.25,1.1328125,-0.2734375,-0.068359375
36894,1.220703125,1.162109375,-0.322265625,-0.322265625
36895,1.2109375,1.298828125,-0.341796875,-0.3125
36896,1.181640625,1.201171875,-0.380859375,-0.29296875
36897,1.240234375,1.1328125,-0.390625,-0.224609375
36898,1.240234375,1.357421875,-0.380859375,-0.283203125
36899,1.162109375,1.09375,-0.3515625,-0.244140625
36900,1.123046875,1.142578125,-0.322265625,-0.25390625
36901,1.220703125,1.181640625,-0.341796875,-0.2734375
36902,1.123046875,1.240234375,-0.3515625,-0.322265625
36903,1.142578125,1.201171875,-0.380859375,-0.3125
36904,1.240234375,1.240234375,-0.322265625,-0.224609375
36905,1.15234375,1.171875,-0.234375,-0.33203125
36906,1.015625,1.11328125,-0.107421875,-0.3125
36907,1.30859375,1.2109375,-0.1171875,-0.341796875
36908,1.142578125,1.220703125,-0.21484375,-0.205078125
36909,1.11328125,1.2109375,-0.2734375,-0.185546875
36910,1.19140625,1.15234375,-0.3125,-0.283203125
36911,1.162109375,1.1328125,-0.244140625,-0.3515625
36912,1.11328125,1.171875,-0.2734375,-0.283203125
36913,1.171875,1.19140625,-0.361328125,-0.234375
36914,1.2109375,1.259765625,-0.3125,-0.25390625
36915,1.181640625,1.25,-0.15625,-0.341796875
36916,1.201171875,1.09375,-0.107421875,-0.25390625
36917,1.142578125,1.171875,-0.3125,-0.322265625
36918,1.11328125,1.1328125,-0.21484375,-0.3125
36919,1.181640625,1.240234375,-0.234375,-0.41015625
36920,1.201171875,1.15234375,-0.185546875,-0.322265625
36921,1.11328125,1.142578125,-0.21484375,-0.341796875
36922,1.083984375,1.25,-0.25390625,-0.3125
36923,1.162109375,1.11328125,-0.224609375,-0.244140625
36924,1.11328125,1.09375,-0.263671875,-0.419921875
36925,1.171875,1.123046875,-0.224609375,-0.33203125
36926,1.162109375,1.15234375,-0.361328125,-0.283203125
36927,1.201171875,1.181640625,-0.244140625,-0.1953125
36928,1.162109375,1.162109375,-0.185546875,-0.33203125
36929,1.15234375,1.2109375,-0.3125,-0.3515625
36930,1.083984375,1.2109375,-0.3515625,-0.48828125
36931,1.201171875,1.259765625,-0.234375,-0.3125
36932,1.19140625,1.15234375,-0.380859375,-0.25390625
36933,1.220703125,1.26953125,-0.361328125,-0.400390625
36934,1.181640625,1.103515625,-0.2734375,-0.419921875
36935,1.181640625,1.26953125,-0.41015625,-0.3125
36936,1.1328125,1.162109375,-0.3515625,-0.283203125
36937,1.162109375,1.201171875,-0.33203125,-0.3515625
36938,1.15234375,1.181640625,-0.41015625,-0.390625
36939,1.07421875,1.2109375,-0.341796875,-0.283203125
36940,1.220703125,1.25,-0.3515625,-0.341796875
36941,1.0546875,1.2109375,-0.400390625,-0.322265625
36942,1.171875,1.26953125,-0.341796875,-0.3125
36943,1.19140625,1.220703125,-0.205078125,-0.37109375
36944,1.19140625,1.201171875,-0.29296875,-0.380859375
36945,1.11328125,1.181640625,-0.224609375,-0.13671875
36946,1.103515625,1.19140625,-0.283203125,-0.3125
36947,1.15234375,1.142578125,-0.244140625,-0.5078125
36948,1.11328125,1.25,-0.25390625,-0.25390625
36949,1.15234375,1.201171875,-0.2734375,-0.25390625
36950,1.2109375,1.26953125,-0.3125,-0.2734375
36951,1.30859375,1.279296875,-0.283203125,-0.341796875
36952,1.19140625,1.279296875,-0.29296875,-0.33203125
36953,1.1328125,1.26953125,-0.224609375,-0.48828125
36954,1.30859375,1.220703125,-0.244140625,-0.29296875
36955,1.19140625,1.220703125,-0.185546875,-0.390625
36956,1.19140625,1.123046875,-0.29296875,-0.37109375
36957,1.240234375,1.064453125,-0.263671875,-0.361328125
36958,1.259765625,1.240234375,-0.185546875,-0.419921875
36959,1.201171875,1.2890625,-0.33203125,-0.4296875
36960,1.181640625,1.259765625,-0.361328125,-0.44921875
36961,1.220703125,1.1328125,-0.234375,-0.37109375
36962,1.19140625,1.2109375,-0.341796875,-0.341796875
36963,1.181640625,1.142578125,-0.302734375,-0.37109375
36964,1.171875,1.142578125,-0.205078125,-0.419921875
36965,1.103515625,1.259765625,-0.341796875,-0.400390625
36966,1.07421875,1.181640625,-0.302734375,-0.4296875
36967,1.25,1.181640625,-0.33203125,-0.4296875
36968,1.171875,1.23046875,-0.21484375,-0.458984375
36969,1.23046875,1.26953125,-0.263671875,-0.361328125
36970,1.19140625,1.19140625,-0.21484375,-0.5078125
36971,1.142578125,1.25,-0.302734375,-0.380859375
36972,1.083984375,1.03515625,-0.380859375,-0.37109375
36973,1.19140625,1.259765625,-0.341796875,-0.400390625
36974,1.171875,1.181640625,-0.146484375,-0.283203125
36975,1.11328125,1.19140625,-0.21484375,-0.439453125
36976,1.064453125,1.201171875,-0.2734375,-0.41015625
36977,1.201171875,1.1328125,-0.244140625,-0.33203125
36978,1.25,1.15234375,-0.244140625,-0.21484375
36979,1.23046875,1.220703125,-0.283203125,-0.439453125
36980,1.34765625,1.416015625,-0.244140625,-0.380859375
36981,1.162109375,1.103515625,-0.25390625,-0.2734375
36982,1.298828125,1.171875,-0.21484375,-0.29296875
36983,1.328125,1.171875,-0.15625,-0.263671875
36984,1.25,1.298828125,-0.2734375,-0.33203125
36985,1.19140625,1.162109375,-0.322265625,-0.400390625
36986,1.171875,1.044921875,-0.244140625,-0.3515625
36987,1.240234375,1.201171875,-0.15625,-0.3125
36988,1.103515625,1.201171875,-0.3125,-0.283203125
36989,1.2109375,1.2109375,-0.3125,-0.3515625
36990,1.23046875,1.23046875,-0.2734375,-0.361328125
36991,1.162109375,1.142578125,-0.361328125,-0.224609375
36992,1.19140625,1.201171875,-0.166015625,-0.41015625
36993,1.19140625,1.03515625,-0.244140625,-0.3125
36994,1.1328125,1.1328125,-0.244140625,-0.5078125
36995,1.171875,1.15234375,-0.361328125,-0.361328125
36996,1.220703125,1.103515625,-0.126953125,-0.3515625
36997,1.201171875,1.171875,-0.25390625,-0.46875
36998,1.083984375,1.07421875,-0.2734375,-0.52734375
36999,1.2109375,1.19140625,-0.46875,-0.439453125
37000,1.2109375,1.19140625,-0.283203125,-0.400390625
37001,1.279296875,1.171875,-0.166015625,-0.400390625
37002,1.201171875,1.123046875,-0.29296875,-0.380859375
37003,1.005859375,1.07421875,-0.244140625,-0.21484375
37004,1.181640625,1.142578125,-0.234375,-0.3125
37005,1.083984375,1.201171875,-0.21484375,-0.322265625
37006,1.240234375,1.064453125,-0.3515625,-0.29296875
37007,1.2109375,1.2109375,-0.224609375,-0.283203125
37008,1.103515625,1.171875,-0.244140625,-0.3515625
37009,1.123046875,1.181640625,-0.234375,-0.322265625
37010,1.11328125,1.181640625,-0.15625,-0.390625
37011,1.11328125,1.103515625,-0.244140625,-0.4296875
37012,1.09375,1.15234375,-0.244140625,-0.537109375
37013,1.064453125,1.181640625,-0.234375,-0.48828125
37014,1.11328125,1.201171875,-0.15625,-0.5078125
37015,1.11328125,1.162109375,-0.25390625,-0.390625
37016,1.09375,1.181640625,-0.263671875,-0.537109375
37017,1.103515625,1.103515625,-0.107421875,-0.478515625
37018,1.03515625,1.201171875,-0.166015625,-0.46875
37019,1.11328125,1.19140625,-0.15625,-0.380859375
37020,1.259765625,1.005859375,-0.37109375,-0.419921875
37021,1.23046875,1.1328125,-0.224609375,-0.5859375
37022,1.1328125,1.181640625,-0.322265625,-0.419921875
37023,1.142578125,1.171875,-0.068359375,-0.3515625
37024,1.171875,1.1328125,-0.21484375,-0.4296875
37025,1.03515625,1.044921875,-0.146484375,-0.380859375
37026,1.142578125,1.181640625,-0.3125,-0.419921875
37027,1.123046875,1.07421875,-0.29296875,-0.302734375
37028,1.171875,1.162109375,-0.146484375,-0.4296875
37029,1.19140625,1.162109375,-0.234375,-0.361328125
37030,1.15234375,1.064453125,-0.2734375,-0.52734375
37031,1.201171875,1.1328125,-0.25390625,-0.322265625
37032,1.1328125,1.181640625,-0.263671875,-0.419921875
37033,1.07421875,1.0546875,-0.205078125,-0.41015625
37034,1.09375,1.15234375,-0.302734375,-0.390625
37035,0.986328125,1.162109375,-0.224609375,-0.458984375
37036,1.123046875,1.123046875,-0.3515625,-0.37109375
37037,1.103515625,1.123046875,-0.13671875,-0.41015625
37038,1.103515625,1.181640625,-0.078125,-0.46875
37039,1.1328125,1.19140625,-0.25390625,-0.517578125
37040,1.03515625,1.123046875,-0.263671875,-0.654296875
37041,1.025390625,1.19140625,-0.13671875,-0.4296875
37042,1.044921875,1.11328125,-0.263671875,-0.41015625
37043,1.220703125,1.171875,-0.341796875,-0.44921875
37044,1.064453125,1.044921875,-0.25390625,-0.5078125
37045,1.123046875,1.0546875,-0.29296875,-0.390625
37046,1.162109375,1.181640625,-0.3125,-0.380859375
37047,1.083984375,1.1328125,-0.361328125,-0.478515625
37048,1.162109375,1.15234375,-0.48828125,-0.654296875
37049,1.279296875,1.181640625,-0.263671875,-0.185546875
37050,1.15234375,1.064453125,-0.322265625,-0.458984375
37051,1.1328125,1.11328125,-0.224609375,-0.439453125
37052,1.15234375,1.15234375,-0.361328125,-0.361328125
37053,1.11328125,1.181640625,-0.283203125,-0.390625
37054,1.23046875,1.171875,-0.166015625,-0.341796875
37055,1.142578125,1.103515625,-0.185546875,-0.3515625
37056,1.2890625,1.064453125,-0.13671875,-0.361328125
37057,1.1328125,0.986328125,-0.1953125,-0.458984375
37058,1.201171875,1.11328125,-0.05859375,-0.302734375
37059,1.181640625,1.240234375,-0.205078125,-0.29296875
37060,1.171875,1.064453125,-0.185546875,-0.400390625
37061,1.220703125,1.162109375,-0.166015625,-0.361328125
37062,1.19140625,1.083984375,-0.25390625,-0.302734375
37063,1.162109375,1.2109375,-0.224609375,-0.439453125
37064,1.19140625,1.11328125,-0.15625,-0.21484375
37065,1.181640625,1.19140625,-0.087890625,-0.341796875
37066,1.19140625,1.103515625,-0.29296875,-0.3515625
37067,1.181640625,1.09375,-0.1953125,-0.41015625
37068,1.240234375,1.07421875,-0.33203125,-0.419921875
37069,1.19140625,1.103515625,-0.283203125,-0.400390625
37070,1.357421875,1.181640625,-0.283203125,-0.595703125
37071,1.220703125,1.07421875,-0.263671875,-0.380859375
37072,1.171875,1.171875,-0.29296875,-0.44921875
37073,1.162109375,1.19140625,-0.3125,-0.41015625
37074,1.201171875,1.103515625,-0.322265625,-0.4296875
37075,1.2109375,1.123046875,-0.263671875,-0.380859375
37076,1.2109375,1.1328125,-0.341796875,-0.3125
37077,1.201171875,1.103515625,-0.234375,-0.41015625
37078,1.103515625,1.1328125,-0.25390625,-0.3515625
37079,1.142578125,1.123046875,-0.1953125,-0.400390625
37080,1.220703125,1.162109375,-0.244140625,-0.390625
37081,1.19140625,1.240234375,-0.21484375,-0.5078125
37082,1.2109375,1.11328125,-0.2734375,-0.4296875
37083,1.171875,1.07421875,-0.146484375,-0.37109375
37084,1.15234375,1.1328125,-0.29296875,-0.37109375
37085,1.15234375,1.23046875,-0.21484375,-0.341796875
37086,1.15234375,1.11328125,-0.185546875,-0.380859375
37087,1.162109375,1.123046875,-0.224609375,-0.263671875
37088,1.19140625,1.064453125,-0.17578125,-0.3125
37089,1.201171875,1.162109375,-0.244140625,-0.48828125
37090,1.23046875,1.142578125,-0.263671875,-0.4296875
37091,1.142578125,1.03515625,-0.283203125,-0.263671875
37092,1.171875,1.19140625,-0.1953125,-0.37109375
37093,1.220703125,1.015625,-0.205078125,-0.390625
37094,1.162109375,1.0546875,-0.2734375,-0.234375
37095,1.15234375,1.0546875,-0.25390625,-0.361328125
37096,1.220703125,1.083984375,-0.078125,-0.380859375
37097,1.23046875,1.181640625,-0.2734375,-0.3515625
37098,1.220703125,1.064453125,-0.185546875,-0.478515625
37099,1.19140625,1.07421875,-0.17578125,-0.419921875
37100,1.259765625,1.064453125,-0.29296875,-0.46875
37101,1.2890625,1.005859375,-0.146484375,-0.400390625
37102,1.201171875,1.015625,-0.126953125,-0.341796875
37103,1.259765625,1.103515625,-0.25390625,-0.380859375
37104,1.142578125,1.103515625,-0.224609375,-0.361328125
37105,1.416015625,1.181640625,-0.166015625,-0.322265625
37106,1.34765625,1.103515625,-0.224609375,-0.3125
37107,1.181640625,1.005859375,-0.283203125,-0.322265625
37108,1.26953125,1.005859375,-0.341796875,-0.341796875
37109,1.2890625,1.044921875,-0.17578125,-0.361328125
37110,1.19140625,1.103515625,-0.302734375,-0.21484375
37111,1.23046875,1.1328125,-0.09765625,-0.3515625
37112,1.298828125,1.07421875,-0.283203125,-0.400390625
37113,1.3671875,1.015625,-0.205078125,-0.390625
37114,1.376953125,0.966796875,-0.185546875,-0.390625
37115,1.19140625,1.15234375,-0.205078125,-0.33203125
37116,1.2109375,1.1328125,-0.17578125,-0.458984375
37117,1.2890625,1.015625,-0.15625,-0.390625
37118,1.240234375,0.99609375,-0.17578125,-0.37109375
37119,1.25,1.162109375,-0.263671875,-0.439453125
37120,1.15234375,1.03515625,-0.17578125,-0.3515625
37121,1.181640625,1.083984375,-0.283203125,-0.380859375
37122,1.142578125,1.1328125,-0.09765625,-0.37109375
37123,1.005859375,1.15234375,-0.146484375,-0.33203125
37124,1.15234375,1.25,-0.13671875,-0.44921875
37125,1.142578125,1.23046875,-0.205078125,-0.537109375
37126,1.201171875,1.162109375,-0.146484375,-0.341796875
37127,1.162109375,1.201171875,-0.166015625,-0.3515625
37128,1.279296875,1.123046875,-0.224609375,-0.400390625
37129,1.26953125,1.103515625,-0.234375,-0.37109375
37130,1.220703125,1.23046875,-0.224609375,-0.37109375
37131,1.220703125,1.09375,-0.2734375,-0.13671875
37132,1.240234375,1.15234375,-0.1953125,-0.4296875
37133,1.259765625,1.201171875,-0.224609375,-0.37109375
37134,1.2890625,1.15234375,-0.224609375,-0.390625
37135,1.328125,1.2109375,-0.1953125,-0.44921875
37136,1.26953125,1.201171875,-0.361328125,-0.390625
37137,1.2890625,1.162109375,-0.126953125,-0.2734375
37138,1.201171875,0.99609375,-0.302734375,-0.390625
37139,1.25,1.171875,-0.322265625,-0.390625
37140,1.2109375,1.1328125,-0.205078125,-0.302734375
37141,1.25,1.220703125,-0.283203125,-0.390625
37142,1.23046875,0.99609375,-0.146484375,-0.3125
37143,1.25,1.1328125,-0.1953125,-0.3515625
37144,1.279296875,1.044921875,-0.224609375,-0.37109375
37145,1.162109375,1.25,-0.1953125,-0.224609375
37146,1.09375,1.025390625,-0.244140625,-0.380859375
37147,1.162109375,1.09375,-0.1953125,-0.322265625
37148,1.083984375,1.09375,-0.390625,-0.37109375
37149,1.2109375,1.123046875,-0.2734375,-0.3515625
37150,1.30859375,1.201171875,-0.234375,-0.341796875
37151,1.162109375,0.947265625,-0.1171875,-0.556640625
37152,1.171875,1.064453125,-0.1953125,-0.341796875
37153,1.015625,1.142578125,-0.17578125,-0.4296875
37154,1.19140625,1.123046875,-0.166015625,-0.419921875
37155,1.220703125,1.103515625,-0.263671875,-0.400390625
37156,1.181640625,1.083984375,-0.244140625,-0.37109375
37157,1.279296875,1.15234375,-0.13671875,-0.41015625
37158,1.201171875,0.99609375,-0.126953125,-0.361328125
37159,1.181640625,1.1328125,-0.2734375,-0.498046875
37160,1.2109375,1.005859375,-0.15625,-0.44921875
37161,1.2109375,1.11328125,-0.17578125,-0.44921875
37162,1.142578125,1.142578125,-0.21484375,-0.380859375
37163,1.171875,1.064453125,-0.234375,-0.380859375
37164,1.142578125,1.171875,-0.166015625,-0.4296875
37165,1.142578125,1.03515625,-0.25390625,-0.458984375
37166,1.19140625,0.927734375,-0.302734375,-0.37109375
37167,1.2890625,0.947265625,-0.341796875,-0.29296875
37168,1.240234375,1.09375,-0.166015625,-0.2734375
37169,1.3671875,1.03515625,-0.205078125,-0.205078125
37170,1.25,1.201171875,-0.25390625,-0.3515625
37171,1.201171875,1.0546875,-0.322265625,-0.33203125
37172,1.259765625,1.044921875,-0.185546875,-0.380859375
37173,1.19140625,1.123046875,-0.15625,-0.263671875
37174,1.103515625,1.09375,-0.185546875,-0.263671875
37175,1.1328125,1.03515625,-0.1953125,-0.283203125
37176,1.171875,0.9765625,-0.341796875,-0.400390625
37177,1.171875,1.044921875,-0.205078125,-0.283203125
37178,1.142578125,1.09375,-0.283203125,-0.41015625
37179,1.201171875,1.064453125,-0.263671875,-0.322265625
37180,1.298828125,1.1328125,-0.263671875,-0.283203125
37181,1.201171875,1.07421875,-0.283203125,-0.2734375
37182,1.201171875,1.123046875,-0.341796875,-0.361328125
37183,1.220703125,1.11328125,-0.224609375,-0.419921875
37184,1.11328125,1.181640625,-0.21484375,-0.302734375
37185,1.083984375,1.123046875,-0.29296875,-0.263671875
37186,1.240234375,1.064453125,-0.341796875,-0.302734375
37187,0.986328125,1.171875,-0.224609375,-0.33203125
37188,1.15234375,1.044921875,-0.21484375,-0.361328125
37189,0.986328125,1.025390625,-0.25390625,-0.380859375
37190,1.201171875,1.03515625,-0.1953125,-0.341796875
37191,1.181640625,1.15234375,-0.21484375,-0.263671875
37192,1.11328125,1.09375,-0.263671875,-0.322265625
37193,1.103515625,1.103515625,-0.166015625,-0.2734375
37194,1.142578125,1.0546875,-0.234375,-0.37109375
37195,1.162109375,1.044921875,-0.17578125,-0.322265625
37196,1.103515625,1.103515625,-0.205078125,-0.2734375
37197,1.2109375,1.064453125,-0.166015625,-0.263671875
37198,1.1328125,1.23046875,-0.21484375,-0.302734375
37199,1.34765625,1.044921875,-0.1953125,-0.2734375
37200,1.15234375,1.044921875,-0.21484375,-0.283203125
37201,1.19140625,1.07421875,-0.17578125,-0.322265625
37202,1.162109375,1.064453125,-0.3125,-0.3515625
37203,1.201171875,1.03515625,-0.29296875,-0.25390625
37204,1.15234375,1.064453125,-0.322265625,-0.244140625
37205,1.220703125,1.07421875,-0.146484375,-0.1953125
37206,1.142578125,1.083984375,-0.17578125,-0.205078125
37207,1.25,1.11328125,-0.1953125,-0.17578125
37208,1.240234375,1.11328125,-0.29296875,-0.244140625
37209,1.220703125,1.005859375,-0.205078125,-0.3125
37210,1.15234375,1.07421875,-0.2734375,-0.224609375
37211,1.171875,1.1328125,-0.17578125,-0.185546875
37212,1.2109375,1.23046875,-0.29296875,-0.302734375
37213,1.30859375,1.1328125,-0.3125,-0.21484375
37214,1.181640625,1.083984375,-0.25390625,-0.322265625
37215,1.15234375,1.083984375,-0.361328125,-0.341796875
37216,1.181640625,1.171875,-0.21484375,-0.283203125
37217,1.044921875,1.103515625,-0.25390625,-0.224609375
37218,1.1328125,1.015625,-0.283203125,-0.1953125
37219,1.23046875,0.966796875,-0.283203125,-0.2734375
37220,1.09375,1.07421875,-0.322265625,-0.400390625
37221,1.240234375,1.044921875,-0.15625,-0.302734375
37222,1.240234375,1.11328125,-0.33203125,-0.29296875
37223,1.2109375,1.103515625,-0.224609375,-0.224609375
37224,1.162109375,1.044921875,-0.400390625,-0.17578125
37225,1.201171875,1.123046875,-0.3515625,-0.361328125
37226,1.064453125,1.044921875,-0.322265625,-0.263671875
37227,1.15234375,1.171875,-0.29296875,-0.2734375
37228,1.220703125,1.19140625,-0.283203125,-0.15625
37229,1.181640625,1.0546875,-0.15625,-0.1953125
37230,1.09375,1.240234375,-0.068359375,-0.21484375
37231,1.142578125,1.142578125,-0.322265625,-0.224609375
37232,1.279296875,1.09375,-0.263671875,-0.146484375
37233,1.23046875,1.07421875,-0.21484375,-0.283203125
37234,1.25,1.162109375,-0.341796875,-0.361328125
37235,1.240234375,1.123046875,-0.46875,-0.283203125
37236,1.103515625,1.23046875,-0.5078125,-0.2734375
37237,1.142578125,1.083984375,-0.498046875,-0.322265625
37238,1.123046875,1.11328125,-0.390625,-0.263671875
37239,1.15234375,1.26953125,-0.37109375,-0.263671875
37240,1.11328125,1.15234375,-0.390625,-0.33203125
37241,1.181640625,1.171875,-0.41015625,-0.263671875
37242,1.103515625,1.123046875,-0.546875,-0.2734375
37243,1.201171875,1.23046875,-0.5078125,-0.3125
37244,1.11328125,1.1328125,-0.400390625,-0.341796875
37245,1.142578125,1.07421875,-0.41015625,-0.341796875
37246,1.1328125,1.181640625,-0.419921875,-0.263671875
37247,1.171875,1.103515625,-0.400390625,-0.3125
37248,1.2109375,0.9765625,-0.263671875,-0.2734375
37249,1.171875,1.123046875,-0.302734375,-0.244140625
37250,1.240234375,1.083984375,-0.390625,-0.302734375
37251,1.15234375,1.11328125,-0.33203125,-0.205078125
37252,1.15234375,1.09375,-0.390625,-0.302734375
37253,1.162109375,1.09375,-0.29296875,-0.29296875
37254,1.38671875,1.123046875,-0.341796875,-0.234375
37255,1.162109375,1.103515625,-0.341796875,-0.17578125
37256,1.2109375,1.07421875,-0.322265625,-0.33203125
37257,1.181640625,1.083984375,-0.380859375,-0.224609375
37258,1.201171875,1.123046875,-0.380859375,-0.2734375
37259,1.240234375,1.0546875,-0.3125,-0.33203125
37260,1.181640625,1.025390625,-0.33203125,-0.234375
37261,1.2109375,1.07421875,-0.37109375,-0.283203125
37262,1.2890625,1.044921875,-0.322265625,-0.361328125
37263,1.11328125,1.171875,-0.244140625,-0.302734375
37264,1.162109375,1.0546875,-0.322265625,-0.3125
37265,1.171875,1.19140625,-0.29296875,-0.390625
37266,1.09375,1.11328125,-0.419921875,-0.283203125
37267,1.181640625,0.95703125,-0.21484375,-0.224609375
37268,1.171875,1.181640625,-0.322265625,-0.1953125
37269,1.025390625,1.171875,-0.341796875,-0.244140625
37270,1.298828125,1.298828125,-0.4296875,-0.302734375
37271,1.09375,1.064453125,-0.33203125,-0.13671875
37272,1.2109375,1.123046875,-0.263671875,-0.2734375
37273,1.220703125,1.083984375,-0.4296875,-0.380859375
37274,1.23046875,1.2109375,-0.283203125,-0.29296875
37275,1.2109375,1.2109375,-0.263671875,-0.244140625
37276,1.2890625,1.103515625,-0.37109375,-0.263671875
37277,1.201171875,1.07421875,-0.25390625,-0.302734375
37278,1.2109375,1.064453125,-0.341796875,-0.283203125
37279,1.34765625,1.0546875,-0.283203125,-0.234375
37280,1.2109375,1.123046875,-0.361328125,-0.205078125
37281,1.2890625,1.123046875,-0.21484375,-0.25390625
37282,1.416015625,1.1328125,-0.25390625,-0.205078125
37283,1.26953125,1.2109375,-0.21484375,-0.224609375
37284,1.240234375,1.11328125,-0.234375,-0.15625
37285,1.279296875,1.1328125,-0.185546875,-0.322265625
37286,1.25,1.015625,-0.2734375,-0.1171875
37287,1.2109375,1.07421875,-0.234375,-0.224609375
37288,1.259765625,1.044921875,-0.244140625,-0.205078125
37289,1.23046875,1.42578125,-0.33203125,-0.322265625
37290,1.26953125,1.09375,-0.17578125,-0.166015625
37291,1.279296875,0.947265625,-0.41015625,-0.2734375
37292,1.220703125,1.083984375,-0.302734375,-0.087890625
37293,1.1328125,1.142578125,-0.29296875,-0.205078125
37294,1.279296875,1.064453125,-0.419921875,-0.185546875
37295,1.240234375,1.0546875,-0.341796875,-0.21484375
37296,1.26953125,1.103515625,-0.3515625,-0.390625
37297,1.23046875,1.103515625,-0.29296875,-0.185546875
37298,1.30859375,1.1328125,-0.33203125,-0.341796875
37299,1.318359375,1.09375,-0.244140625,-0.263671875
37300,1.259765625,1.103515625,-0.341796875,-0.1953125
37301,1.259765625,1.181640625,-0.13671875,-0.322265625
37302,1.23046875,1.09375,-0.3515625,-0.21484375
37303,1.328125,1.181640625,-0.29296875,-0.244140625
37304,1.240234375,1.11328125,-0.244140625,-0.2734375
37305,1.25,1.1328125,-0.283203125,-0.380859375
37306,1.142578125,1.142578125,-0.263671875,-0.29296875
37307,1.30859375,1.015625,-0.25390625,-0.380859375
37308,1.34765625,1.064453125,-0.29296875,-0.33203125
37309,1.19140625,1.025390625,-0.400390625,-0.3515625
37310,1.181640625,1.23046875,-0.25390625,-0.361328125
37311,1.25,1.083984375,-0.341796875,-0.263671875
37312,1.240234375,1.03515625,-0.33203125,-0.390625
37313,1.279296875,1.064453125,-0.21484375,-0.263671875
37314,1.23046875,1.083984375,-0.244140625,-0.283203125
37315,1.162109375,1.15234375,-0.283203125,-0.302734375
37316,1.25,1.123046875,-0.244140625,-0.361328125
37317,1.220703125,1.11328125,-0.283203125,-0.419921875
37318,1.25,1.201171875,-0.3125,-0.322265625
37319,1.142578125,1.064453125,-0.3125,-0.29296875
37320,1.26953125,1.279296875,-0.41015625,-0.458984375
37321,1.162109375,1.23046875,-0.419921875,-0.341796875
37322,1.220703125,1.142578125,-0.283203125,-0.29296875
37323,1.26953125,1.26953125,-0.341796875,-0.41015625
37324,1.34765625,1.171875,-0.29296875,-0.283203125
37325,1.181640625,1.005859375,-0.302734375,-0.263671875
37326,1.171875,1.15234375,-0.302734375,-0.390625
37327,1.416015625,1.201171875,-0.361328125,-0.244140625
37328,1.259765625,1.240234375,-0.283203125,-0.25390625
37329,1.220703125,1.259765625,-0.41015625,-0.380859375
37330,1.240234375,1.201171875,-0.3515625,-0.29296875
37331,1.328125,1.07421875,-0.224609375,-0.2734375
37332,1.220703125,1.142578125,-0.3125,-0.302734375
37333,1.201171875,1.09375,-0.17578125,-0.37109375
37334,1.220703125,1.2109375,-0.41015625,-0.263671875
37335,1.25,1.171875,-0.224609375,-0.234375
37336,1.23046875,1.171875,-0.205078125,-0.2734375
37337,1.337890625,1.328125,-0.29296875,-0.302734375
37338,1.162109375,1.171875,-0.390625,-0.3515625
37339,1.11328125,1.23046875,-0.2734375,-0.3515625
37340,1.162109375,1.220703125,-0.361328125,-0.322265625
37341,1.2109375,1.11328125,-0.244140625,-0.33203125
37342,1.23046875,1.201171875,-0.3515625,-0.302734375
37343,1.15234375,1.142578125,-0.126953125,-0.263671875
37344,1.201171875,1.064453125,-0.302734375,-0.25390625
37345,1.26953125,1.259765625,-0.263671875,-0.361328125
37346,1.26953125,1.15234375,-0.17578125,-0.33203125
37347,1.259765625,1.162109375,-0.185546875,-0.361328125
37348,1.2109375,1.240234375,-0.234375,-0.380859375
37349,1.1328125,1.318359375,-0.25390625,-0.361328125
37350,1.171875,1.201171875,-0.283203125,-0.498046875
37351,1.09375,1.171875,-0.400390625,-0.283203125
37352,1.142578125,1.162109375,-0.29296875,-0.302734375
37353,1.123046875,1.09375,-0.185546875,-0.341796875
37354,1.123046875,1.23046875,-0.263671875,-0.380859375
37355,1.26953125,1.220703125,-0.166015625,-0.283203125
37356,1.11328125,1.19140625,-0.29296875,-0.361328125
37357,1.201171875,1.15234375,-0.2734375,-0.3515625
37358,1.19140625,1.09375,-0.302734375,-0.37109375
37359,1.171875,1.15234375,-0.390625,-0.3125
37360,1.1328125,1.171875,-0.244140625,-0.361328125
37361,1.220703125,1.240234375,-0.29296875,-0.3515625
37362,1.123046875,1.201171875,-0.390625,-0.380859375
37363,1.07421875,1.181640625,-0.263671875,-0.341796875
37364,1.19140625,1.19140625,-0.33203125,-0.33203125
37365,1.123046875,1.240234375,-0.3125,-0.361328125
37366,1.044921875,1.15234375,-0.400390625,-0.380859375
37367,1.044921875,1.2109375,-0.185546875,-0.37109375
37368,1.2109375,1.259765625,-0.205078125,-0.3515625
37369,1.19140625,1.15234375,-0.3125,-0.380859375
37370,1.23046875,1.181640625,-0.37109375,-0.41015625
37371,1.201171875,1.181640625,-0.244140625,-0.380859375
37372,1.19140625,1.220703125,-0.390625,-0.29296875
37373,1.19140625,1.318359375,-0.341796875,-0.302734375
37374,1.181640625,1.220703125,-0.2734375,-0.361328125
37375,1.083984375,1.259765625,-0.263671875,-0.361328125
37376,1.162109375,1.23046875,-0.146484375,-0.25390625
37377,1.142578125,1.259765625,-0.234375,-0.400390625
37378,1.240234375,1.259765625,-0.25390625,-0.29296875
37379,1.1328125,1.220703125,-0.2734375,-0.37109375
37380,1.259765625,1.19140625,-0.25390625,-0.4296875
37381,1.162109375,1.25,-0.2734375,-0.3515625
37382,1.25,1.2109375,-0.380859375,-0.341796875
37383,1.11328125,1.064453125,-0.21484375,-0.4296875
37384,1.123046875,1.25,-0.1953125,-0.185546875
37385,1.15234375,1.15234375,-0.2734375,-0.341796875
37386,1.220703125,1.23046875,-0.33203125,-0.4296875
37387,1.09375,1.19140625,-0.224609375,-0.5078125
37388,1.19140625,1.083984375,-0.283203125,-0.341796875
37389,1.19140625,1.318359375,-0.2734375,-0.458984375
37390,1.298828125,1.09375,-0.322265625,-0.390625
37391,1.26953125,1.171875,-0.263671875,-0.44921875
37392,1.07421875,1.23046875,-0.146484375,-0.419921875
37393,1.1328125,1.23046875,-0.302734375,-0.478515625
37394,1.15234375,1.2890625,-0.244140625,-0.419921875
37395,1.083984375,1.23046875,-0.33203125,-0.33203125
37396,1.19140625,1.15234375,-0.29296875,-0.361328125
37397,1.064453125,1.19140625,-0.302734375,-0.400390625
37398,1.19140625,1.162109375,-0.224609375,-0.44921875
37399,1.025390625,1.123046875,-0.33203125,-0.654296875
37400,1.181640625,1.19140625,-0.244140625,-0.439453125
37401,1.044921875,1.38671875,-0.224609375,-0.419921875
37402,1.123046875,1.19140625,-0.087890625,-0.41015625
37403,1.11328125,1.240234375,-0.3515625,-0.380859375
37404,1.03515625,1.0546875,-0.244140625,-0.3515625
37405,1.123046875,1.19140625,-0.244140625,-0.41015625
37406,1.142578125,1.09375,-0.29296875,-0.380859375
37407,1.103515625,1.19140625,-0.341796875,-0.361328125
37408,1.171875,1.26953125,-0.29296875,-0.478515625
37409,1.25,1.142578125,-0.322265625,-0.41015625
37410,1.19140625,1.259765625,-0.185546875,-0.400390625
37411,1.23046875,1.396484375,-0.25390625,-0.29296875
37412,1.259765625,1.201171875,-0.224609375,-0.390625
37413,1.298828125,1.1328125,-0.341796875,-0.478515625
37414,1.2109375,1.201171875,-0.25390625,-0.380859375
37415,1.15234375,1.162109375,-0.341796875,-0.400390625
37416,1.171875,1.123046875,-0.283203125,-0.341796875
37417,1.240234375,1.15234375,-0.3125,-0.244140625
37418,1.2890625,1.19140625,-0.244140625,-0.33203125
37419,1.2109375,1.09375,-0.263671875,-0.3515625
37420,1.259765625,1.103515625,-0.322265625,-0.37109375
37421,1.26953125,1.162109375,-0.302734375,-0.205078125
37422,1.23046875,1.103515625,-0.419921875,-0.33203125
37423,1.11328125,1.1328125,-0.263671875,-0.380859375
37424,1.181640625,1.171875,-0.37109375,-0.33203125
37425,1.2109375,1.259765625,-0.224609375,-0.400390625
37426,1.220703125,1.162109375,-0.322265625,-0.37109375
37427,1.123046875,1.171875,-0.244140625,-0.3515625
37428,1.19140625,1.15234375,-0.1953125,-0.322265625
37429,1.2109375,1.11328125,-0.37109375,-0.41015625
37430,1.044921875,1.162109375,-0.25390625,-0.419921875
37431,1.07421875,1.09375,-0.3515625,-0.322265625
37432,1.142578125,1.15234375,-0.380859375,-0.439453125
37433,1.103515625,1.1328125,-0.322265625,-0.478515625
37434,1.11328125,1.1328125,-0.2734375,-0.41015625
37435,1.19140625,1.25,-0.1953125,-0.33203125
37436,1.171875,1.15234375,-0.263671875,-0.25390625
37437,1.2109375,1.103515625,-0.33203125,-0.380859375
37438,1.103515625,1.201171875,-0.283203125,-0.439453125
37439,1.07421875,1.142578125,-0.224609375,-0.341796875
37440,1.064453125,1.123046875,-0.302734375,-0.380859375
37441,1.181640625,1.123046875,-0.322265625,-0.478515625
37442,1.015625,1.220703125,-0.234375,-0.380859375
37443,1.142578125,1.11328125,-0.224609375,-0.37109375
37444,1.162109375,1.103515625,-0.1171875,-0.498046875
37445,1.025390625,1.220703125,-0.1953125,-0.439453125
37446,1.123046875,1.064453125,-0.234375,-0.458984375
37447,1.1328125,1.2109375,-0.234375,-0.458984375
37448,1.09375,1.142578125,-0.234375,-0.3515625
37449,1.103515625,1.171875,-0.224609375,-0.41015625
37450,1.103515625,1.1328125,-0.341796875,-0.46875
37451,1.09375,1.2109375,-0.205078125,-0.546875
37452,1.09375,1.142578125,-0.205078125,-0.41015625
37453,1.064453125,1.03515625,-0.1953125,-0.41015625
37454,1.09375,1.044921875,-0.322265625,-0.4296875
37455,1.162109375,1.07421875,-0.185546875,-0.44921875
37456,1.083984375,1.123046875,-0.361328125,-0.478515625
37457,1.162109375,1.259765625,-0.185546875,-0.361328125
37458,1.181640625,1.162109375,-0.263671875,-0.478515625
37459,0.99609375,1.328125,-0.234375,-0.439453125
37460,1.103515625,1.07421875,-0.244140625,-0.439453125
37461,1.162109375,1.11328125,-0.224609375,-0.4296875
37462,1.083984375,1.201171875,-0.126953125,-0.400390625
37463,0.986328125,1.2109375,-0.3125,-0.37109375
37464,1.23046875,1.171875,-0.244140625,-0.5078125
37465,1.181640625,1.171875,-0.263671875,-0.361328125
37466,1.123046875,1.09375,-0.244140625,-0.390625
37467,1.005859375,1.103515625,-0.33203125,-0.458984375
37468,1.064453125,1.240234375,-0.283203125,-0.361328125
37469,1.123046875,1.044921875,-0.25390625,-0.37109375
37470,0.87890625,1.123046875,-0.25390625,-0.37109375
37471,1.015625,0.9375,-0.341796875,-0.44921875
37472,1.11328125,1.171875,-0.283203125,-0.4296875
37473,1.11328125,1.181640625,-0.283203125,-0.341796875
37474,0.966796875,1.15234375,-0.224609375,-0.4296875
37475,1.07421875,1.220703125,-0.33203125,-0.478515625
37476,1.171875,1.19140625,-0.21484375,-0.380859375
37477,1.1328125,1.142578125,-0.21484375,-0.361328125
37478,1.03515625,1.1328125,-0.3125,-0.400390625
37479,1.2109375,1.123046875,-0.361328125,-0.546875
37480,1.15234375,1.044921875,-0.2734375,-0.458984375
37481,1.181640625,1.240234375,-0.205078125,-0.380859375
37482,1.103515625,1.123046875,-0.234375,-0.390625
37483,1.201171875,1.09375,-0.21484375,-0.478515625
37484,1.11328125,1.162109375,-0.1953125,-0.361328125
37485,1.25,1.1328125,-0.263671875,-0.390625
37486,1.15234375,1.07421875,-0.29296875,-0.361328125
37487,1.123046875,1.103515625,-0.185546875,-0.322265625
37488,1.1328125,1.064453125,-0.263671875,-0.37109375
37489,1.15234375,1.171875,-0.244140625,-0.3515625
37490,1.064453125,1.2109375,-0.29296875,-0.390625
37491,1.07421875,1.15234375,-0.234375,-0.361328125
37492,1.2109375,1.083984375,-0.263671875,-0.380859375
37493,1.201171875,1.142578125,-0.234375,-0.33203125
37494,1.044921875,1.142578125,-0.25390625,-0.302734375
37495,1.19140625,1.07421875,-0.126953125,-0.3515625
37496,1.220703125,1.025390625,-0.09765625,-0.341796875
37497,1.25,1.1328125,-0.166015625,-0.33203125
37498,1.181640625,1.064453125,-0.234375,-0.419921875
37499,1.162109375,1.181640625,-0.1953125,-0.44921875
37500,1.171875,1.1328125,-0.234375,-0.400390625
37501,1.171875,1.083984375,-0.263671875,-0.439453125
37502,1.2109375,1.201171875,-0.21484375,-0.44921875
37503,1.181640625,1.15234375,-0.1953125,-0.3515625
37504,1.123046875,1.11328125,-0.2734375,-0.439453125
37505,1.171875,1.15234375,-0.283203125,-0.458984375
37506,1.2890625,1.142578125,-0.224609375,-0.37109375
37507,1.201171875,1.09375,-0.17578125,-0.400390625
37508,1.03515625,1.19140625,-0.17578125,-0.44921875
37509,1.142578125,1.15234375,-0.205078125,-0.390625
37510,1.15234375,1.240234375,-0.283203125,-0.400390625
37511,1.064453125,0.986328125,-0.13671875,-0.478515625
37512,1.201171875,1.103515625,-0.205078125,-0.3515625
37513,1.19140625,1.142578125,-0.21484375,-0.2734375
37514,1.23046875,1.201171875,-0.2734375,-0.4296875
37515,1.162109375,1.083984375,-0.15625,-0.419921875
37516,1.142578125,1.103515625,-0.263671875,-0.322265625
37517,1.220703125,1.23046875,-0.166015625,-0.37109375
37518,1.240234375,0.9765625,-0.302734375,-0.361328125
37519,1.240234375,1.064453125,-0.1953125,-0.37109375
37520,1.181640625,1.11328125,-0.3125,-0.400390625
37521,1.25,0.95703125,-0.126953125,-0.29296875
37522,1.298828125,1.123046875,-0.380859375,-0.498046875
37523,1.220703125,1.1328125,-0.322265625,-0.3515625
37524,1.23046875,1.11328125,-0.1953125,-0.302734375
37525,1.11328125,1.07421875,-0.15625,-0.458984375
37526,1.30859375,1.07421875,-0.17578125,-0.341796875
37527,1.19140625,1.044921875,-0.224609375,-0.361328125
37528,1.171875,1.162109375,-0.166015625,-0.283203125
37529,1.25,1.123046875,-0.361328125,-0.341796875
37530,1.2109375,1.1328125,-0.322265625,-0.537109375
37531,1.279296875,1.1328125,-0.25390625,-0.33203125
37532,1.328125,1.11328125,-0.166015625,-0.458984375
37533,1.171875,1.0546875,-0.146484375,-0.37109375
37534,1.220703125,1.15234375,-0.341796875,-0.322265625
37535,1.201171875,1.11328125,-0.25390625,-0.380859375
37536,1.240234375,1.083984375,-0.205078125,-0.146484375
37537,1.220703125,1.123046875,-0.25390625,-0.3515625
37538,1.259765625,1.19140625,-0.234375,-0.29296875
37539,1.318359375,1.03515625,-0.146484375,-0.37109375
37540,1.25,1.123046875,-0.263671875,-0.439453125
37541,1.201171875,1.083984375,-0.302734375,-0.439453125
37542,1.142578125,1.1328125,-0.1953125,-0.37109375
37543,1.1328125,1.11328125,-0.244140625,-0.380859375
37544,1.337890625,1.142578125,-0.3125,-0.322265625
37545,1.26953125,1.0546875,-0.21484375,-0.263671875
37546,1.2109375,1.123046875,-0.185546875,-0.458984375
37547,1.201171875,1.142578125,-0.1171875,-0.41015625
37548,1.23046875,0.99609375,-0.15625,-0.478515625
37549,1.25,1.162109375,-0.25390625,-0.5078125
37550,1.1328125,1.07421875,-0.2734375,-0.458984375
37551,1.162109375,1.03515625,-0.234375,-0.361328125
37552,1.279296875,1.181640625,-0.205078125,-0.37109375
37553,1.15234375,1.181640625,-0.224609375,-0.29296875
37554,1.15234375,1.142578125,-0.107421875,-0.390625
37555,1.162109375,1.2109375,-0.244140625,-0.44921875
37556,1.298828125,1.142578125,-0.263671875,-0.400390625
37557,1.11328125,1.09375,-0.1953125,-0.380859375
37558,1.083984375,1.171875,-0.234375,-0.29296875
37559,1.201171875,1.15234375,-0.234375,-0.400390625
37560,1.162109375,1.11328125,-0.244140625,-0.302734375
37561,1.171875,1.123046875,-0.15625,-0.41015625
37562,1.298828125,1.181640625,-0.263671875,-0.3515625
37563,1.240234375,1.11328125,-0.234375,-0.400390625
37564,1.181640625,1.298828125,-0.185546875,-0.263671875
37565,1.23046875,1.181640625,-0.205078125,-0.3515625
37566,1.2109375,1.15234375,-0.185546875,-0.48828125
37567,1.201171875,1.162109375,-0.1953125,-0.205078125
37568,1.181640625,1.142578125,-0.146484375,-0.33203125
37569,1.25,1.1328125,-0.126953125,-0.37109375
37570,1.181640625,1.220703125,-0.13671875,-0.341796875
37571,1.328125,1.1328125,-0.234375,-0.380859375
37572,1.23046875,1.171875,-0.21484375,-0.3515625
37573,1.240234375,1.474609375,-0.234375,-0.2734375
37574,1.30859375,1.11328125,-0.205078125,-0.263671875
37575,1.19140625,0.87890625,-0.21484375,-0.390625
37576,1.09375,0.91796875,-0.17578125,-0.419921875
37577,1.2109375,1.1328125,-0.244140625,-0.2734375
37578,1.26953125,1.181640625,-0.15625,-0.3515625
37579,1.142578125,1.1328125,-0.01953125,-0.380859375
37580,1.15234375,1.15234375,-0.205078125,-0.302734375
37581,1.15234375,1.103515625,-0.21484375,-0.400390625
37582,1.171875,1.162109375,-0.234375,-0.478515625
37583,1.201171875,1.103515625,-0.185546875,-0.44921875
37584,1.30859375,1.142578125,-0.3125,-0.419921875
37585,1.25,1.103515625,-0.205078125,-0.52734375
37586,1.19140625,1.0546875,-0.25390625,-0.302734375
37587,1.220703125,1.07421875,-0.283203125,-0.400390625
37588,1.181640625,1.0546875,-0.17578125,-0.33203125
37589,1.015625,1.064453125,-0.1953125,-0.498046875
37590,1.09375,1.279296875,-0.244140625,-0.380859375
37591,1.1328125,1.07421875,-0.185546875,-0.37109375
37592,1.03515625,1.171875,-0.224609375,-0.46875
37593,1.162109375,1.123046875,-0.3515625,-0.439453125
37594,1.171875,1.171875,-0.29296875,-0.5859375
37595,1.19140625,1.11328125,-0.15625,-0.263671875
37596,1.142578125,1.2109375,-0.302734375,-0.263671875
37597,1.142578125,1.064453125,-0.439453125,-0.25390625
37598,1.220703125,1.11328125,-0.185546875,-0.33203125
37599,1.220703125,1.064453125,-0.29296875,-0.419921875
37600,1.171875,1.123046875,-0.33203125,-0.263671875
37601,1.23046875,1.015625,-0.1953125,-0.244140625
37602,1.23046875,1.015625,-0.185546875,-0.29296875
37603,1.171875,1.11328125,-0.224609375,-0.205078125
37604,1.171875,1.11328125,-0.13671875,-0.41015625
37605,1.298828125,1.162109375,-0.0390625,-0.244140625
37606,1.240234375,1.064453125,-0.29296875,-0.322265625
37607,1.240234375,1.064453125,-0.185546875,-0.419921875
37608,1.15234375,1.03515625,-0.205078125,-0.283203125
37609,1.2109375,1.201171875,-0.283203125,-0.302734375
37610,1.171875,1.11328125,-0.244140625,-0.341796875
37611,1.30859375,1.005859375,-0.302734375,-0.4296875
37612,1.19140625,1.07421875,-0.166015625,-0.3515625
37613,1.15234375,1.09375,-0.234375,-0.37109375
37614,1.162109375,1.0546875,-0.25390625,-0.341796875
37615,1.201171875,1.07421875,-0.25390625,-0.4296875
37616,1.15234375,1.103515625,-0.234375,-0.3125
37617,1.25,1.07421875,-0.185546875,-0.380859375
37618,1.201171875,0.986328125,-0.3125,-0.4296875
37619,1.181640625,1.005859375,-0.2734375,-0.419921875
37620,1.2109375,1.1328125,-0.224609375,-0.322265625
37621,1.201171875,1.07421875,-0.37109375,-0.3125
37622,1.240234375,1.11328125,-0.17578125,-0.5859375
37623,1.181640625,1.1328125,-0.234375,-0.283203125
37624,1.171875,1.07421875,-0.244140625,-0.185546875
37625,1.07421875,1.07421875,-0.126953125,-0.3515625
37626,1.1328125,1.064453125,-0.185546875,-0.302734375
37627,1.09375,1.09375,-0.1953125,-0.244140625
37628,1.162109375,1.083984375,-0.244140625,-0.2734375
37629,1.23046875,1.005859375,-0.185546875,-0.46875
37630,1.259765625,1.025390625,-0.107421875,-0.341796875
37631,1.23046875,1.064453125,-0.25390625,-0.2734375
37632,1.181640625,1.03515625,-0.234375,-0.2734375
37633,1.25,1.09375,-0.146484375,-0.400390625
37634,1.259765625,1.044921875,-0.224609375,-0.263671875
37635,1.3671875,1.03515625,-0.21484375,-0.25390625
37636,1.25,0.966796875,-0.224609375,-0.400390625
37637,1.2890625,1.07421875,-0.21484375,-0.3515625
37638,1.240234375,1.044921875,-0.224609375,-0.361328125
37639,1.259765625,1.171875,-0.283203125,-0.224609375
37640,1.2890625,1.11328125,-0.25390625,-0.341796875
37641,1.11328125,1.142578125,-0.302734375,-0.283203125
37642,1.142578125,1.09375,-0.2734375,-0.33203125
37643,1.240234375,1.083984375,-0.3125,-0.224609375
37644,1.07421875,1.09375,-0.25390625,-0.2734375
37645,1.1328125,1.181640625,-0.1953125,-0.3125
37646,1.123046875,1.1328125,-0.263671875,-0.13671875
37647,1.064453125,1.11328125,-0.322265625,-0.478515625
37648,1.201171875,1.15234375,-0.263671875,-0.29296875
37649,1.181640625,1.34765625,-0.263671875,-0.3515625
37650,1.2109375,1.083984375,-0.302734375,-0.13671875
37651,1.240234375,1.09375,-0.41015625,-0.341796875
37652,1.171875,1.083984375,-0.234375,-0.322265625
37653,1.26953125,1.09375,-0.205078125,-0.244140625
37654,1.25,1.162109375,-0.419921875,-0.244140625
37655,1.181640625,1.240234375,-0.224609375,-0.283203125
37656,1.201171875,1.09375,-0.15625,-0.29296875
37657,1.181640625,1.083984375,-0.205078125,-0.302734375
37658,1.162109375,1.09375,-0.166015625,-0.29296875
37659,1.07421875,1.103515625,-0.283203125,-0.1953125
37660,1.171875,1.15234375,-0.3515625,-0.234375
37661,1.142578125,1.083984375,-0.224609375,-0.283203125
37662,1.328125,1.1328125,-0.2734375,-0.361328125
37663,1.259765625,1.15234375,-0.33203125,-0.205078125
37664,1.142578125,1.11328125,-0.21484375,-0.322265625
37665,1.162109375,1.1328125,-0.244140625,-0.322265625
37666,1.201171875,1.1328125,-0.361328125,-0.263671875
37667,1.11328125,1.103515625,-0.4296875,-0.17578125
37668,1.123046875,1.1328125,-0.322265625,-0.185546875
37669,1.220703125,1.1328125,-0.400390625,-0.234375
37670,1.162109375,1.1328125,-0.283203125,-0.283203125
37671,1.19140625,1.025390625,-0.37109375,-0.33203125
37672,1.25,1.07421875,-0.3125,-0.234375
37673,1.181640625,1.181640625,-0.2734375,-0.283203125
37674,1.171875,1.171875,-0.361328125,-0.17578125
37675,1.171875,1.1328125,-0.419921875,-0.283203125
37676,1.09375,1.171875,-0.439453125,-0.234375
37677,1.162109375,1.11328125,-0.341796875,-0.29296875
37678,1.181640625,1.201171875,-0.4296875,-0.322265625
37679,1.2109375,1.103515625,-0.41015625,-0.29296875
37680,1.2109375,1.181640625,-0.3125,-0.341796875
37681,1.142578125,1.025390625,-0.341796875,-0.322265625
37682,1.19140625,1.07421875,-0.244140625,-0.29296875
37683,1.25,1.064453125,-0.2734375,-0.3515625
37684,1.1328125,1.07421875,-0.29296875,-0.263671875
37685,1.23046875,1.005859375,-0.302734375,-0.244140625
37686,1.25,1.09375,-0.33203125,-0.33203125
37687,1.220703125,1.15234375,-0.283203125,-0.283203125
37688,1.181640625,1.064453125,-0.3125,-0.224609375
37689,1.1328125,1.1328125,-0.3515625,-0.283203125
37690,1.171875,1.142578125,-0.3515625,-0.25390625
37691,1.11328125,1.103515625,-0.341796875,-0.33203125
37692,1.19140625,1.15234375,-0.29296875,-0.15625
37693,1.220703125,1.025390625,-0.283203125,-0.234375
37694,1.19140625,1.07421875,-0.458984375,-0.21484375
37695,1.142578125,1.1328125,-0.244140625,-0.263671875
37696,1.396484375,1.123046875,-0.3515625,-0.3125
37697,1.19140625,1.103515625,-0.2734375,-0.15625
37698,1.171875,1.298828125,-0.25390625,-0.185546875
37699,1.181640625,1.2109375,-0.3125,-0.263671875
37700,1.19140625,1.171875,-0.25390625,-0.21484375
37701,1.2109375,1.30859375,-0.33203125,-0.25390625
37702,1.2890625,1.1328125,-0.205078125,-0.205078125
37703,1.240234375,1.181640625,-0.48828125,-0.29296875
37704,1.220703125,1.19140625,-0.41015625,-0.29296875
37705,1.26953125,1.181640625,-0.283203125,-0.361328125
37706,1.2109375,1.123046875,-0.126953125,-0.224609375
37707,1.2109375,1.181640625,-0.361328125,-0.33203125
37708,1.19140625,1.23046875,-0.3125,-0.341796875
37709,1.23046875,1.064453125,-0.126953125,-0.244140625
37710,1.201171875,1.103515625,-0.205078125,-0.25390625
37711,1.2109375,1.083984375,-0.1953125,-0.185546875
37712,1.25,1.240234375,-0.185546875,-0.21484375
37713,1.19140625,1.1328125,-0.2734375,-0.15625
37714,1.19140625,1.083984375,-0.263671875,-0.2734375
37715,1.1328125,1.07421875,-0.33203125,-0.25390625
37716,1.181640625,1.11328125,-0.341796875,-0.322265625
37717,1.25,1.1328125,-0.185546875,-0.185546875
37718,1.26953125,1.1328125,-0.390625,-0.283203125
37719,1.181640625,1.1328125,-0.234375,-0.2734375
37720,1.201171875,1.07421875,-0.234375,-0.283203125
37721,1.123046875,1.171875,-0.400390625,-0.25390625
37722,1.201171875,1.0546875,-0.400390625,-0.380859375
37723,1.220703125,1.083984375,-0.33203125,-0.205078125
37724,1.15234375,1.181640625,-0.361328125,-0.302734375
37725,1.201171875,1.09375,-0.29296875,-0.302734375
37726,1.220703125,1.09375,-0.41015625,-0.263671875
37727,1.259765625,1.1328125,-0.302734375,-0.29296875
37728,1.259765625,1.07421875,-0.302734375,-0.25390625
37729,1.34765625,1.11328125,-0.458984375,-0.185546875
37730,1.357421875,1.1328125,-0.4296875,-0.29296875
37731,1.328125,1.09375,-0.263671875,-0.263671875
37732,1.2890625,1.083984375,-0.21484375,-0.224609375
37733,1.42578125,1.103515625,-0.29296875,-0.283203125
37734,1.298828125,1.09375,-0.341796875,-0.234375
37735,1.162109375,1.0546875,-0.244140625,-0.458984375
37736,1.30859375,1.142578125,-0.3125,-0.33203125
37737,1.279296875,1.044921875,-0.263671875,-0.37109375
37738,1.240234375,1.09375,-0.283203125,-0.458984375
37739,1.23046875,1.03515625,-0.263671875,-0.3125
37740,1.2890625,1.123046875,-0.400390625,-0.205078125
37741,1.09375,1.07421875,-0.244140625,-0.361328125
37742,1.2109375,1.09375,-0.25390625,-0.263671875
37743,1.171875,1.1328125,-0.1953125,-0.322265625
37744,1.171875,1.083984375,-0.263671875,-0.3515625
37745,1.142578125,0.927734375,-0.3125,-0.244140625
37746,1.09375,0.91796875,-0.185546875,-0.33203125
37747,1.103515625,1.083984375,-0.33203125,-0.400390625
37748,1.3671875,1.09375,-0.263671875,-0.3125
37749,1.259765625,1.123046875,-0.21484375,-0.380859375
37750,1.201171875,1.1328125,-0.361328125,-0.146484375
37751,1.123046875,1.171875,-0.263671875,-0.380859375
37752,1.181640625,1.19140625,-0.37109375,-0.29296875
37753,1.201171875,1.044921875,-0.3125,-0.263671875
37754,1.23046875,1.19140625,-0.3125,-0.205078125
37755,1.34765625,1.19140625,-0.33203125,-0.29296875
37756,1.220703125,1.337890625,-0.263671875,-0.322265625
37757,1.2109375,1.201171875,-0.3515625,-0.263671875
37758,1.181640625,1.15234375,-0.3515625,-0.2734375
37759,1.259765625,1.201171875,-0.29296875,-0.234375
37760,1.220703125,1.19140625,-0.244140625,-0.224609375
37761,1.201171875,1.19140625,-0.322265625,-0.3515625
37762,1.2890625,1.09375,-0.322265625,-0.33203125
37763,1.259765625,1.171875,-0.263671875,-0.3515625
37764,1.201171875,1.015625,-0.263671875,-0.3515625
37765,1.279296875,1.142578125,-0.2734375,-0.09765625
37766,1.376953125,1.19140625,-0.439453125,-0.25390625
37767,1.11328125,1.064453125,-0.15625,-0.37109375
37768,1.201171875,1.1328125,-0.283203125,-0.224609375
37769,1.07421875,1.123046875,-0.29296875,-0.263671875
37770,1.15234375,1.07421875,-0.146484375,-0.25390625
37771,1.142578125,1.19140625,-0.185546875,-0.283203125
37772,1.201171875,1.19140625,-0.37109375,-0.283203125
37773,1.23046875,1.3671875,-0.25390625,-0.302734375
37774,1.26953125,1.25,-0.2734375,-0.3125
37775,1.103515625,1.181640625,-0.263671875,-0.400390625
37776,1.220703125,1.19140625,-0.283203125,-0.41015625
37777,1.201171875,1.279296875,-0.205078125,-0.439453125
37778,1.23046875,1.171875,-0.263671875,-0.283203125
37779,1.142578125,1.142578125,-0.380859375,-0.3515625
37780,1.15234375,1.11328125,-0.283203125,-0.234375
37781,1.171875,1.162109375,-0.2734375,-0.41015625
37782,1.142578125,1.11328125,-0.263671875,-0.3515625
37783,1.142578125,1.162109375,-0.283203125,-0.283203125
37784,1.259765625,1.201171875,-0.244140625,-0.41015625
37785,1.1328125,1.162109375,-0.302734375,-0.283203125
37786,1.15234375,1.142578125,-0.263671875,-0.283203125
37787,1.103515625,1.123046875,-0.25390625,-0.33203125
37788,1.142578125,1.162109375,-0.263671875,-0.400390625
37789,1.181640625,1.142578125,-0.3515625,-0.341796875
37790,1.15234375,1.1328125,-0.302734375,-0.33203125
37791,1.0546875,1.123046875,-0.2734375,-0.3125
37792,1.142578125,1.19140625,-0.1953125,-0.400390625
37793,1.103515625,1.142578125,-0.263671875,-0.29296875
37794,1.15234375,1.1328125,-0.400390625,-0.37109375
37795,1.15234375,1.23046875,-0.302734375,-0.3125
37796,1.171875,1.19140625,-0.263671875,-0.37109375
37797,1.142578125,1.240234375,-0.25390625,-0.3515625
37798,1.142578125,1.220703125,-0.322265625,-0.341796875
37799,1.171875,1.162109375,-0.302734375,-0.361328125
37800,1.123046875,1.1328125,-0.25390625,-0.4296875
37801,1.1328125,1.23046875,-0.37109375,-0.302734375
37802,1.07421875,1.19140625,-0.322265625,-0.146484375
37803,1.09375,1.298828125,-0.205078125,-0.33203125
37804,1.1328125,1.201171875,-0.224609375,-0.41015625
37805,1.103515625,1.240234375,-0.244140625,-0.234375
37806,1.1328125,1.181640625,-0.1953125,-0.341796875
37807,1.1328125,1.220703125,-0.224609375,-0.361328125
37808,1.09375,1.38671875,-0.3125,-0.224609375
37809,1.07421875,1.181640625,-0.21484375,-0.341796875
37810,1.15234375,1.279296875,-0.37109375,-0.361328125
37811,1.162109375,1.171875,-0.25390625,-0.458984375
37812,1.19140625,1.2890625,-0.146484375,-0.4296875
37813,1.25,1.171875,-0.302734375,-0.3515625
37814,1.11328125,1.396484375,-0.302734375,-0.3125
37815,1.240234375,1.2109375,-0.146484375,-0.361328125
37816,1.162109375,1.25,-0.322265625,-0.3515625
37817,1.201171875,1.279296875,-0.283203125,-0.44921875
37818,1.220703125,1.25,-0.283203125,-0.25390625
37819,1.083984375,1.171875,-0.37109375,-0.3515625
37820,1.123046875,1.103515625,-0.25390625,-0.341796875
37821,1.2109375,1.220703125,-0.21484375,-0.458984375
37822,1.07421875,1.064453125,-0.33203125,-0.361328125
37823,1.181640625,1.19140625,-0.224609375,-0.302734375
37824,1.15234375,1.181640625,-0.244140625,-0.419921875
37825,1.25,1.142578125,-0.21484375,-0.46875
37826,1.2109375,1.19140625,-0.234375,-0.439453125
37827,1.083984375,1.171875,-0.283203125,-0.37109375
37828,1.19140625,1.19140625,-0.244140625,-0.4296875
37829,1.19140625,1.11328125,-0.283203125,-0.37109375
37830,1.259765625,1.240234375,-0.302734375,-0.41015625
37831,1.220703125,0.927734375,-0.2734375,-0.546875
37832,1.142578125,1.15234375,-0.3515625,-0.390625
37833,1.11328125,1.15234375,-0.25390625,-0.44921875
37834,1.07421875,1.015625,-0.166015625,-0.380859375
37835,1.26953125,1.220703125,-0.224609375,-0.390625
37836,1.220703125,1.201171875,-0.234375,-0.48828125
37837,1.201171875,1.09375,-0.3125,-0.341796875
37838,1.181640625,1.19140625,-0.25390625,-0.322265625
37839,1.1328125,1.162109375,-0.37109375,-0.302734375
37840,1.142578125,1.220703125,-0.263671875,-0.3515625
37841,1.220703125,1.162109375,-0.302734375,-0.3515625
37842,1.318359375,1.11328125,-0.21484375,-0.322265625
37843,1.2109375,0.9765625,-0.21484375,-0.41015625
37844,1.19140625,1.123046875,-0.224609375,-0.478515625
37845,1.123046875,1.07421875,-0.2734375,-0.439453125
37846,1.142578125,1.2109375,-0.283203125,-0.341796875
37847,1.1328125,1.171875,-0.283203125,-0.341796875
37848,1.142578125,1.162109375,-0.3125,-0.5078125
37849,1.23046875,1.083984375,-0.2734375,-0.380859375
37850,1.162109375,1.142578125,-0.29296875,-0.25390625
37851,1.181640625,1.083984375,-0.205078125,-0.41015625
37852,1.09375,1.123046875,-0.224609375,-0.322265625
37853,1.123046875,1.19140625,-0.224609375,-0.3515625
37854,1.1328125,1.103515625,-0.224609375,-0.41015625
37855,1.103515625,1.09375,-0.283203125,-0.322265625
37856,1.123046875,1.181640625,-0.3515625,-0.302734375
37857,1.123046875,1.1328125,-0.263671875,-0.41015625
37858,1.15234375,1.171875,-0.244140625,-0.390625
37859,1.044921875,1.11328125,-0.322265625,-0.283203125
37860,1.09375,1.015625,-0.205078125,-0.400390625
37861,1.083984375,1.171875,-0.224609375,-0.283203125
37862,1.1328125,1.2109375,-0.361328125,-0.361328125
37863,1.142578125,1.162109375,-0.224609375,-0.166015625
37864,1.103515625,1.181640625,-0.2734375,-0.380859375
37865,1.15234375,1.171875,-0.234375,-0.3515625
37866,1.162109375,1.142578125,-0.3125,-0.33203125
37867,1.142578125,1.083984375,-0.224609375,-0.41015625
37868,1.2109375,1.30859375,-0.21484375,-0.361328125
37869,1.1328125,1.181640625,-0.341796875,-0.52734375
37870,1.103515625,0.966796875,-0.283203125,-0.439453125
37871,1.259765625,1.162109375,-0.283203125,-0.33203125
37872,1.15234375,1.142578125,-0.3125,-0.37109375
37873,1.103515625,1.201171875,-0.283203125,-0.380859375
37874,1.181640625,1.162109375,-0.341796875,-0.3515625
37875,1.09375,1.23046875,-0.37109375,-0.322265625
37876,1.201171875,1.171875,-0.17578125,-0.5078125
37877,1.123046875,1.240234375,-0.341796875,-0.37109375
37878,1.11328125,1.03515625,-0.1953125,-0.48828125
37879,1.1328125,1.09375,-0.3515625,-0.390625
37880,1.0546875,1.23046875,-0.25390625,-0.390625
37881,1.03515625,1.123046875,-0.3125,-0.60546875
37882,0.966796875,1.0546875,-0.224609375,-0.576171875
37883,1.083984375,1.064453125,-0.302734375,-0.419921875
37884,1.171875,1.044921875,-0.244140625,-0.478515625
37885,1.25,1.15234375,-0.37109375,-0.4296875
37886,1.09375,1.181640625,-0.29296875,-0.48828125
37887,1.0546875,1.123046875,-0.25390625,-0.439453125
37888,1.142578125,1.220703125,-0.2734375,-0.37109375
37889,1.1328125,1.03515625,-0.37109375,-0.419921875
37890,1.181640625,1.103515625,-0.205078125,-0.458984375
37891,1.171875,1.123046875,-0.224609375,-0.5078125
37892,1.03515625,1.103515625,-0.25390625,-0.322265625
37893,1.09375,1.11328125,-0.263671875,-0.400390625
37894,1.064453125,1.064453125,-0.33203125,-0.478515625
37895,1.162109375,1.044921875,-0.283203125,-0.4296875
37896,1.11328125,1.171875,-0.25390625,-0.498046875
37897,1.15234375,1.142578125,-0.302734375,-0.29296875
37898,1.123046875,1.171875,-0.2734375,-0.361328125
37899,1.11328125,1.142578125,-0.234375,-0.41015625
37900,1.19140625,1.1328125,-0.33203125,-0.29296875
37901,1.142578125,1.103515625,-0.3125,-0.380859375
37902,1.083984375,1.142578125,-0.205078125,-0.44921875
37903,1.142578125,1.09375,-0.1953125,-0.3125
37904,0.986328125,1.298828125,-0.166015625,-0.390625
37905,0.966796875,1.171875,-0.263671875,-0.439453125
37906,1.03515625,1.142578125,-0.29296875,-0.44921875
37907,1.064453125,1.15234375,-0.263671875,-0.48828125
37908,1.0546875,1.25,-0.263671875,-0.361328125
37909,1.1328125,1.07421875,-0.244140625,-0.33203125
37910,1.09375,1.03515625,-0.2734375,-0.4296875
37911,1.044921875,1.142578125,-0.224609375,-0.46875
37912,1.0546875,1.044921875,-0.263671875,-0.439453125
37913,1.123046875,1.142578125,-0.224609375,-0.52734375
37914,1.083984375,1.2109375,-0.01953125,-0.419921875
37915,1.083984375,1.15234375,-0.224609375,-0.439453125
37916,1.064453125,1.162109375,-0.302734375,-0.400390625
37917,1.07421875,1.181640625,-0.21484375,-0.3125
37918,1.123046875,1.123046875,-0.126953125,-0.458984375
37919,1.142578125,1.123046875,-0.37109375,-0.302734375
37920,1.064453125,1.083984375,-0.41015625,-0.283203125
37921,1.19140625,1.181640625,-0.263671875,-0.33203125
37922,1.171875,1.162109375,-0.185546875,-0.361328125
37923,1.25,1.005859375,-0.263671875,-0.439453125
37924,1.19140625,1.07421875,-0.25390625,-0.419921875
37925,1.181640625,1.09375,-0.25390625,-0.3515625
37926,1.201171875,1.07421875,-0.361328125,-0.458984375
37927,1.09375,0.99609375,-0.25390625,-0.33203125
37928,1.2109375,1.11328125,-0.29296875,-0.478515625
37929,1.2109375,1.123046875,-0.48828125,-0.25390625
37930,1.201171875,1.103515625,-0.263671875,-0.419921875
37931,1.15234375,1.09375,-0.244140625,-0.41015625
37932,1.181640625,1.162109375,-0.283203125,-0.3515625
37933,1.181640625,1.044921875,-0.2734375,-0.41015625
37934,1.11328125,1.103515625,-0.29296875,-0.361328125
37935,1.15234375,1.103515625,-0.224609375,-0.390625
37936,1.19140625,1.083984375,-0.244140625,-0.458984375
37937,1.298828125,1.03515625,-0.234375,-0.390625
37938,1.220703125,1.1328125,-0.283203125,-0.380859375
37939,1.181640625,1.19140625,-0.15625,-0.361328125
37940,1.240234375,1.07421875,-0.25390625,-0.595703125
37941,1.201171875,1.142578125,-0.380859375,-0.458984375
37942,1.181640625,1.181640625,-0.25390625,-0.341796875
37943,1.357421875,1.171875,-0.224609375,-0.458984375
37944,1.181640625,1.15234375,-0.283203125,-0.400390625
37945,1.201171875,1.083984375,-0.2734375,-0.458984375
37946,1.09375,1.083984375,-0.29296875,-0.400390625
37947,1.23046875,1.07421875,-0.1171875,-0.33203125
37948,1.201171875,1.15234375,-0.224609375,-0.33203125
37949,1.11328125,1.162109375,-0.390625,-0.2734375
37950,1.23046875,0.9765625,-0.263671875,-0.341796875
37951,1.181640625,1.162109375,-0.263671875,-0.283203125
37952,1.11328125,1.162109375,-0.244140625,-0.302734375
37953,1.123046875,1.298828125,-0.21484375,-0.341796875
37954,1.15234375,1.2109375,-0.3125,-0.302734375
37955,1.220703125,1.1328125,-0.25390625,-0.33203125
37956,1.220703125,1.1328125,-0.1171875,-0.283203125
37957,1.162109375,1.162109375,-0.1171875,-0.29296875
37958,1.220703125,1.064453125,-0.17578125,-0.25390625
37959,1.162109375,1.11328125,-0.3125,-0.3515625
37960,1.1328125,1.171875,-0.29296875,-0.4296875
37961,1.142578125,1.123046875,-0.29296875,-0.3515625
37962,1.142578125,1.1328125,-0.3515625,-0.341796875
37963,1.162109375,1.11328125,-0.224609375,-0.44921875
37964,1.279296875,1.142578125,-0.322265625,-0.478515625
37965,1.162109375,1.103515625,-0.3515625,-0.361328125
37966,1.1328125,1.1328125,-0.25390625,-0.41015625
37967,1.03515625,1.103515625,-0.21484375,-0.400390625
37968,1.103515625,1.025390625,-0.263671875,-0.37109375
37969,1.142578125,1.025390625,-0.234375,-0.37109375
37970,1.1328125,1.142578125,-0.244140625,-0.400390625
37971,1.181640625,1.171875,-0.244140625,-0.37109375
37972,1.103515625,1.083984375,-0.1953125,-0.419921875
37973,1.1328125,1.123046875,-0.302734375,-0.478515625
37974,1.201171875,1.19140625,-0.322265625,-0.3515625
37975,1.142578125,1.044921875,-0.244140625,-0.3125
37976,1.201171875,1.09375,-0.263671875,-0.4296875
37977,1.279296875,1.11328125,-0.25390625,-0.419921875
37978,1.2109375,1.1328125,-0.2734375,-0.41015625
37979,1.240234375,1.103515625,-0.263671875,-0.33203125
37980,1.162109375,1.15234375,-0.29296875,-0.380859375
37981,1.23046875,1.11328125,-0.1953125,-0.234375
37982,1.23046875,1.123046875,-0.283203125,-0.546875
37983,1.259765625,1.123046875,-0.302734375,-0.3515625
37984,1.171875,1.181640625,-0.33203125,-0.3515625
37985,1.201171875,1.044921875,-0.302734375,-0.576171875
37986,1.26953125,1.15234375,-0.3125,-0.33203125
37987,1.181640625,1.162109375,-0.205078125,-0.361328125
37988,1.2109375,1.142578125,-0.2734375,-0.419921875
37989,1.083984375,1.064453125,-0.244140625,-0.439453125
37990,1.2109375,1.15234375,-0.21484375,-0.224609375
37991,1.123046875,1.220703125,-0.21484375,-0.341796875
37992,1.25,1.11328125,-0.234375,-0.498046875
37993,1.240234375,1.240234375,-0.2734375,-0.390625
37994,1.337890625,1.0546875,-0.29296875,-0.21484375
37995,1.1328125,1.123046875,-0.283203125,-0.478515625
37996,1.201171875,1.03515625,-0.244140625,-0.439453125
37997,1.181640625,1.19140625,-0.25390625,-0.21484375
37998,1.328125,1.1328125,-0.25390625,-0.302734375
37999,1.2109375,1.23046875,-0.146484375,-0.322265625
38000,1.220703125,1.1328125,-0.1171875,-0.46875
38001,1.26953125,1.171875,-0.234375,-0.25390625
38002,1.181640625,1.171875,-0.25390625,-0.2734375
38003,1.201171875,1.083984375,-0.224609375,-0.4296875
38004,1.103515625,1.171875,-0.21484375,-0.4296875
38005,1.0546875,1.1328125,-0.166015625,-0.341796875
38006,1.142578125,1.11328125,-0.17578125,-0.146484375
38007,1.09375,1.201171875,-0.244140625,-0.263671875
38008,1.181640625,1.123046875,-0.17578125,-0.390625
38009,1.162109375,1.103515625,-0.166015625,-0.33203125
38010,1.103515625,1.1328125,-0.302734375,-0.400390625
38011,1.181640625,1.07421875,-0.283203125,-0.419921875
38012,1.11328125,1.123046875,-0.234375,-0.21484375
38013,1.376953125,1.103515625,-0.1171875,-0.302734375
38014,1.240234375,1.1328125,-0.234375,-0.361328125
38015,1.171875,1.259765625,-0.1953125,-0.48828125
38016,1.220703125,1.11328125,-0.3125,-0.3515625
38017,1.162109375,1.142578125,-0.244140625,-0.302734375
38018,1.142578125,1.171875,-0.185546875,-0.400390625
38019,1.083984375,1.083984375,-0.078125,-0.458984375
38020,1.162109375,1.083984375,-0.224609375,-0.390625
38021,1.220703125,1.0546875,-0.1171875,-0.3125
38022,1.19140625,1.103515625,-0.234375,-0.390625
38023,1.083984375,1.083984375,-0.33203125,-0.419921875
38024,1.181640625,1.2109375,-0.205078125,-0.41015625
38025,1.19140625,1.181640625,-0.185546875,-0.390625
38026,1.279296875,1.123046875,-0.322265625,-0.46875
38027,1.23046875,1.181640625,-0.185546875,-0.4296875
38028,1.220703125,1.142578125,-0.1953125,-0.2734375
38029,1.083984375,1.1328125,-0.185546875,-0.234375
38030,1.162109375,1.083984375,-0.3125,-0.283203125
38031,1.416015625,1.03515625,-0.1953125,-0.29296875
38032,1.220703125,1.07421875,-0.322265625,-0.341796875
38033,1.171875,1.07421875,-0.283203125,-0.302734375
38034,1.162109375,1.03515625,-0.224609375,-0.263671875
38035,1.142578125,1.0546875,-0.3125,-0.380859375
38036,1.201171875,1.044921875,-0.25390625,-0.3125
38037,1.064453125,1.162109375,-0.166015625,-0.244140625
38038,1.09375,1.015625,-0.29296875,-0.244140625
38039,1.181640625,0.986328125,-0.205078125,-0.341796875
38040,1.103515625,1.025390625,-0.29296875,-0.224609375
38041,1.2109375,1.044921875,-0.37109375,-0.244140625
38042,1.11328125,1.15234375,-0.1953125,-0.2734375
38043,1.162109375,0.95703125,-0.29296875,-0.283203125
38044,1.09375,1.11328125,-0.29296875,-0.302734375
38045,1.259765625,1.044921875,-0.361328125,-0.2734375
38046,1.171875,1.220703125,-0.2734375,-0.33203125
38047,1.1328125,1.025390625,-0.3125,-0.361328125
38048,1.171875,1.025390625,-0.263671875,-0.2734375
38049,1.123046875,0.927734375,-0.166015625,-0.3515625
38050,1.142578125,1.03515625,-0.33203125,-0.380859375
38051,1.201171875,1.03515625,-0.244140625,-0.390625
38052,1.2109375,1.07421875,-0.25390625,-0.244140625
38053,1.220703125,1.162109375,-0.17578125,-0.263671875
38054,1.142578125,1.083984375,-0.234375,-0.3515625
38055,1.123046875,1.123046875,-0.234375,-0.263671875
38056,1.19140625,1.103515625,-0.234375,-0.390625
38057,1.279296875,0.91796875,-0.322265625,-0.322265625
38058,1.1328125,1.025390625,-0.3125,-0.15625
38059,1.23046875,1.0546875,-0.205078125,-0.302734375
38060,1.142578125,1.240234375,-0.126953125,-0.322265625
38061,1.201171875,0.95703125,-0.25390625,-0.341796875
38062,1.064453125,1.07421875,-0.29296875,-0.3515625
38063,1.09375,1.015625,-0.302734375,-0.29296875
38064,1.259765625,1.103515625,-0.25390625,-0.146484375
38065,1.11328125,0.986328125,-0.302734375,-0.146484375
38066,1.240234375,0.966796875,-0.4296875,-0.29296875
38067,1.181640625,1.142578125,-0.25390625,-0.2734375
38068,1.171875,1.015625,-0.15625,-0.29296875
38069,1.2109375,1.07421875,-0.205078125,-0.3125
38070,1.26953125,1.064453125,-0.224609375,-0.283203125
38071,1.2109375,1.015625,-0.3125,-0.166015625
38072,1.181640625,1.064453125,-0.3125,-0.302734375
38073,1.19140625,1.123046875,-0.29296875,-0.380859375
38074,1.142578125,1.09375,-0.224609375,-0.361328125
38075,1.181640625,1.142578125,-0.2734375,-0.234375
38076,1.162109375,1.015625,-0.29296875,-0.29296875
38077,1.123046875,1.09375,-0.37109375,-0.322265625
38078,1.123046875,1.123046875,-0.380859375,-0.263671875
38079,1.279296875,1.0546875,-0.234375,-0.224609375
38080,1.07421875,1.064453125,-0.3125,-0.1953125
38081,1.1328125,1.23046875,-0.283203125,-0.283203125
38082,1.103515625,0.986328125,-0.439453125,-0.3125
38083,1.09375,1.083984375,-0.33203125,-0.244140625
38084,1.220703125,0.95703125,-0.302734375,-0.244140625
38085,1.181640625,1.025390625,-0.224609375,-0.3515625
38086,1.181640625,1.103515625,-0.283203125,-0.341796875
38087,1.240234375,1.083984375,-0.263671875,-0.205078125
38088,1.25,1.259765625,-0.29296875,-0.2734375
38089,1.25,1.11328125,-0.2734375,-0.185546875
38090,1.2109375,1.09375,-0.3515625,-0.322265625
38091,1.19140625,1.07421875,-0.25390625,-0.205078125
38092,1.2109375,1.03515625,-0.302734375,-0.2734375
38093,1.162109375,1.181640625,-0.33203125,-0.244140625
38094,1.162109375,1.19140625,-0.44921875,-0.25390625
38095,1.162109375,1.11328125,-0.322265625,-0.302734375
38096,1.201171875,1.142578125,-0.361328125,-0.2734375
38097,1.19140625,1.201171875,-0.390625,-0.166015625
38098,1.162109375,1.162109375,-0.234375,-0.224609375
38099,1.15234375,1.083984375,-0.263671875,-0.21484375
38100,1.19140625,1.07421875,-0.380859375,-0.224609375
38101,1.23046875,1.11328125,-0.322265625,-0.234375
38102,1.162109375,1.171875,-0.341796875,-0.3125
38103,1.2109375,1.240234375,-0.361328125,-0.224609375
38104,1.19140625,1.103515625,-0.37109375,-0.048828125
38105,1.23046875,1.123046875,-0.33203125,-0.25390625
38106,1.171875,0.966796875,-0.263671875,-0.29296875
38107,1.279296875,1.1328125,-0.400390625,-0.263671875
38108,1.220703125,1.181640625,-0.419921875,-0.263671875
38109,1.181640625,1.0546875,-0.390625,-0.224609375
38110,1.123046875,1.11328125,-0.3515625,-0.322265625
38111,1.03515625,1.123046875,-0.224609375,-0.380859375
38112,1.2109375,0.99609375,-0.380859375,-0.224609375
38113,1.220703125,0.986328125,-0.2734375,-0.380859375
38114,1.09375,1.083984375,-0.44921875,-0.185546875
38115,1.240234375,1.11328125,-0.361328125,-0.25390625
38116,1.015625,1.09375,-0.29296875,-0.2734375
38117,1.2109375,1.103515625,-0.37109375,-0.185546875
38118,1.181640625,1.1328125,-0.29296875,-0.234375
38119,1.181640625,1.15234375,-0.33203125,-0.283203125
38120,1.11328125,1.07421875,-0.3125,-0.25390625
38121,1.23046875,1.064453125,-0.29296875,-0.29296875
38122,1.201171875,1.09375,-0.322265625,-0.126953125
38123,1.11328125,1.064453125,-0.3515625,-0.263671875
38124,1.181640625,1.025390625,-0.25390625,-0.29296875
38125,1.201171875,1.25,-0.322265625,-0.3125
38126,1.142578125,1.1328125,-0.29296875,-0.3125
38127,1.2109375,1.162109375,-0.439453125,-0.234375
38128,1.2109375,1.1328125,-0.25390625,-0.2734375
38129,1.123046875,1.103515625,-0.244140625,-0.1953125
38130,1.083984375,1.0546875,-0.29296875,-0.185546875
38131,1.15234375,1.15234375,-0.15625,-0.078125
38132,1.0546875,1.064453125,-0.322265625,-0.224609375
38133,1.181640625,1.220703125,-0.205078125,-0.224609375
38134,1.1328125,1.279296875,-0.29296875,-0.205078125
38135,1.162109375,1.123046875,-0.390625,-0.29296875
38136,1.19140625,1.123046875,-0.29296875,-0.25390625
38137,1.201171875,1.162109375,-0.205078125,-0.224609375
38138,1.07421875,1.15234375,-0.3125,-0.390625
38139,1.015625,1.15234375,-0.185546875,-0.2734375
38140,1.162109375,1.240234375,-0.185546875,-0.341796875
38141,1.201171875,1.07421875,-0.25390625,-0.17578125
38142,1.044921875,1.142578125,-0.29296875,-0.244140625
38143,1.25,1.07421875,-0.25390625,-0.283203125
38144,1.201171875,1.07421875,-0.234375,-0.341796875
38145,1.23046875,0.87890625,-0.322265625,-0.3125
38146,1.23046875,1.064453125,-0.244140625,-0.25390625
38147,1.298828125,1.083984375,-0.2734375,-0.283203125
38148,1.171875,1.123046875,-0.17578125,-0.263671875
38149,1.220703125,1.123046875,-0.166015625,-0.25390625
38150,1.19140625,1.083984375,-0.25390625,-0.25390625
38151,1.162109375,1.162109375,-0.1953125,-0.25390625
38152,1.23046875,1.044921875,-0.283203125,-0.283203125
38153,1.279296875,1.07421875,-0.341796875,-0.107421875
38154,1.220703125,1.03515625,-0.3125,-0.29296875
38155,1.181640625,1.103515625,-0.1953125,-0.25390625
38156,1.25,1.064453125,-0.322265625,-0.146484375
38157,1.15234375,1.07421875,-0.419921875,-0.1953125
38158,1.23046875,1.103515625,-0.380859375,-0.341796875
38159,1.318359375,1.15234375,-0.361328125,-0.224609375
38160,1.25,1.044921875,-0.3125,-0.25390625
38161,1.240234375,1.181640625,-0.37109375,-0.33203125
38162,1.2890625,1.1328125,-0.29296875,-0.15625
38163,1.171875,1.064453125,-0.2734375,-0.224609375
38164,1.142578125,1.15234375,-0.263671875,-0.2734375
38165,1.19140625,1.1328125,-0.37109375,-0.21484375
38166,1.298828125,1.025390625,-0.361328125,-0.302734375
38167,1.240234375,1.044921875,-0.166015625,-0.263671875
38168,1.201171875,1.123046875,-0.2734375,-0.302734375
38169,1.142578125,1.044921875,-0.33203125,-0.302734375
38170,1.279296875,1.025390625,-0.3125,-0.380859375
38171,1.19140625,1.09375,-0.224609375,-0.29296875
38172,1.25,1.09375,-0.283203125,-0.322265625
38173,1.09375,1.26953125,-0.283203125,-0.25390625
38174,1.15234375,1.03515625,-0.33203125,-0.283203125
38175,1.181640625,1.07421875,-0.400390625,-0.244140625
38176,1.201171875,1.123046875,-0.419921875,-0.380859375
38177,1.201171875,1.142578125,-0.205078125,-0.361328125
38178,1.123046875,1.11328125,-0.29296875,-0.3125
38179,1.220703125,1.103515625,-0.2734375,-0.400390625
38180,1.259765625,1.064453125,-0.322265625,-0.29296875
38181,1.181640625,1.103515625,-0.3125,-0.400390625
38182,1.11328125,1.1328125,-0.283203125,-0.322265625
38183,1.25,1.044921875,-0.322265625,-0.146484375
38184,1.083984375,1.162109375,-0.390625,-0.361328125
38185,1.25,1.181640625,-0.439453125,-0.2734375
38186,1.2109375,1.220703125,-0.25390625,-0.185546875
38187,1.25,1.123046875,-0.302734375,-0.37109375
38188,1.220703125,1.1328125,-0.29296875,-0.2734375
38189,1.220703125,1.1328125,-0.283203125,-0.302734375
38190,1.318359375,1.19140625,-0.390625,-0.3125
38191,1.2890625,1.162109375,-0.322265625,-0.33203125
38192,1.25,1.15234375,-0.478515625,-0.283203125
38193,1.220703125,1.15234375,-0.234375,-0.283203125
38194,1.25,1.181640625,-0.234375,-0.2734375
38195,1.23046875,1.11328125,-0.322265625,-0.302734375
38196,1.220703125,1.171875,-0.25390625,-0.185546875
38197,1.30859375,1.171875,-0.302734375,-0.33203125
38198,1.2109375,1.201171875,-0.29296875,-0.3515625
38199,1.083984375,1.142578125,-0.283203125,-0.224609375
38200,1.181640625,1.103515625,-0.29296875,-0.33203125
38201,1.23046875,1.142578125,-0.380859375,-0.234375
38202,1.142578125,1.2109375,-0.302734375,-0.3125
38203,1.25,1.23046875,-0.3515625,-0.29296875
38204,1.162109375,1.1328125,-0.3125,-0.302734375
38205,1.201171875,1.181640625,-0.244140625,-0.419921875
38206,1.11328125,1.07421875,-0.263671875,-0.322265625
38207,1.26953125,1.103515625,-0.29296875,-0.322265625
38208,1.2890625,1.171875,-0.244140625,-0.322265625
38209,1.181640625,1.103515625,-0.33203125,-0.322265625
38210,1.240234375,1.11328125,-0.234375,-0.2734375
38211,1.15234375,1.162109375,-0.25390625,-0.302734375
38212,1.07421875,1.181640625,-0.361328125,-0.29296875
38213,1.201171875,1.1328125,-0.224609375,-0.3125
38214,1.064453125,1.123046875,-0.29296875,-0.419921875
38215,1.09375,1.09375,-0.1953125,-0.322265625
38216,1.162109375,1.162109375,-0.224609375,-0.2734375
38217,1.181640625,1.142578125,-0.2734375,-0.29296875
38218,1.064453125,1.09375,-0.361328125,-0.46875
38219,1.162109375,1.103515625,-0.21484375,-0.302734375
38220,1.23046875,1.142578125,-0.302734375,-0.3515625
38221,1.19140625,1.005859375,-0.263671875,-0.234375
38222,1.162109375,1.123046875,-0.3125,-0.322265625
38223,1.15234375,1.1328125,-0.33203125,-0.166015625
38224,1.044921875,1.103515625,-0.283203125,-0.25390625
38225,1.2109375,1.171875,-0.1953125,-0.37109375
38226,1.064453125,1.26953125,-0.263671875,-0.4296875
38227,1.11328125,1.2109375,-0.185546875,-0.283203125
38228,1.15234375,1.23046875,-0.1953125,-0.302734375
38229,1.1328125,1.19140625,-0.283203125,-0.341796875
38230,1.103515625,1.15234375,-0.29296875,-0.439453125
38231,1.171875,1.171875,-0.263671875,-0.29296875
38232,1.142578125,1.2109375,-0.263671875,-0.302734375
38233,1.064453125,1.2109375,-0.21484375,-0.33203125
38234,1.15234375,1.11328125,-0.41015625,-0.33203125
38235,1.07421875,1.142578125,-0.29296875,-0.37109375
38236,1.025390625,1.181640625,-0.322265625,-0.341796875
38237,1.015625,1.25,-0.205078125,-0.244140625
38238,1.064453125,1.171875,-0.09765625,-0.33203125
38239,1.044921875,1.2109375,-0.234375,-0.068359375
38240,1.15234375,1.279296875,-0.33203125,-0.361328125
38241,1.201171875,1.2109375,-0.361328125,-0.3515625
38242,1.11328125,1.279296875,-0.263671875,-0.341796875
38243,1.201171875,1.171875,-0.380859375,-0.341796875
38244,1.162109375,1.279296875,-0.341796875,-0.21484375
38245,1.2890625,1.240234375,-0.21484375,-0.1171875
38246,1.09375,1.30859375,-0.29296875,-0.29296875
38247,1.083984375,1.259765625,-0.263671875,-0.37109375
38248,1.083984375,1.25,-0.302734375,-0.458984375
38249,1.15234375,1.15234375,-0.185546875,-0.25390625
38250,1.15234375,1.25,-0.302734375,-0.322265625
38251,1.123046875,1.201171875,-0.13671875,-0.361328125
38252,1.201171875,1.220703125,-0.3125,-0.37109375
38253,1.142578125,1.03515625,-0.263671875,-0.41015625
38254,1.201171875,1.15234375,-0.3125,-0.3125
38255,1.220703125,1.11328125,-0.3515625,-0.46875
38256,1.259765625,1.3671875,-0.263671875,-0.380859375
38257,1.142578125,1.220703125,-0.302734375,-0.3125
38258,1.2109375,1.15234375,-0.29296875,-0.390625
38259,1.181640625,1.11328125,-0.29296875,-0.400390625
38260,1.259765625,1.162109375,-0.2734375,-0.41015625
38261,1.142578125,1.142578125,-0.224609375,-0.380859375
38262,1.220703125,1.220703125,-0.283203125,-0.33203125
38263,1.162109375,1.171875,-0.3125,-0.37109375
38264,1.2109375,1.181640625,-0.3515625,-0.37109375
38265,1.09375,1.240234375,-0.2734375,-0.48828125
38266,1.2109375,1.15234375,-0.2734375,-0.322265625
38267,1.201171875,1.1328125,-0.3515625,-0.41015625
38268,1.240234375,1.15234375,-0.224609375,-0.400390625
38269,1.162109375,1.2109375,-0.2734375,-0.33203125
38270,1.1328125,1.23046875,-0.361328125,-0.37109375
38271,1.07421875,1.142578125,-0.3125,-0.380859375
38272,1.162109375,1.171875,-0.3515625,-0.361328125
38273,1.162109375,1.220703125,-0.263671875,-0.419921875
38274,1.142578125,1.337890625,-0.25390625,-0.3125
38275,1.142578125,1.240234375,-0.234375,-0.390625
38276,1.064453125,1.25,-0.2734375,-0.419921875
38277,1.181640625,1.19140625,-0.283203125,-0.37109375
38278,1.025390625,1.2109375,-0.302734375,-0.361328125
38279,1.19140625,1.220703125,-0.25390625,-0.380859375
38280,1.123046875,1.162109375,-0.2734375,-0.419921875
38281,1.005859375,1.171875,-0.29296875,-0.25390625
38282,1.142578125,1.181640625,-0.244140625,-0.341796875
38283,1.162109375,1.318359375,-0.29296875,-0.380859375
38284,1.259765625,1.162109375,-0.37109375,-0.44921875
38285,1.2109375,1.171875,-0.126953125,-0.341796875
38286,1.15234375,1.123046875,-0.166015625,-0.37109375
38287,1.15234375,1.201171875,-0.2734375,-0.4296875
38288,1.1328125,1.240234375,-0.25390625,-0.234375
38289,1.201171875,1.11328125,-0.322265625,-0.341796875
38290,1.171875,1.123046875,-0.263671875,-0.361328125
38291,1.03515625,1.220703125,-0.29296875,-0.322265625
38292,1.142578125,1.2109375,-0.29296875,-0.419921875
38293,1.142578125,1.171875,-0.33203125,-0.4296875
38294,1.044921875,1.181640625,-0.3125,-0.419921875
38295,1.181640625,1.064453125,-0.224609375,-0.37109375
38296,1.23046875,1.15234375,-0.322265625,-0.419921875
38297,1.220703125,1.103515625,-0.21484375,-0.41015625
38298,1.171875,1.171875,-0.322265625,-0.341796875
38299,1.25,1.162109375,-0.3125,-0.361328125
38300,1.005859375,1.19140625,-0.205078125,-0.390625
38301,1.337890625,1.279296875,-0.478515625,-0.3515625
38302,1.2109375,1.15234375,-0.3125,-0.390625
38303,1.15234375,1.201171875,-0.2734375,-0.400390625
38304,1.240234375,1.162109375,-0.25390625,-0.419921875
38305,1.1328125,1.23046875,-0.21484375,-0.341796875
38306,1.123046875,1.181640625,-0.1953125,-0.185546875
38307,1.025390625,1.2109375,-0.224609375,-0.4296875
38308,1.171875,1.083984375,-0.205078125,-0.361328125
38309,1.23046875,1.19140625,-0.2734375,-0.439453125
38310,1.015625,1.171875,-0.283203125,-0.48828125
38311,1.064453125,1.123046875,-0.224609375,-0.341796875
38312,1.123046875,1.162109375,-0.3125,-0.458984375
38313,1.07421875,1.07421875,-0.244140625,-0.3515625
38314,1.171875,1.337890625,-0.17578125,-0.390625
38315,1.171875,1.220703125,-0.29296875,-0.48828125
38316,1.15234375,1.25,-0.302734375,-0.458984375
38317,1.142578125,1.083984375,-0.29296875,-0.556640625
38318,1.259765625,1.15234375,-0.283203125,-0.4296875
38319,1.171875,1.23046875,-0.302734375,-0.390625
38320,1.09375,1.19140625,-0.2734375,-0.44921875
38321,1.1328125,1.171875,-0.224609375,-0.48828125
38322,1.123046875,1.103515625,-0.283203125,-0.46875
38323,1.03515625,1.09375,-0.224609375,-0.41015625
38324,1.083984375,1.15234375,-0.41015625,-0.390625
38325,0.99609375,1.123046875,-0.3125,-0.37109375
38326,1.1328125,1.171875,-0.3125,-0.478515625
38327,1.162109375,1.1328125,-0.185546875,-0.458984375
38328,1.181640625,1.19140625,-0.322265625,-0.37109375
38329,1.162109375,1.15234375,-0.224609375,-0.41015625
38330,1.19140625,1.1328125,-0.185546875,-0.37109375
38331,1.083984375,1.103515625,-0.107421875,-0.361328125
38332,1.123046875,1.357421875,-0.09765625,-0.419921875
38333,1.19140625,1.15234375,-0.29296875,-0.341796875
38334,1.162109375,1.09375,-0.224609375,-0.44921875
38335,1.171875,1.23046875,-0.263671875,-0.4296875
38336,1.0546875,1.123046875,-0.185546875,-0.380859375
38337,1.064453125,1.15234375,-0.146484375,-0.400390625
38338,1.1328125,1.171875,-0.078125,-0.419921875
38339,1.171875,1.201171875,-0.283203125,-0.400390625
38340,1.171875,1.162109375,-0.1953125,-0.37109375
38341,1.123046875,1.142578125,-0.205078125,-0.390625
38342,1.1328125,1.162109375,-0.244140625,-0.41015625
38343,1.23046875,1.19140625,-0.17578125,-0.37109375
38344,1.09375,1.23046875,-0.166015625,-0.400390625
38345,1.11328125,1.1328125,-0.2734375,-0.419921875
38346,1.044921875,1.083984375,-0.3125,-0.439453125
38347,1.09375,1.171875,-0.390625,-0.439453125
38348,1.044921875,1.1328125,-0.341796875,-0.4296875
38349,1.11328125,1.044921875,-0.224609375,-0.52734375
38350,1.19140625,1.103515625,-0.2734375,-0.3515625
38351,1.240234375,1.083984375,-0.380859375,-0.341796875
38352,1.15234375,1.19140625,-0.3515625,-0.25390625
38353,1.11328125,1.162109375,-0.25390625,-0.3515625
38354,1.09375,1.103515625,-0.21484375,-0.380859375
38355,1.15234375,1.142578125,-0.2734375,-0.380859375
38356,1.15234375,1.103515625,-0.419921875,-0.322265625
38357,1.2109375,1.162109375,-0.302734375,-0.390625
38358,1.19140625,1.103515625,-0.458984375,-0.48828125
38359,1.162109375,1.220703125,-0.107421875,-0.37109375
38360,1.19140625,1.044921875,-0.25390625,-0.29296875
38361,1.19140625,1.1328125,-0.2734375,-0.302734375
38362,1.19140625,1.15234375,-0.2734375,-0.48828125
38363,1.044921875,1.25,-0.244140625,-0.380859375
38364,1.34765625,1.15234375,-0.29296875,-0.37109375
38365,1.07421875,1.064453125,-0.25390625,-0.4296875
38366,1.259765625,1.259765625,-0.380859375,-0.302734375
38367,1.103515625,1.07421875,-0.3125,-0.33203125
38368,1.2109375,1.1328125,-0.33203125,-0.4296875
38369,1.123046875,1.11328125,-0.380859375,-0.400390625
38370,1.15234375,1.103515625,-0.205078125,-0.419921875
38371,1.171875,1.1328125,-0.2734375,-0.341796875
38372,1.15234375,1.09375,-0.205078125,-0.341796875
38373,1.162109375,1.15234375,-0.1953125,-0.341796875
38374,1.064453125,1.162109375,-0.15625,-0.419921875
38375,1.181640625,1.15234375,-0.2734375,-0.37109375
38376,1.142578125,1.103515625,-0.25390625,-0.37109375
38377,1.23046875,1.181640625,-0.33203125,-0.29296875
38378,1.1328125,0.95703125,-0.37109375,-0.419921875
38379,1.279296875,1.07421875,-0.1953125,-0.263671875
38380,1.19140625,1.162109375,-0.244140625,-0.361328125
38381,1.181640625,1.07421875,-0.263671875,-0.44921875
38382,1.181640625,1.07421875,-0.302734375,-0.322265625
38383,1.171875,1.064453125,-0.25390625,-0.3125
38384,1.162109375,1.044921875,-0.37109375,-0.390625
38385,0.986328125,1.11328125,-0.322265625,-0.146484375
38386,1.171875,1.1328125,-0.234375,-0.33203125
38387,1.123046875,1.03515625,-0.341796875,-0.400390625
38388,1.142578125,1.162109375,-0.283203125,-0.41015625
38389,1.220703125,1.19140625,-0.25390625,-0.361328125
38390,1.19140625,1.083984375,-0.2734375,-0.44921875
38391,1.220703125,1.103515625,-0.400390625,-0.419921875
38392,1.19140625,1.123046875,-0.380859375,-0.439453125
38393,1.19140625,1.142578125,-0.2734375,-0.419921875
38394,1.15234375,1.03515625,-0.29296875,-0.33203125
38395,1.220703125,1.11328125,-0.29296875,-0.4296875
38396,1.171875,1.123046875,-0.380859375,-0.419921875
38397,1.162109375,1.142578125,-0.3125,-0.302734375
38398,1.083984375,1.1328125,-0.205078125,-0.400390625
38399,1.240234375,1.103515625,-0.283203125,-0.458984375
38400,1.162109375,1.005859375,-0.234375,-0.341796875
38401,1.162109375,1.044921875,-0.29296875,-0.400390625
38402,1.15234375,1.09375,-0.234375,-0.2734375
38403,1.259765625,1.142578125,-0.302734375,-0.29296875
38404,1.11328125,1.142578125,-0.244140625,-0.380859375
38405,1.240234375,1.259765625,-0.205078125,-0.361328125
38406,1.416015625,1.142578125,-0.185546875,-0.517578125
38407,1.19140625,1.162109375,-0.263671875,-0.380859375
38408,1.240234375,1.181640625,-0.224609375,-0.263671875
38409,1.279296875,1.11328125,-0.3125,-0.341796875
38410,1.259765625,1.083984375,-0.166015625,-0.361328125
38411,1.201171875,1.1328125,-0.3515625,-0.419921875
38412,1.259765625,1.23046875,-0.17578125,-0.48828125
38413,1.279296875,1.162109375,-0.244140625,-0.37109375
38414,1.220703125,1.142578125,-0.341796875,-0.380859375
38415,1.298828125,1.09375,-0.33203125,-0.3515625
38416,1.357421875,1.09375,-0.302734375,-0.478515625
38417,1.279296875,1.103515625,-0.322265625,-0.37109375
38418,1.337890625,1.083984375,-0.21484375,-0.37109375
38419,1.2109375,1.1328125,-0.322265625,-0.361328125
38420,1.2890625,1.201171875,-0.283203125,-0.25390625
38421,1.298828125,1.171875,-0.25390625,-0.390625
38422,1.201171875,1.142578125,-0.283203125,-0.419921875
38423,1.103515625,1.09375,-0.25390625,-0.400390625
38424,1.240234375,1.201171875,-0.361328125,-0.439453125
38425,1.279296875,1.1328125,-0.1953125,-0.25390625
38426,1.23046875,1.03515625,-0.37109375,-0.29296875
38427,1.15234375,1.1328125,-0.322265625,-0.205078125
38428,1.181640625,1.083984375,-0.380859375,-0.224609375
38429,1.142578125,1.181640625,-0.25390625,-0.400390625
38430,1.181640625,1.162109375,-0.283203125,-0.3515625
38431,1.19140625,1.123046875,-0.224609375,-0.322265625
38432,1.181640625,1.044921875,-0.1953125,-0.322265625
38433,1.162109375,1.11328125,-0.302734375,-0.498046875
38434,1.171875,1.11328125,-0.166015625,-0.458984375
38435,1.25,0.95703125,-0.21484375,-0.341796875
38436,1.19140625,1.09375,-0.146484375,-0.33203125
38437,1.259765625,1.07421875,-0.21484375,-0.283203125
38438,1.2109375,1.171875,-0.1953125,-0.322265625
38439,1.23046875,1.03515625,-0.21484375,-0.380859375
38440,1.240234375,1.07421875,-0.25390625,-0.3125
38441,1.259765625,1.11328125,-0.283203125,-0.33203125
38442,1.259765625,1.03515625,-0.185546875,-0.380859375
38443,1.220703125,1.162109375,-0.283203125,-0.234375
38444,1.25,1.171875,-0.21484375,-0.224609375
38445,1.25,1.19140625,-0.29296875,-0.244140625
38446,1.34765625,1.103515625,-0.234375,-0.390625
38447,1.259765625,1.171875,-0.302734375,-0.4296875
38448,1.23046875,1.1328125,-0.234375,-0.458984375
38449,1.142578125,1.142578125,-0.3515625,-0.4296875
38450,1.1328125,1.09375,-0.205078125,-0.439453125
38451,1.171875,1.09375,-0.283203125,-0.37109375
38452,1.11328125,1.162109375,-0.283203125,-0.380859375
38453,1.1328125,1.15234375,-0.263671875,-0.458984375
38454,1.171875,1.005859375,-0.224609375,-0.37109375
38455,1.142578125,1.162109375,-0.244140625,-0.322265625
38456,1.23046875,1.07421875,-0.15625,-0.33203125
38457,1.171875,1.1328125,-0.361328125,-0.3515625
38458,1.015625,1.1328125,-0.17578125,-0.341796875
38459,1.1328125,1.103515625,-0.1953125,-0.234375
38460,1.25,1.09375,-0.185546875,-0.1953125
38461,1.240234375,1.1328125,-0.205078125,-0.263671875
38462,1.23046875,1.11328125,-0.205078125,-0.3515625
38463,1.240234375,1.123046875,-0.3125,-0.25390625
38464,1.298828125,1.19140625,-0.224609375,-0.3515625
38465,1.220703125,1.025390625,-0.3515625,-0.263671875
38466,1.201171875,1.025390625,-0.263671875,-0.15625
38467,1.1328125,1.064453125,-0.21484375,-0.341796875
38468,1.162109375,1.11328125,-0.263671875,-0.068359375
38469,1.123046875,1.11328125,-0.146484375,-0.4296875
38470,1.19140625,1.044921875,-0.21484375,-0.380859375
38471,1.123046875,1.0546875,-0.283203125,-0.185546875
38472,1.2109375,0.99609375,-0.244140625,-0.302734375
38473,1.2109375,1.25,-0.244140625,-0.263671875
38474,1.162109375,1.015625,-0.205078125,-0.41015625
38475,1.220703125,1.083984375,-0.302734375,-0.33203125
38476,1.162109375,0.9765625,-0.146484375,-0.400390625
38477,1.25,1.064453125,-0.17578125,-0.2734375
38478,1.19140625,1.025390625,-0.126953125,-0.341796875
38479,1.298828125,1.11328125,-0.322265625,-0.2734375
38480,1.1328125,1.11328125,-0.3125,-0.263671875
38481,1.083984375,1.2109375,-0.244140625,-0.41015625
38482,1.15234375,1.005859375,-0.224609375,-0.205078125
38483,1.15234375,1.09375,-0.13671875,-0.341796875
38484,1.11328125,0.99609375,-0.185546875,-0.390625
38485,1.298828125,1.201171875,-0.224609375,-0.302734375
38486,1.1328125,1.0546875,-0.166015625,-0.52734375
38487,1.044921875,1.015625,-0.244140625,-0.3515625
38488,1.123046875,1.064453125,-0.25390625,-0.44921875
38489,1.162109375,1.09375,-0.25390625,-0.283203125
38490,1.083984375,1.103515625,-0.1953125,-0.2734375
38491,1.201171875,0.966796875,-0.3515625,-0.244140625
38492,1.25,0.95703125,-0.205078125,-0.44921875
38493,1.220703125,0.986328125,-0.341796875,-0.2734375
38494,1.103515625,1.328125,-0.3515625,-0.21484375
38495,1.15234375,1.044921875,-0.3515625,-0.439453125
38496,1.15234375,1.044921875,-0.37109375,-0.224609375
38497,1.2109375,1.064453125,-0.29296875,-0.29296875
38498,1.25,1.03515625,-0.25390625,-0.244140625
38499,1.142578125,1.11328125,-0.25390625,-0.21484375
38500,1.2109375,1.005859375,-0.21484375,-0.146484375
38501,1.181640625,1.03515625,-0.263671875,-0.25390625
38502,1.220703125,0.9375,-0.3125,-0.224609375
38503,1.142578125,1.171875,-0.25390625,-0.205078125
38504,1.201171875,1.09375,-0.3125,-0.361328125
38505,1.298828125,1.064453125,-0.205078125,-0.263671875
38506,1.201171875,1.19140625,-0.302734375,-0.29296875
38507,1.0546875,1.083984375,-0.29296875,-0.341796875
38508,1.23046875,1.025390625,-0.244140625,-0.302734375
38509,1.171875,1.1328125,-0.21484375,-0.2734375
38510,1.201171875,1.03515625,-0.29296875,-0.25390625
38511,1.25,0.9375,-0.33203125,-0.283203125
38512,1.220703125,1.162109375,-0.234375,-0.244140625
38513,1.162109375,1.044921875,-0.244140625,-0.087890625
38514,1.15234375,1.044921875,-0.390625,-0.283203125
38515,1.201171875,1.03515625,-0.263671875,-0.21484375
38516,1.15234375,1.005859375,-0.390625,-0.263671875
38517,1.064453125,1.044921875,-0.380859375,-0.244140625
38518,1.298828125,1.09375,-0.3125,-0.166015625
38519,1.23046875,1.162109375,-0.400390625,-0.068359375
38520,1.220703125,1.171875,-0.3125,-0.2734375
38521,1.220703125,1.240234375,-0.419921875,-0.205078125
38522,1.26953125,1.1328125,-0.283203125,-0.1953125
38523,1.337890625,1.09375,-0.322265625,-0.283203125
38524,1.162109375,1.11328125,-0.3515625,-0.29296875
38525,1.298828125,1.19140625,-0.3125,-0.25390625
38526,1.171875,1.1328125,-0.234375,-0.2734375
38527,1.142578125,1.142578125,-0.458984375,-0.322265625
38528,1.25,1.11328125,-0.29296875,-0.1953125
38529,1.220703125,1.11328125,-0.390625,-0.2734375
38530,1.162109375,1.103515625,-0.4296875,-0.263671875
38531,1.201171875,1.083984375,-0.263671875,-0.380859375
38532,1.298828125,1.083984375,-0.341796875,-0.224609375
38533,1.181640625,1.171875,-0.400390625,-0.1953125
38534,1.240234375,1.15234375,-0.44921875,-0.185546875
38535,1.23046875,1.11328125,-0.400390625,-0.25390625
38536,1.23046875,1.15234375,-0.302734375,-0.2734375
38537,1.15234375,1.11328125,-0.322265625,-0.224609375
38538,1.2890625,1.07421875,-0.37109375,-0.244140625
38539,1.318359375,0.91796875,-0.41015625,-0.2734375
38540,1.11328125,1.044921875,-0.283203125,-0.33203125
38541,1.162109375,1.142578125,-0.322265625,-0.25390625
38542,1.181640625,1.09375,-0.3125,-0.244140625
38543,1.23046875,1.2890625,-0.341796875,-0.263671875
38544,1.2109375,1.044921875,-0.37109375,-0.2734375
38545,1.23046875,1.0546875,-0.17578125,-0.185546875
38546,1.142578125,1.162109375,-0.322265625,-0.3125
38547,1.25,1.162109375,-0.322265625,-0.234375
38548,1.09375,1.11328125,-0.478515625,-0.322265625
38549,1.142578125,1.318359375,-0.380859375,-0.322265625
38550,1.162109375,1.025390625,-0.3515625,-0.33203125
38551,1.142578125,1.11328125,-0.33203125,-0.263671875
38552,1.2109375,1.103515625,-0.283203125,-0.185546875
38553,1.162109375,1.15234375,-0.244140625,-0.244140625
38554,1.083984375,1.142578125,-0.244140625,-0.263671875
38555,1.162109375,1.11328125,-0.29296875,-0.25390625
38556,1.11328125,1.064453125,-0.25390625,-0.224609375
38557,1.30859375,1.1328125,-0.322265625,-0.244140625
38558,1.201171875,1.171875,-0.3125,-0.224609375
38559,1.162109375,1.1328125,-0.33203125,-0.263671875
38560,1.2109375,1.09375,-0.3125,-0.263671875
38561,1.19140625,1.181640625,-0.44921875,-0.2734375
38562,1.123046875,1.123046875,-0.2734375,-0.283203125
38563,1.171875,1.15234375,-0.15625,-0.25390625
38564,1.103515625,1.23046875,-0.33203125,-0.224609375
38565,1.015625,1.1328125,-0.29296875,-0.48828125
38566,1.083984375,1.11328125,-0.3125,-0.2734375
38567,1.15234375,1.171875,-0.126953125,-0.4296875
38568,1.15234375,1.15234375,-0.205078125,-0.283203125
38569,1.181640625,1.083984375,-0.17578125,-0.3515625
38570,1.201171875,1.181640625,-0.400390625,-0.244140625
38571,1.044921875,1.09375,-0.25390625,-0.1953125
38572,1.123046875,1.23046875,-0.234375,-0.25390625
38573,1.19140625,1.162109375,-0.283203125,-0.263671875
38574,1.240234375,1.103515625,-0.263671875,-0.244140625
38575,1.123046875,0.986328125,-0.390625,-0.2734375
38576,1.201171875,1.064453125,-0.224609375,-0.263671875
38577,1.2109375,1.11328125,-0.2734375,-0.234375
38578,1.2890625,1.123046875,-0.17578125,-0.283203125
38579,1.220703125,1.11328125,-0.234375,-0.21484375
38580,1.142578125,1.064453125,-0.3125,-0.390625
38581,1.103515625,0.9765625,-0.244140625,-0.33203125
38582,1.171875,1.09375,-0.37109375,-0.17578125
38583,1.240234375,1.083984375,-0.302734375,-0.3125
38584,1.1328125,1.083984375,-0.244140625,-0.302734375
38585,1.162109375,0.986328125,-0.3515625,-0.25390625
38586,1.181640625,1.1328125,-0.3125,-0.1171875
38587,1.220703125,1.064453125,-0.234375,-0.244140625
38588,1.171875,1.015625,-0.380859375,-0.2734375
38589,1.19140625,1.15234375,-0.29296875,-0.21484375
38590,1.181640625,1.171875,-0.33203125,-0.29296875
38591,1.201171875,1.09375,-0.33203125,-0.17578125
38592,1.2109375,1.103515625,-0.29296875,-0.29296875
38593,1.25,1.09375,-0.2734375,-0.25390625
38594,1.259765625,0.859375,-0.244140625,-0.302734375
38595,1.201171875,1.103515625,-0.234375,-0.244140625
38596,1.19140625,1.103515625,-0.2734375,-0.244140625
38597,1.201171875,1.142578125,-0.33203125,-0.29296875
38598,1.181640625,1.279296875,-0.37109375,-0.439453125
38599,1.34765625,1.083984375,-0.3515625,-0.283203125
38600,1.220703125,1.142578125,-0.341796875,-0.283203125
38601,1.25,1.259765625,-0.322265625,-0.33203125
38602,1.220703125,1.083984375,-0.390625,-0.380859375
38603,1.142578125,1.103515625,-0.37109375,-0.29296875
38604,1.162109375,1.103515625,-0.361328125,-0.25390625
38605,0.927734375,1.162109375,-0.302734375,-0.283203125
38606,1.103515625,1.15234375,-0.361328125,-0.390625
38607,1.279296875,1.123046875,-0.439453125,-0.419921875
38608,1.07421875,1.1328125,-0.302734375,-0.205078125
38609,1.181640625,1.015625,-0.439453125,-0.29296875
38610,1.318359375,0.869140625,-0.37109375,-0.205078125
38611,1.26953125,1.1328125,-0.166015625,-0.33203125
38612,1.201171875,1.044921875,-0.263671875,-0.25390625
38613,1.220703125,0.95703125,-0.302734375,-0.283203125
38614,1.240234375,1.123046875,-0.322265625,-0.4296875
38615,1.259765625,1.142578125,-0.322265625,-0.361328125
38616,1.240234375,1.142578125,-0.390625,-0.244140625
38617,1.40625,1.162109375,-0.263671875,-0.234375
38618,1.19140625,1.064453125,-0.21484375,-0.361328125
38619,1.26953125,1.123046875,-0.263671875,-0.078125
38620,1.103515625,1.103515625,-0.3125,-0.400390625
38621,1.25,1.1328125,-0.390625,-0.3515625
38622,1.240234375,1.103515625,-0.380859375,-0.2734375
38623,1.23046875,1.181640625,-0.3515625,-0.21484375
38624,1.083984375,1.103515625,-0.302734375,-0.322265625
38625,1.220703125,1.083984375,-0.263671875,-0.263671875
38626,1.259765625,1.171875,-0.33203125,-0.33203125
38627,1.11328125,1.259765625,-0.322265625,-0.234375
38628,1.201171875,1.25,-0.439453125,-0.322265625
38629,1.328125,1.142578125,-0.302734375,-0.390625
38630,1.2109375,1.142578125,-0.4296875,-0.322265625
38631,1.23046875,1.1328125,-0.3515625,-0.37109375
38632,1.220703125,1.142578125,-0.283203125,-0.341796875
38633,1.2109375,1.181640625,-0.21484375,-0.341796875
38634,1.240234375,1.162109375,-0.283203125,-0.439453125
38635,1.181640625,1.07421875,-0.3515625,-0.4296875
38636,1.201171875,1.15234375,-0.2734375,-0.2734375
38637,1.2109375,1.15234375,-0.146484375,-0.439453125
38638,1.1328125,1.15234375,-0.25390625,-0.302734375
38639,1.2109375,1.11328125,-0.21484375,-0.33203125
38640,1.19140625,1.2890625,-0.3515625,-0.3125
38641,1.044921875,1.171875,-0.244140625,-0.400390625
38642,1.181640625,1.19140625,-0.13671875,-0.263671875
38643,1.15234375,1.1328125,-0.302734375,-0.341796875
38644,1.103515625,1.171875,-0.205078125,-0.3125
38645,1.142578125,1.064453125,-0.322265625,-0.341796875
38646,1.103515625,1.181640625,-0.3515625,-0.37109375
38647,1.2109375,1.142578125,-0.224609375,-0.458984375
38648,1.240234375,1.103515625,-0.234375,-0.33203125
38649,1.15234375,1.0546875,-0.302734375,-0.33203125
38650,1.1328125,1.19140625,-0.1953125,-0.3125
38651,1.15234375,1.2109375,-0.322265625,-0.244140625
38652,1.171875,1.19140625,-0.234375,-0.341796875
38653,1.123046875,1.171875,-0.2734375,-0.205078125
38654,1.162109375,1.0546875,-0.244140625,-0.361328125
38655,1.09375,1.07421875,-0.263671875,-0.341796875
38656,1.19140625,1.11328125,-0.283203125,-0.3125
38657,1.19140625,1.2109375,-0.302734375,-0.302734375
38658,1.123046875,1.03515625,-0.3125,-0.302734375
38659,1.201171875,1.240234375,-0.224609375,-0.146484375
38660,1.162109375,1.171875,-0.3515625,-0.390625
38661,1.07421875,1.09375,-0.166015625,-0.2734375
38662,1.142578125,1.220703125,-0.205078125,-0.33203125
38663,1.083984375,1.162109375,-0.146484375,-0.302734375
38664,1.25,1.220703125,-0.33203125,-0.322265625
38665,1.123046875,1.181640625,-0.37109375,-0.4296875
38666,1.181640625,1.162109375,-0.2734375,-0.3515625
38667,1.162109375,1.2890625,-0.400390625,-0.263671875
38668,1.11328125,1.1328125,-0.41015625,-0.390625
38669,1.083984375,1.25,-0.37109375,-0.341796875
38670,1.123046875,1.38671875,-0.302734375,-0.37109375
38671,1.064453125,1.171875,-0.068359375,-0.283203125
38672,1.03515625,1.240234375,-0.3125,-0.380859375
38673,1.09375,1.201171875,-0.322265625,-0.341796875
38674,1.1328125,1.240234375,-0.302734375,-0.439453125
38675,1.025390625,1.23046875,-0.3515625,-0.41015625
38676,1.083984375,1.38671875,-0.37109375,-0.41015625
38677,1.103515625,1.07421875,-0.390625,-0.37109375
38678,1.162109375,1.220703125,-0.302734375,-0.341796875
38679,1.1328125,1.25,-0.244140625,-0.33203125
38680,1.103515625,1.220703125,-0.126953125,-0.458984375
38681,1.07421875,1.2109375,-0.263671875,-0.48828125
38682,1.083984375,1.259765625,-0.3515625,-0.380859375
38683,1.142578125,1.171875,-0.29296875,-0.33203125
38684,1.171875,1.181640625,-0.244140625,-0.41015625
38685,1.23046875,1.162109375,-0.205078125,-0.380859375
38686,1.2109375,1.181640625,-0.3515625,-0.400390625
38687,1.279296875,1.1328125,-0.21484375,-0.634765625
38688,1.1328125,1.240234375,-0.361328125,-0.3515625
38689,1.181640625,1.19140625,-0.29296875,-0.380859375
38690,1.171875,1.171875,-0.263671875,-0.419921875
38691,1.25,1.259765625,-0.244140625,-0.400390625
38692,1.19140625,1.42578125,-0.283203125,-0.390625
38693,1.171875,1.15234375,-0.2734375,-0.400390625
38694,1.220703125,1.279296875,-0.2734375,-0.37109375
38695,1.15234375,1.19140625,-0.283203125,-0.498046875
38696,1.1328125,1.259765625,-0.29296875,-0.419921875
38697,1.298828125,1.240234375,-0.244140625,-0.419921875
38698,1.123046875,1.044921875,-0.205078125,-0.439453125
38699,0.99609375,1.259765625,-0.234375,-0.322265625
38700,1.142578125,1.2109375,-0.29296875,-0.46875
38701,1.103515625,1.064453125,-0.2734375,-0.380859375
38702,1.103515625,1.19140625,-0.2734375,-0.41015625
38703,1.083984375,1.15234375,-0.185546875,-0.595703125
38704,1.103515625,1.162109375,-0.166015625,-0.439453125
38705,1.220703125,1.123046875,-0.25390625,-0.4296875
38706,1.0546875,1.2109375,-0.29296875,-0.390625
38707,1.171875,1.162109375,-0.341796875,-0.400390625
38708,1.103515625,1.181640625,-0.302734375,-0.46875
38709,1.064453125,1.26953125,-0.21484375,-0.380859375
38710,1.07421875,1.591796875,-0.3515625,-0.400390625
38711,1.07421875,1.142578125,-0.283203125,-0.390625
38712,1.15234375,1.171875,-0.244140625,-0.3515625
38713,1.19140625,1.337890625,-0.263671875,-0.419921875
38714,1.25,1.2109375,-0.21484375,-0.29296875
38715,1.181640625,1.03515625,-0.341796875,-0.380859375
38716,1.1328125,1.19140625,-0.41015625,-0.400390625
38717,1.23046875,1.044921875,-0.263671875,-0.21484375
38718,1.19140625,1.19140625,-0.322265625,-0.44921875
38719,1.1328125,1.240234375,-0.4296875,-0.400390625
38720,1.25,1.15234375,-0.2734375,-0.576171875
38721,1.123046875,1.142578125,-0.37109375,-0.380859375
38722,1.220703125,1.220703125,-0.283203125,-0.361328125
38723,1.162109375,1.103515625,-0.17578125,-0.234375
38724,1.064453125,1.123046875,-0.2734375,-0.263671875
38725,1.103515625,1.26953125,-0.341796875,-0.400390625
38726,1.09375,1.259765625,-0.283203125,-0.302734375
38727,1.240234375,1.162109375,-0.3125,-0.439453125
38728,1.123046875,1.23046875,-0.263671875,-0.390625
38729,1.201171875,1.220703125,-0.302734375,-0.546875
38730,1.240234375,1.142578125,-0.263671875,-0.46875
38731,1.220703125,1.044921875,-0.29296875,-0.341796875
38732,1.171875,1.2109375,-0.25390625,-0.341796875
38733,1.23046875,1.123046875,-0.322265625,-0.37109375
38734,1.23046875,1.240234375,-0.234375,-0.380859375
38735,1.162109375,1.09375,-0.234375,-0.478515625
38736,1.259765625,1.220703125,-0.224609375,-0.478515625
38737,1.15234375,1.2109375,-0.33203125,-0.322265625
38738,1.162109375,1.064453125,-0.17578125,-0.48828125
38739,1.005859375,1.142578125,-0.244140625,-0.546875
38740,0.99609375,1.19140625,-0.166015625,-0.4296875
38741,1.09375,1.123046875,-0.17578125,-0.48828125
38742,1.201171875,1.123046875,-0.3125,-0.44921875
38743,1.083984375,1.181640625,-0.2734375,-0.33203125
38744,1.15234375,1.083984375,-0.146484375,-0.361328125
38745,1.07421875,1.181640625,-0.29296875,-0.48828125
38746,1.09375,1.07421875,-0.1953125,-0.3515625
38747,1.083984375,1.09375,-0.17578125,-0.361328125
38748,1.171875,1.142578125,-0.205078125,-0.44921875
38749,1.064453125,1.064453125,-0.205078125,-0.41015625
38750,1.1328125,1.0546875,-0.33203125,-0.400390625
38751,1.064453125,1.15234375,-0.322265625,-0.439453125
38752,1.123046875,1.15234375,-0.234375,-0.3515625
38753,1.103515625,0.95703125,-0.283203125,-0.44921875
38754,1.2109375,1.103515625,-0.25390625,-0.29296875
38755,1.25,1.123046875,-0.25390625,-0.439453125
38756,1.11328125,1.162109375,-0.166015625,-0.3515625
38757,1.162109375,1.142578125,-0.224609375,-0.537109375
38758,1.25,1.2109375,-0.302734375,-0.44921875
38759,1.142578125,1.162109375,-0.029296875,-0.361328125
38760,1.30859375,1.1328125,-0.33203125,-0.439453125
38761,1.162109375,1.11328125,-0.234375,-0.37109375
38762,1.162109375,1.220703125,-0.205078125,-0.458984375
38763,1.240234375,1.15234375,-0.244140625,-0.2734375
38764,1.2109375,1.142578125,-0.283203125,-0.439453125
38765,1.220703125,1.103515625,-0.322265625,-0.390625
38766,1.19140625,1.142578125,-0.21484375,-0.6640625
38767,1.044921875,1.15234375,-0.341796875,-0.41015625
38768,1.07421875,1.201171875,-0.2734375,-0.498046875
38769,1.09375,1.162109375,-0.1953125,-0.44921875
38770,1.103515625,1.1328125,-0.29296875,-0.48828125
38771,1.123046875,1.162109375,-0.3125,-0.400390625
38772,1.1328125,1.181640625,-0.078125,-0.244140625
38773,1.083984375,1.220703125,-0.1953125,-0.400390625
38774,1.142578125,1.1328125,-0.322265625,-0.41015625
38775,1.162109375,0.91796875,-0.2734375,-0.5078125
38776,1.1328125,1.162109375,-0.244140625,-0.361328125
38777,1.11328125,1.2109375,-0.1953125,-0.41015625
38778,1.07421875,1.298828125,-0.244140625,-0.615234375
38779,1.0546875,1.201171875,-0.33203125,-0.283203125
38780,1.123046875,1.19140625,-0.419921875,-0.46875
38781,1.123046875,1.26953125,-0.380859375,-0.537109375
38782,1.09375,1.1328125,-0.302734375,-0.3515625
38783,1.19140625,1.2109375,-0.263671875,-0.29296875
38784,1.083984375,1.259765625,-0.224609375,-0.4296875
38785,1.1328125,1.1328125,-0.29296875,-0.400390625
38786,1.30859375,1.03515625,-0.37109375,-0.390625
38787,1.15234375,1.201171875,-0.302734375,-0.48828125
38788,1.07421875,1.11328125,-0.322265625,-0.3515625
38789,1.142578125,1.123046875,-0.146484375,-0.322265625
38790,1.181640625,1.181640625,-0.25390625,-0.390625
38791,1.103515625,1.09375,-0.205078125,-0.400390625
38792,1.2109375,0.986328125,-0.419921875,-0.380859375
38793,1.15234375,1.07421875,-0.1953125,-0.390625
38794,1.0546875,1.142578125,-0.146484375,-0.478515625
38795,1.123046875,1.07421875,-0.380859375,-0.400390625
38796,1.09375,1.171875,-0.3125,-0.390625
38797,1.279296875,1.09375,-0.263671875,-0.380859375
38798,1.11328125,1.083984375,-0.185546875,-0.4296875
38799,1.23046875,1.103515625,-0.29296875,-0.41015625
38800,1.181640625,1.162109375,-0.263671875,-0.390625
38801,1.142578125,1.1328125,-0.126953125,-0.400390625
38802,1.083984375,1.220703125,-0.244140625,-0.361328125
38803,1.2890625,1.142578125,-0.361328125,-0.37109375
38804,1.0546875,1.142578125,-0.390625,-0.44921875
38805,1.07421875,1.123046875,-0.361328125,-0.322265625
38806,1.181640625,1.03515625,-0.283203125,-0.3515625
38807,1.103515625,1.083984375,-0.322265625,-0.44921875
38808,1.142578125,1.07421875,-0.33203125,-0.390625
38809,1.19140625,1.07421875,-0.17578125,-0.400390625
38810,1.171875,1.07421875,-0.283203125,-0.419921875
38811,1.171875,1.2109375,-0.341796875,-0.3515625
38812,1.162109375,1.15234375,-0.3125,-0.29296875
38813,1.162109375,1.201171875,-0.302734375,-0.419921875
38814,1.220703125,1.103515625,-0.302734375,-0.3125
38815,1.2109375,1.11328125,-0.380859375,-0.302734375
38816,1.162109375,1.015625,-0.283203125,-0.302734375
38817,1.103515625,1.123046875,-0.234375,-0.322265625
38818,1.1328125,1.123046875,-0.2734375,-0.1171875
38819,1.201171875,1.103515625,-0.283203125,-0.419921875
38820,1.15234375,1.11328125,-0.263671875,-0.263671875
38821,1.123046875,1.15234375,-0.3125,-0.185546875
38822,1.23046875,1.11328125,-0.224609375,-0.361328125
38823,1.201171875,1.1328125,-0.33203125,-0.361328125
38824,1.103515625,1.083984375,-0.2734375,-0.37109375
38825,1.083984375,1.07421875,-0.380859375,-0.390625
38826,1.1328125,1.201171875,-0.234375,-0.400390625
38827,1.19140625,1.142578125,-0.29296875,-0.224609375
38828,1.11328125,1.103515625,-0.263671875,-0.3125
38829,1.09375,1.240234375,-0.244140625,-0.3515625
38830,1.19140625,1.1328125,-0.263671875,-0.380859375
38831,1.11328125,1.2109375,-0.244140625,-0.390625
38832,1.11328125,1.0546875,-0.21484375,-0.361328125
38833,1.123046875,1.1328125,-0.322265625,-0.322265625
38834,1.123046875,1.201171875,-0.322265625,-0.41015625
38835,1.15234375,1.337890625,-0.25390625,-0.41015625
38836,1.171875,1.123046875,-0.302734375,-0.380859375
38837,1.19140625,1.123046875,-0.283203125,-0.458984375
38838,1.220703125,1.0546875,-0.419921875,-0.25390625
38839,1.19140625,1.171875,-0.302734375,-0.302734375
38840,1.259765625,1.162109375,-0.166015625,-0.41015625
38841,1.259765625,1.26953125,-0.2734375,-0.380859375
38842,1.2109375,1.09375,-0.2734375,-0.400390625
38843,1.240234375,1.123046875,-0.33203125,-0.41015625
38844,1.279296875,1.19140625,-0.21484375,-0.341796875
38845,1.19140625,1.259765625,-0.41015625,-0.3515625
38846,1.2890625,1.162109375,-0.3515625,-0.419921875
38847,1.337890625,1.162109375,-0.390625,-0.322265625
38848,1.26953125,1.2890625,-0.400390625,-0.400390625
38849,1.015625,1.15234375,-0.25390625,-0.341796875
38850,1.259765625,1.15234375,-0.3125,-0.4296875
38851,1.181640625,0.9765625,-0.302734375,-0.29296875
38852,1.240234375,1.171875,-0.3125,-0.3125
38853,1.201171875,1.15234375,-0.2734375,-0.400390625
38854,1.201171875,1.201171875,-0.33203125,-0.361328125
38855,1.2890625,1.103515625,-0.3125,-0.44921875
38856,1.240234375,1.083984375,-0.25390625,-0.302734375
38857,1.181640625,1.025390625,-0.263671875,-0.33203125
38858,1.259765625,1.162109375,-0.283203125,-0.44921875
38859,1.2109375,1.083984375,-0.205078125,-0.3125
38860,1.19140625,1.103515625,-0.205078125,-0.439453125
38861,1.083984375,1.23046875,-0.244140625,-0.341796875
38862,1.103515625,1.162109375,-0.21484375,-0.341796875
38863,1.19140625,1.103515625,-0.1953125,-0.3125
38864,1.396484375,1.2109375,-0.2734375,-0.419921875
38865,1.240234375,1.0546875,-0.322265625,-0.3515625
38866,1.328125,1.123046875,-0.283203125,-0.390625
38867,1.279296875,1.09375,-0.234375,-0.322265625
38868,1.298828125,1.123046875,-0.224609375,-0.419921875
38869,1.279296875,1.123046875,-0.283203125,-0.33203125
38870,1.23046875,1.083984375,-0.205078125,-0.361328125
38871,1.26953125,1.0546875,-0.224609375,-0.322265625
38872,1.26953125,1.1328125,-0.302734375,-0.419921875
38873,1.34765625,1.103515625,-0.29296875,-0.419921875
38874,1.220703125,1.0546875,-0.25390625,-0.380859375
38875,1.25,1.0546875,-0.244140625,-0.361328125
38876,1.2890625,1.171875,-0.25390625,-0.380859375
38877,1.26953125,1.09375,-0.244140625,-0.41015625
38878,1.162109375,0.888671875,-0.234375,-0.322265625
38879,1.1328125,1.171875,-0.29296875,-0.263671875
38880,1.171875,1.171875,-0.302734375,-0.439453125
38881,1.181640625,1.09375,-0.283203125,-0.33203125
38882,1.181640625,1.09375,-0.322265625,-0.341796875
38883,1.07421875,1.11328125,-0.361328125,-0.44921875
38884,1.23046875,1.09375,-0.205078125,-0.3515625
38885,1.2109375,1.142578125,-0.29296875,-0.419921875
38886,1.1328125,1.123046875,-0.263671875,-0.419921875
38887,1.15234375,1.07421875,-0.244140625,-0.41015625
38888,1.25,1.103515625,-0.21484375,-0.341796875
38889,1.201171875,1.1328125,-0.13671875,-0.419921875
38890,1.19140625,1.11328125,-0.1953125,-0.41015625
38891,1.07421875,1.0546875,-0.068359375,-0.458984375
38892,1.23046875,1.1328125,-0.15625,-0.3125
38893,1.240234375,1.1328125,-0.126953125,-0.361328125
38894,1.201171875,1.03515625,-0.166015625,-0.33203125
38895,1.2109375,1.0546875,-0.234375,-0.3125
38896,1.201171875,1.103515625,-0.1171875,-0.3125
38897,1.171875,1.103515625,-0.166015625,-0.361328125
38898,1.240234375,1.025390625,-0.1953125,-0.4296875
38899,1.201171875,1.09375,-0.126953125,-0.390625
38900,1.19140625,1.064453125,-0.185546875,-0.361328125
38901,1.376953125,1.09375,-0.205078125,-0.302734375
38902,1.259765625,1.005859375,-0.224609375,-0.322265625
38903,1.19140625,0.830078125,-0.21484375,-0.263671875
38904,1.3671875,1.005859375,-0.15625,-0.46875
38905,1.162109375,1.103515625,-0.3515625,-0.361328125
38906,1.19140625,1.181640625,-0.09765625,-0.390625
38907,1.298828125,1.083984375,-0.234375,-0.29296875
38908,1.142578125,1.064453125,-0.166015625,-0.234375
38909,1.23046875,1.07421875,-0.21484375,-0.439453125
38910,1.0546875,1.123046875,-0.09765625,-0.244140625
38911,1.25,1.328125,-0.205078125,-0.3125
38912,1.181640625,1.15234375,-0.3125,-0.224609375
38913,1.2109375,0.95703125,-0.322265625,-0.2734375
38914,1.142578125,1.005859375,-0.3125,-0.29296875
38915,1.23046875,1.0546875,-0.341796875,-0.41015625
38916,1.1328125,1.044921875,-0.244140625,-0.185546875
38917,1.201171875,1.03515625,-0.263671875,-0.283203125
38918,1.19140625,1.0546875,-0.234375,-0.361328125
38919,1.279296875,1.11328125,-0.3125,-0.29296875
38920,1.083984375,1.09375,-0.2734375,-0.322265625
38921,1.15234375,1.064453125,-0.283203125,-0.185546875
38922,1.240234375,1.07421875,-0.234375,-0.263671875
38923,1.162109375,1.083984375,-0.3515625,-0.244140625
38924,1.162109375,1.09375,-0.146484375,-0.390625
38925,1.162109375,1.03515625,-0.380859375,-0.25390625
38926,1.279296875,1.064453125,-0.234375,-0.302734375
38927,1.19140625,0.95703125,-0.205078125,-0.302734375
38928,1.201171875,1.09375,-0.1953125,-0.322265625
38929,1.171875,1.1328125,-0.224609375,-0.283203125
38930,1.171875,1.025390625,-0.185546875,-0.263671875
38931,1.083984375,1.044921875,-0.2734375,-0.3125
38932,1.162109375,1.044921875,-0.234375,-0.224609375
38933,1.162109375,1.005859375,-0.234375,-0.302734375
38934,1.19140625,0.986328125,-0.205078125,-0.283203125
38935,1.298828125,0.966796875,-0.224609375,-0.263671875
38936,1.181640625,1.044921875,-0.3125,-0.244140625
38937,1.19140625,1.0546875,-0.283203125,-0.25390625
38938,1.240234375,1.123046875,-0.3515625,-0.224609375
38939,1.171875,1.123046875,-0.1953125,-0.21484375
38940,1.123046875,1.064453125,-0.17578125,-0.2734375
38941,1.11328125,1.064453125,-0.185546875,-0.25390625
38942,1.181640625,1.07421875,-0.25390625,-0.21484375
38943,1.142578125,1.09375,-0.3125,-0.205078125
38944,1.11328125,1.181640625,-0.400390625,-0.244140625
38945,1.220703125,1.03515625,-0.361328125,-0.1953125
38946,1.181640625,1.09375,-0.3125,-0.341796875
38947,1.123046875,0.986328125,-0.380859375,-0.25390625
38948,1.15234375,1.123046875,-0.283203125,-0.1953125
38949,1.318359375,0.908203125,-0.29296875,-0.25390625
38950,1.142578125,1.1328125,-0.302734375,-0.244140625
38951,1.123046875,0.947265625,-0.33203125,-0.1953125
38952,1.220703125,1.103515625,-0.283203125,-0.2734375
38953,1.2109375,1.123046875,-0.283203125,-0.21484375
38954,1.279296875,1.142578125,-0.283203125,-0.234375
38955,1.298828125,1.0546875,-0.33203125,-0.322265625
38956,1.142578125,1.044921875,-0.2734375,-0.17578125
38957,1.181640625,1.123046875,-0.263671875,-0.25390625
38958,1.103515625,1.259765625,-0.44921875,-0.3125
38959,1.103515625,1.07421875,-0.33203125,-0.205078125
38960,1.201171875,1.103515625,-0.3125,-0.2734375
38961,1.162109375,1.123046875,-0.341796875,-0.224609375
38962,1.015625,1.103515625,-0.322265625,-0.15625
38963,1.220703125,1.181640625,-0.3515625,-0.29296875
38964,1.044921875,1.0546875,-0.2734375,-0.068359375
38965,1.171875,1.11328125,-0.44921875,-0.05859375
38966,1.123046875,1.07421875,-0.4296875,-0.3515625
38967,1.11328125,1.083984375,-0.302734375,-0.234375
38968,1.19140625,1.07421875,-0.29296875,-0.09765625
38969,1.15234375,1.1328125,-0.361328125,-0.2734375
38970,1.15234375,1.09375,-0.322265625,-0.224609375
38971,1.19140625,1.07421875,-0.3515625,-0.263671875
38972,1.07421875,1.123046875,-0.2734375,-0.3515625
38973,1.181640625,1.1328125,-0.439453125,-0.166015625
38974,1.201171875,1.162109375,-0.341796875,-0.419921875
38975,1.171875,1.181640625,-0.302734375,-0.1953125
38976,1.103515625,1.064453125,-0.29296875,-0.1953125
38977,1.044921875,1.162109375,-0.419921875,-0.2734375
38978,1.123046875,1.142578125,-0.2734375,-0.205078125
38979,1.171875,1.19140625,-0.25390625,-0.126953125
38980,1.19140625,1.123046875,-0.458984375,-0.2734375
38981,1.15234375,1.025390625,-0.380859375,-0.21484375
38982,1.1328125,1.103515625,-0.341796875,-0.244140625
38983,1.181640625,1.123046875,-0.1953125,-0.1171875
38984,1.2890625,1.11328125,-0.283203125,-0.146484375
38985,1.220703125,1.064453125,-0.283203125,-0.126953125
38986,1.11328125,1.103515625,-0.244140625,-0.205078125
38987,1.201171875,1.0546875,-0.21484375,-0.263671875
38988,1.09375,1.09375,-0.263671875,-0.205078125
38989,1.0546875,1.123046875,-0.21484375,-0.234375
38990,1.09375,1.044921875,-0.25390625,-0.185546875
38991,1.15234375,0.966796875,-0.2734375,-0.234375
38992,1.201171875,1.1328125,-0.263671875,-0.4296875
38993,1.181640625,1.11328125,-0.1953125,-0.224609375
38994,1.19140625,1.162109375,-0.341796875,-0.205078125
38995,1.03515625,1.11328125,-0.3125,-0.13671875
38996,1.19140625,1.142578125,-0.29296875,-0.29296875
38997,1.181640625,1.298828125,-0.439453125,-0.29296875
38998,1.1328125,1.162109375,-0.29296875,-0.263671875
38999,1.15234375,1.103515625,-0.224609375,-0.185546875
39000,1.162109375,1.19140625,-0.341796875,-0.33203125
39001,1.201171875,1.1328125,-0.283203125,-0.166015625
39002,1.044921875,1.11328125,-0.37109375,-0.244140625
39003,1.162109375,1.123046875,-0.166015625,-0.1953125
39004,1.201171875,1.220703125,-0.3125,-0.361328125
39005,1.19140625,1.07421875,-0.322265625,-0.234375
39006,1.162109375,1.07421875,-0.25390625,-0.244140625
39007,1.19140625,1.15234375,-0.3125,-0.3515625
39008,1.15234375,1.025390625,-0.322265625,-0.3125
39009,1.15234375,1.11328125,-0.25390625,-0.224609375
39010,1.201171875,1.044921875,-0.25390625,-0.380859375
39011,1.142578125,1.083984375,-0.322265625,-0.205078125
39012,1.240234375,1.103515625,-0.25390625,-0.166015625
39013,1.259765625,1.0546875,-0.29296875,-0.234375
39014,1.201171875,1.07421875,-0.283203125,-0.25390625
39015,1.142578125,1.025390625,-0.263671875,-0.37109375
39016,1.181640625,1.015625,-0.390625,-0.361328125
39017,1.25,1.07421875,-0.29296875,-0.263671875
39018,1.171875,1.083984375,-0.244140625,-0.234375
39019,1.2109375,1.123046875,-0.322265625,-0.2734375
39020,1.25,1.15234375,-0.283203125,-0.517578125
39021,1.201171875,1.123046875,-0.361328125,-0.224609375
39022,1.19140625,1.15234375,-0.244140625,-0.25390625
39023,1.25,1.181640625,-0.33203125,-0.263671875
39024,1.25,1.40625,-0.341796875,-0.33203125
39025,0.99609375,1.025390625,-0.2734375,-0.25390625
39026,1.23046875,1.142578125,-0.302734375,-0.3515625
39027,1.142578125,1.1328125,-0.48828125,-0.33203125
39028,1.123046875,1.162109375,-0.3125,-0.224609375
39029,1.123046875,1.09375,-0.283203125,-0.537109375
39030,1.26953125,1.11328125,-0.29296875,-0.234375
39031,1.181640625,1.044921875,-0.224609375,-0.400390625
39032,1.123046875,1.123046875,-0.302734375,-0.283203125
39033,1.171875,1.142578125,-0.29296875,-0.33203125
39034,1.279296875,1.083984375,-0.322265625,-0.21484375
39035,1.259765625,1.142578125,-0.3515625,-0.3515625
39036,1.201171875,1.2109375,-0.3515625,-0.322265625
39037,1.220703125,1.103515625,-0.37109375,-0.478515625
39038,1.328125,1.142578125,-0.244140625,-0.263671875
39039,1.25,0.99609375,-0.146484375,-0.25390625
39040,1.279296875,1.181640625,-0.234375,-0.205078125
39041,1.298828125,1.162109375,-0.322265625,-0.244140625
39042,1.25,1.171875,-0.33203125,-0.2734375
39043,1.220703125,1.1328125,-0.33203125,-0.3125
39044,1.2109375,1.162109375,-0.29296875,-0.283203125
39045,1.181640625,1.103515625,-0.37109375,-0.37109375
39046,1.279296875,1.142578125,-0.302734375,-0.33203125
39047,1.181640625,1.162109375,-0.2734375,-0.3515625
39048,1.298828125,1.162109375,-0.224609375,-0.3125
39049,1.259765625,1.181640625,-0.205078125,-0.361328125
39050,1.279296875,1.181640625,-0.263671875,-0.21484375
39051,1.15234375,1.171875,-0.33203125,-0.302734375
39052,1.220703125,1.142578125,-0.3515625,-0.361328125
39053,1.240234375,1.171875,-0.322265625,-0.224609375
39054,1.298828125,1.15234375,-0.322265625,-0.224609375
39055,1.23046875,1.162109375,-0.3515625,-0.302734375
39056,1.279296875,1.19140625,-0.25390625,-0.2734375
39057,1.23046875,1.220703125,-0.322265625,-0.224609375
39058,1.23046875,1.259765625,-0.29296875,-0.29296875
39059,1.25,1.1328125,-0.322265625,-0.15625
39060,1.220703125,1.103515625,-0.302734375,-0.3125
39061,1.123046875,1.181640625,-0.3125,-0.341796875
39062,1.259765625,1.19140625,-0.3515625,-0.3515625
39063,1.34765625,1.23046875,-0.29296875,-0.322265625
39064,1.25,1.025390625,-0.33203125,-0.390625
39065,1.181640625,1.162109375,-0.283203125,-0.234375
39066,1.30859375,1.064453125,-0.283203125,-0.361328125
39067,1.240234375,1.201171875,-0.283203125,-0.33203125
39068,1.2890625,1.103515625,-0.224609375,-0.380859375
39069,1.3671875,1.1328125,-0.322265625,-0.3125
39070,1.298828125,1.162109375,-0.29296875,-0.302734375
39071,1.201171875,1.123046875,-0.263671875,-0.2734375
39072,1.240234375,1.142578125,-0.234375,-0.380859375
39073,1.181640625,1.103515625,-0.37109375,-0.390625
39074,1.044921875,1.142578125,-0.302734375,-0.41015625
39075,1.2890625,1.15234375,-0.41015625,-0.126953125
39076,1.11328125,1.23046875,-0.224609375,-0.2734375
39077,1.162109375,1.201171875,-0.33203125,-0.244140625
39078,1.25,1.171875,-0.146484375,-0.41015625
39079,1.083984375,1.03515625,-0.37109375,-0.3515625
39080,1.1328125,1.162109375,-0.33203125,-0.37109375
39081,1.083984375,1.15234375,-0.1953125,-0.3125
39082,1.279296875,0.99609375,-0.234375,-0.322265625
39083,1.220703125,1.1328125,-0.2734375,-0.29296875
39084,1.220703125,1.1328125,-0.185546875,-0.146484375
39085,1.162109375,0.966796875,-0.380859375,-0.263671875
39086,1.2890625,1.19140625,-0.25390625,0.029296875
39087,0.99609375,1.15234375,-0.29296875,-0.283203125
39088,1.23046875,1.103515625,-0.185546875,-0.361328125
39089,1.123046875,1.2109375,-0.15625,-0.244140625
39090,1.044921875,1.240234375,-0.21484375,-0.419921875
39091,1.201171875,1.2890625,-0.146484375,-0.361328125
39092,1.142578125,1.376953125,-0.25390625,-0.46875
39093,1.1328125,1.181640625,-0.263671875,-0.439453125
39094,1.11328125,1.19140625,-0.17578125,-0.3515625
39095,1.171875,1.2109375,-0.3125,-0.37109375
39096,1.162109375,1.171875,-0.3515625,-0.390625
39097,1.19140625,1.26953125,-0.41015625,-0.380859375
39098,1.11328125,1.23046875,-0.244140625,-0.341796875
39099,1.11328125,1.201171875,-0.3515625,-0.390625
39100,1.09375,1.201171875,-0.498046875,-0.322265625
39101,1.044921875,1.23046875,-0.25390625,-0.400390625
39102,1.181640625,1.19140625,-0.302734375,-0.205078125
39103,1.162109375,1.259765625,-0.224609375,-0.400390625
39104,1.09375,1.240234375,-0.302734375,-0.390625
39105,1.162109375,1.23046875,-0.302734375,-0.41015625
39106,1.2109375,1.142578125,-0.302734375,-0.390625
39107,1.2109375,1.279296875,-0.25390625,-0.3125
39108,1.123046875,1.279296875,-0.2734375,-0.37109375
39109,1.11328125,1.2890625,-0.263671875,-0.439453125
39110,1.0546875,1.26953125,-0.341796875,-0.458984375
39111,1.064453125,1.259765625,-0.234375,-0.458984375
39112,1.259765625,1.103515625,-0.205078125,-0.33203125
39113,1.201171875,1.259765625,-0.263671875,-0.458984375
39114,1.2890625,1.259765625,-0.3515625,-0.3515625
39115,1.259765625,1.171875,-0.283203125,-0.322265625
39116,1.162109375,1.259765625,-0.234375,-0.390625
39117,1.201171875,1.171875,-0.283203125,-0.41015625
39118,1.171875,1.171875,-0.205078125,-0.41015625
39119,1.15234375,1.298828125,-0.322265625,-0.419921875
39120,1.103515625,1.171875,-0.283203125,-0.44921875
39121,1.220703125,1.2109375,-0.205078125,-0.380859375
39122,1.19140625,1.201171875,-0.33203125,-0.458984375
39123,1.181640625,1.298828125,-0.302734375,-0.3125
39124,1.0546875,1.181640625,-0.224609375,-0.380859375
39125,1.2109375,1.1328125,-0.3515625,-0.361328125
39126,1.259765625,1.19140625,-0.21484375,-0.5078125
39127,1.103515625,1.259765625,-0.29296875,-0.361328125
39128,1.103515625,1.26953125,-0.3515625,-0.361328125
39129,1.201171875,1.2109375,-0.244140625,-0.322265625
39130,1.142578125,1.201171875,-0.13671875,-0.3125
39131,1.11328125,1.1328125,-0.205078125,-0.3125
39132,1.083984375,1.259765625,-0.224609375,-0.341796875
39133,1.142578125,1.2109375,-0.224609375,-0.380859375
39134,0.986328125,1.25,-0.322265625,-0.361328125
39135,1.09375,1.2890625,-0.302734375,-0.380859375
39136,1.19140625,1.201171875,-0.29296875,-0.390625
39137,1.07421875,1.15234375,-0.21484375,-0.390625
39138,1.142578125,1.171875,-0.263671875,-0.3515625
39139,1.044921875,1.279296875,-0.302734375,-0.3515625
39140,1.11328125,1.240234375,-0.361328125,-0.341796875
39141,1.064453125,0.888671875,-0.1953125,-0.390625
39142,1.25,1.181640625,-0.2734375,-0.4296875
39143,1.1328125,1.181640625,-0.1953125,-0.380859375
39144,1.26953125,1.123046875,-0.205078125,-0.33203125
39145,1.15234375,1.2109375,-0.283203125,-0.361328125
39146,1.298828125,1.181640625,-0.1953125,-0.341796875
39147,1.19140625,1.11328125,-0.234375,-0.33203125
39148,1.201171875,1.19140625,-0.205078125,-0.48828125
39149,1.23046875,1.09375,-0.33203125,-0.390625
39150,1.2109375,1.19140625,-0.283203125,-0.52734375
39151,1.181640625,1.201171875,-0.390625,-0.21484375
39152,1.1328125,1.07421875,-0.283203125,-0.41015625
39153,1.2109375,1.25,-0.341796875,-0.4296875
39154,1.240234375,1.220703125,-0.205078125,-0.341796875
39155,1.162109375,1.1328125,-0.33203125,-0.380859375
39156,1.181640625,1.23046875,-0.1953125,-0.2734375
39157,1.162109375,1.142578125,-0.3125,-0.5078125
39158,1.123046875,1.0546875,-0.263671875,-0.419921875
39159,1.162109375,1.142578125,-0.3515625,-0.380859375
39160,1.240234375,1.15234375,-0.41015625,-0.419921875
39161,1.142578125,1.171875,-0.341796875,-0.400390625
39162,1.181640625,1.142578125,-0.302734375,-0.458984375
39163,1.11328125,1.171875,-0.21484375,-0.341796875
39164,1.1328125,1.103515625,-0.33203125,-0.44921875
39165,1.171875,1.1328125,-0.244140625,-0.41015625
39166,1.1328125,1.220703125,-0.234375,-0.595703125
39167,1.0546875,1.142578125,-0.21484375,-0.361328125
39168,1.162109375,1.142578125,-0.15625,-0.400390625
39169,0.99609375,1.162109375,-0.224609375,-0.498046875
39170,0.966796875,1.23046875,-0.33203125,-0.380859375
39171,1.064453125,1.181640625,-0.341796875,-0.400390625
39172,1.103515625,1.1328125,-0.25390625,-0.546875
39173,1.09375,1.064453125,-0.29296875,-0.400390625
39174,1.07421875,1.181640625,-0.13671875,-0.458984375
39175,1.03515625,1.103515625,-0.2734375,-0.419921875
39176,1.07421875,1.11328125,-0.244140625,-0.439453125
39177,1.103515625,1.171875,-0.25390625,-0.498046875
39178,1.064453125,1.15234375,-0.322265625,-0.52734375
39179,1.162109375,1.123046875,-0.224609375,-0.4296875
39180,1.083984375,1.123046875,-0.2734375,-0.419921875
39181,1.11328125,1.142578125,-0.166015625,-0.458984375
39182,1.162109375,1.162109375,-0.185546875,-0.400390625
39183,1.171875,1.23046875,-0.185546875,-0.41015625
39184,1.142578125,1.142578125,-0.263671875,-0.5078125
39185,1.2109375,1.103515625,-0.25390625,-0.4296875
39186,1.142578125,1.025390625,-0.2734375,-0.400390625
39187,1.23046875,1.15234375,-0.25390625,-0.48828125
39188,1.103515625,1.064453125,-0.302734375,-0.46875
39189,1.181640625,1.201171875,-0.302734375,-0.46875
39190,1.123046875,1.162109375,-0.166015625,-0.458984375
39191,1.19140625,1.103515625,-0.25390625,-0.400390625
39192,0.99609375,1.07421875,-0.25390625,-0.322265625
39193,1.25,1.15234375,-0.263671875,-0.283203125
39194,1.09375,1.240234375,-0.263671875,-0.4296875
39195,1.123046875,1.083984375,-0.3125,-0.46875
39196,1.09375,1.09375,-0.185546875,-0.44921875
39197,1.064453125,1.259765625,-0.283203125,-0.283203125
39198,1.2109375,1.220703125,-0.205078125,-0.46875
39199,1.142578125,1.15234375,-0.283203125,-0.361328125
39200,1.103515625,1.15234375,-0.3515625,-0.458984375
39201,1.15234375,1.123046875,-0.25390625,-0.390625
39202,1.1328125,1.2109375,-0.3515625,-0.400390625
39203,1.064453125,1.162109375,-0.146484375,-0.33203125
39204,1.103515625,1.240234375,-0.302734375,-0.46875
39205,1.220703125,1.201171875,-0.224609375,-0.556640625
39206,1.044921875,1.2109375,-0.21484375,-0.46875
39207,1.1328125,1.3671875,-0.1953125,-0.458984375
39208,1.142578125,1.240234375,-0.37109375,-0.13671875
39209,1.30859375,1.201171875,-0.25390625,-0.41015625
39210,0.99609375,1.201171875,-0.2734375,-0.390625
39211,1.103515625,1.171875,-0.185546875,-0.4296875
39212,1.142578125,1.171875,-0.361328125,-0.380859375
39213,1.123046875,1.015625,-0.322265625,-0.419921875
39214,1.240234375,1.09375,-0.29296875,-0.458984375
39215,1.25,1.181640625,-0.302734375,-0.400390625
39216,1.162109375,1.171875,-0.234375,-0.41015625
39217,1.2109375,1.103515625,-0.361328125,-0.33203125
39218,1.23046875,1.15234375,-0.283203125,-0.439453125
39219,1.162109375,1.103515625,-0.3125,-0.41015625
39220,1.2109375,1.044921875,-0.224609375,-0.44921875
39221,1.337890625,1.07421875,-0.166015625,-0.419921875
39222,1.1328125,1.083984375,-0.087890625,-0.439453125
39223,1.220703125,0.95703125,-0.224609375,-0.3515625
39224,1.15234375,1.11328125,-0.21484375,-0.33203125
39225,1.103515625,1.0546875,-0.224609375,-0.44921875
39226,1.2109375,0.986328125,-0.1953125,-0.41015625
39227,1.2109375,1.07421875,-0.244140625,-0.3125
39228,1.181640625,1.123046875,-0.205078125,-0.46875
39229,1.171875,0.927734375,-0.15625,-0.3515625
39230,1.19140625,1.09375,-0.224609375,-0.400390625
39231,1.259765625,1.240234375,-0.25390625,-0.400390625
39232,1.259765625,1.083984375,-0.234375,-0.44921875
39233,1.337890625,1.11328125,-0.3125,-0.419921875
39234,1.220703125,1.162109375,-0.244140625,-0.46875
39235,1.162109375,1.123046875,-0.1953125,-0.322265625
39236,1.171875,1.162109375,-0.341796875,-0.546875
39237,1.2109375,1.083984375,-0.3125,-0.458984375
39238,1.19140625,1.044921875,-0.2734375,-0.380859375
39239,1.23046875,1.083984375,-0.283203125,-0.33203125
39240,1.07421875,1.044921875,-0.17578125,-0.4296875
39241,1.220703125,1.11328125,-0.341796875,-0.4296875
39242,1.220703125,1.1328125,-0.29296875,-0.322265625
39243,1.201171875,1.162109375,-0.263671875,-0.322265625
39244,1.220703125,1.2109375,-0.322265625,-0.25390625
39245,1.220703125,1.15234375,-0.3125,-0.283203125
39246,1.103515625,1.220703125,-0.361328125,-0.29296875
39247,1.123046875,1.103515625,-0.46875,-0.41015625
39248,1.2109375,1.11328125,-0.302734375,-0.3515625
39249,1.2890625,1.123046875,-0.322265625,-0.458984375
39250,1.240234375,1.181640625,-0.390625,-0.44921875
39251,1.298828125,1.142578125,-0.2734375,-0.3515625
39252,1.201171875,1.09375,-0.3125,-0.419921875
39253,1.25,1.15234375,-0.322265625,-0.263671875
39254,1.259765625,0.927734375,-0.361328125,-0.400390625
39255,1.103515625,1.220703125,-0.224609375,-0.33203125
39256,1.220703125,1.044921875,-0.3125,-0.302734375
39257,1.220703125,1.15234375,-0.224609375,-0.322265625
39258,1.171875,1.09375,-0.1953125,-0.380859375
39259,1.181640625,1.083984375,-0.33203125,-0.41015625
39260,1.171875,1.220703125,-0.263671875,-0.283203125
39261,1.15234375,1.103515625,-0.25390625,-0.400390625
39262,1.318359375,1.181640625,-0.234375,-0.439453125
39263,1.162109375,1.015625,-0.341796875,-0.283203125
39264,1.103515625,1.1328125,-0.400390625,-0.41015625
39265,1.2890625,0.9765625,-0.302734375,-0.48828125
39266,1.318359375,1.2109375,-0.17578125,-0.29296875
39267,1.162109375,1.142578125,-0.302734375,-0.4296875
39268,1.279296875,1.181640625,-0.33203125,-0.37109375
39269,1.30859375,1.318359375,-0.33203125,-0.263671875
39270,1.30859375,1.11328125,-0.3515625,-0.3515625
39271,1.142578125,1.0546875,-0.283203125,-0.390625
39272,1.2890625,1.181640625,-0.205078125,-0.33203125
39273,1.318359375,1.123046875,-0.21484375,-0.380859375
39274,1.298828125,1.0546875,-0.361328125,-0.44921875
39275,1.328125,1.162109375,-0.37109375,-0.283203125
39276,1.396484375,1.123046875,-0.25390625,-0.37109375
39277,1.376953125,1.09375,-0.400390625,-0.380859375
39278,1.2890625,1.123046875,-0.25390625,-0.390625
39279,1.3671875,1.19140625,-0.29296875,-0.400390625
39280,1.38671875,1.103515625,-0.263671875,-0.44921875
39281,1.279296875,1.142578125,-0.263671875,-0.400390625
39282,1.26953125,1.15234375,-0.322265625,-0.48828125
39283,1.2890625,1.2109375,-0.3515625,-0.3515625
39284,1.23046875,1.064453125,-0.37109375,-0.33203125
39285,1.220703125,1.15234375,-0.185546875,-0.41015625
39286,1.25,1.142578125,-0.33203125,-0.341796875
39287,1.240234375,1.142578125,-0.146484375,-0.44921875
39288,1.298828125,1.1328125,-0.1953125,-0.4296875
39289,1.318359375,1.083984375,-0.224609375,-0.41015625
39290,1.25,1.201171875,-0.224609375,-0.419921875
39291,1.201171875,1.123046875,-0.283203125,-0.37109375
39292,1.30859375,1.09375,-0.283203125,-0.439453125
39293,1.2109375,1.15234375,-0.302734375,-0.400390625
39294,1.19140625,1.123046875,-0.283203125,-0.4296875
39295,1.26953125,1.07421875,-0.263671875,-0.361328125
39296,1.2109375,1.279296875,-0.1953125,-0.4296875
39297,1.376953125,1.142578125,-0.263671875,-0.2734375
39298,1.26953125,1.162109375,-0.25390625,-0.33203125
39299,1.318359375,1.23046875,-0.224609375,-0.33203125
39300,1.26953125,1.15234375,-0.244140625,-0.390625
39301,1.220703125,1.103515625,-0.224609375,-0.341796875
39302,1.26953125,1.171875,-0.3125,-0.439453125
39303,1.2890625,1.083984375,-0.234375,-0.3125
39304,1.181640625,1.083984375,-0.263671875,-0.400390625
39305,1.318359375,1.25,-0.244140625,-0.380859375
39306,1.318359375,1.1328125,-0.3125,-0.2734375
39307,1.162109375,1.162109375,-0.2734375,-0.41015625
39308,1.181640625,1.15234375,-0.29296875,-0.390625
39309,1.15234375,1.103515625,-0.244140625,-0.458984375
39310,1.103515625,1.11328125,-0.205078125,-0.46875
39311,1.181640625,1.240234375,-0.3125,-0.302734375
39312,1.201171875,1.15234375,-0.234375,-0.244140625
39313,1.162109375,1.123046875,-0.3125,-0.419921875
39314,1.25,1.162109375,-0.283203125,-0.4296875
39315,1.142578125,1.23046875,-0.263671875,-0.458984375
39316,1.279296875,1.11328125,-0.244140625,-0.537109375
39317,1.171875,1.181640625,-0.224609375,-0.380859375
39318,1.1328125,1.123046875,-0.2734375,-0.322265625
39319,1.240234375,1.083984375,-0.1953125,-0.400390625
39320,1.220703125,1.1328125,-0.302734375,-0.517578125
39321,1.19140625,1.25,-0.2734375,-0.400390625
39322,1.220703125,1.162109375,-0.224609375,-0.478515625
39323,1.25,1.123046875,-0.25390625,-0.48828125
39324,1.318359375,1.103515625,-0.263671875,-0.21484375
39325,1.201171875,1.142578125,-0.244140625,-0.3515625
39326,1.279296875,1.025390625,-0.1171875,-0.37109375
39327,1.11328125,0.947265625,-0.1171875,-0.37109375
39328,1.11328125,1.103515625,-0.283203125,-0.244140625
39329,1.259765625,1.181640625,-0.244140625,-0.361328125
39330,1.201171875,1.23046875,-0.3125,-0.361328125
39331,1.2109375,1.064453125,-0.283203125,-0.380859375
39332,1.171875,1.064453125,-0.263671875,-0.361328125
39333,1.23046875,1.005859375,-0.146484375,-0.283203125
39334,1.40625,1.064453125,-0.224609375,-0.1953125
39335,1.201171875,1.064453125,-0.2734375,-0.361328125
39336,1.23046875,0.8984375,-0.33203125,-0.37109375
39337,1.2109375,1.015625,-0.185546875,-0.3515625
39338,1.34765625,1.005859375,-0.21484375,-0.3515625
39339,1.25,1.123046875,-0.4296875,-0.361328125
39340,1.23046875,1.044921875,-0.234375,-0.48828125
39341,1.240234375,1.025390625,-0.234375,-0.361328125
39342,1.181640625,0.986328125,-0.21484375,-0.41015625
39343,1.11328125,1.064453125,-0.107421875,-0.419921875
39344,1.220703125,1.005859375,-0.283203125,-0.380859375
39345,1.2109375,1.103515625,-0.2734375,-0.361328125
39346,1.298828125,1.064453125,-0.21484375,-0.3515625
39347,1.26953125,1.044921875,-0.33203125,-0.44921875
39348,1.1328125,1.083984375,-0.3125,-0.1953125
39349,1.19140625,1.09375,-0.2734375,-0.322265625
39350,1.220703125,1.064453125,-0.37109375,-0.361328125
39351,1.142578125,0.8984375,-0.3125,-0.3125
39352,1.1328125,1.103515625,-0.2734375,-0.29296875
39353,1.142578125,0.99609375,-0.400390625,-0.3125
39354,1.142578125,1.103515625,-0.244140625,-0.283203125
39355,1.123046875,1.064453125,-0.283203125,-0.390625
39356,1.11328125,1.07421875,-0.234375,-0.322265625
39357,1.220703125,1.162109375,-0.21484375,-0.234375
39358,1.181640625,1.083984375,-0.302734375,-0.283203125
39359,1.19140625,1.083984375,-0.087890625,-0.25390625
39360,1.181640625,1.064453125,-0.224609375,-0.25390625
39361,1.162109375,0.859375,-0.224609375,-0.341796875
39362,1.25,1.1328125,-0.2734375,-0.263671875
39363,1.25,1.15234375,-0.234375,-0.283203125
39364,1.201171875,1.162109375,-0.21484375,-0.33203125
39365,1.298828125,1.09375,-0.21484375,-0.302734375
39366,1.240234375,1.083984375,-0.1953125,-0.3125
39367,1.396484375,1.083984375,-0.263671875,-0.234375
39368,1.298828125,1.09375,-0.25390625,-0.263671875
39369,1.26953125,1.328125,-0.244140625,-0.361328125
39370,1.201171875,1.15234375,-0.1953125,-0.21484375
39371,1.240234375,1.044921875,-0.322265625,-0.244140625
39372,1.19140625,0.966796875,-0.361328125,-0.224609375
39373,1.201171875,1.1328125,-0.37109375,-0.283203125
39374,1.337890625,1.181640625,-0.21484375,-0.205078125
39375,1.23046875,1.11328125,-0.33203125,-0.33203125
39376,1.279296875,0.91796875,-0.33203125,-0.263671875
39377,1.11328125,1.044921875,-0.3125,-0.205078125
39378,1.23046875,1.015625,-0.224609375,-0.263671875
39379,1.2109375,1.1328125,-0.263671875,-0.29296875
39380,1.23046875,1.103515625,-0.3515625,-0.244140625
39381,1.23046875,1.123046875,-0.458984375,-0.1953125
39382,1.26953125,1.181640625,-0.224609375,-0.3125
39383,1.337890625,1.07421875,-0.361328125,-0.263671875
39384,1.181640625,1.07421875,-0.576171875,-0.21484375
39385,1.26953125,1.103515625,-0.498046875,-0.146484375
39386,1.298828125,1.09375,-0.263671875,-0.263671875
39387,1.1328125,1.09375,-0.3125,-0.33203125
39388,1.259765625,1.142578125,-0.400390625,-0.185546875
39389,1.26953125,1.03515625,-0.29296875,-0.29296875
39390,1.25,0.966796875,-0.361328125,-0.2734375
39391,1.240234375,1.07421875,-0.3125,-0.2734375
39392,1.123046875,1.11328125,-0.37109375,-0.15625
39393,1.171875,0.966796875,-0.283203125,-0.21484375
39394,1.220703125,1.171875,-0.263671875,-0.2734375
39395,1.162109375,1.09375,-0.361328125,-0.2734375
39396,1.220703125,1.279296875,-0.341796875,-0.263671875
39397,1.220703125,1.07421875,-0.361328125,-0.3125
39398,1.25,1.123046875,-0.3125,-0.244140625
39399,1.0546875,1.015625,-0.37109375,-0.224609375
39400,1.23046875,1.03515625,-0.458984375,-0.283203125
39401,1.103515625,1.083984375,-0.439453125,-0.263671875
39402,1.279296875,1.083984375,-0.46875,-0.21484375
39403,1.162109375,1.064453125,-0.400390625,-0.2734375
39404,1.240234375,1.03515625,-0.33203125,-0.234375
39405,1.123046875,1.1328125,-0.37109375,-0.283203125
39406,1.142578125,1.11328125,-0.244140625,-0.322265625
39407,1.240234375,1.103515625,-0.322265625,-0.21484375
39408,1.201171875,1.083984375,-0.380859375,-0.380859375
39409,1.23046875,1.103515625,-0.41015625,-0.2734375
39410,1.142578125,1.083984375,-0.380859375,-0.107421875
39411,0.966796875,1.15234375,-0.400390625,-0.244140625
39412,1.15234375,1.103515625,-0.400390625,-0.146484375
39413,1.103515625,1.123046875,-0.33203125,-0.205078125
39414,1.298828125,1.09375,-0.341796875,-0.224609375
39415,1.162109375,1.142578125,-0.302734375,-0.25390625
39416,1.07421875,1.11328125,-0.224609375,-0.244140625
39417,1.064453125,1.09375,-0.25390625,-0.166015625
39418,1.181640625,1.09375,-0.2734375,-0.205078125
39419,1.181640625,1.083984375,-0.361328125,-0.302734375
39420,1.318359375,1.083984375,-0.244140625,-0.21484375
39421,1.201171875,1.1328125,-0.185546875,-0.29296875
39422,1.240234375,1.09375,-0.25390625,-0.263671875
39423,1.181640625,1.103515625,-0.322265625,-0.283203125
39424,1.162109375,1.181640625,-0.380859375,-0.234375
39425,1.19140625,1.142578125,-0.263671875,-0.244140625
39426,1.11328125,1.201171875,-0.263671875,-0.2734375
39427,1.2109375,1.03515625,-0.263671875,-0.283203125
39428,1.1328125,1.03515625,-0.25390625,-0.224609375
39429,1.171875,1.171875,-0.3515625,-0.263671875
39430,1.181640625,1.201171875,-0.29296875,-0.185546875
39431,1.25,1.1328125,-0.25390625,-0.234375
39432,1.23046875,1.171875,-0.33203125,-0.29296875
39433,1.162109375,1.3671875,-0.283203125,-0.283203125
39434,1.240234375,1.044921875,-0.21484375,-0.302734375
39435,1.171875,1.11328125,-0.33203125,-0.302734375
39436,1.259765625,1.171875,-0.21484375,-0.283203125
39437,1.162109375,0.99609375,-0.33203125,-0.13671875
39438,1.15234375,1.162109375,-0.1953125,-0.244140625
39439,1.328125,1.201171875,-0.29296875,-0.205078125
39440,1.279296875,1.015625,-0.302734375,-0.09765625
39441,1.142578125,1.07421875,-0.17578125,-0.29296875
39442,1.279296875,1.162109375,-0.17578125,-0.390625
39443,1.220703125,1.07421875,-0.263671875,-0.380859375
39444,1.09375,1.09375,-0.234375,-0.224609375
39445,1.34765625,1.03515625,-0.263671875,-0.234375
39446,1.201171875,0.9765625,-0.283203125,-0.1953125
39447,1.3671875,1.044921875,-0.17578125,-0.37109375
39448,1.25,1.11328125,-0.283203125,-0.234375
39449,1.2109375,1.044921875,-0.341796875,-0.15625
39450,1.38671875,1.103515625,-0.322265625,-0.25390625
39451,1.15234375,1.083984375,-0.2734375,-0.146484375
39452,1.220703125,1.044921875,-0.263671875,-0.283203125
39453,1.181640625,1.142578125,-0.224609375,-0.3125
39454,1.3671875,0.95703125,-0.33203125,-0.322265625
39455,1.171875,1.11328125,-0.3515625,-0.205078125
39456,1.044921875,1.142578125,-0.33203125,-0.25390625
39457,1.103515625,1.1328125,-0.3125,-0.380859375
39458,1.240234375,1.181640625,-0.3515625,-0.37109375
39459,1.25,1.103515625,-0.25390625,-0.41015625
39460,1.19140625,1.162109375,-0.263671875,-0.224609375
39461,1.2890625,1.19140625,-0.283203125,-0.224609375
39462,1.38671875,1.15234375,-0.29296875,-0.3125
39463,1.25,1.15234375,-0.29296875,-0.283203125
39464,1.357421875,1.171875,-0.283203125,-0.25390625
39465,1.298828125,1.1328125,-0.2734375,-0.25390625
39466,1.298828125,1.123046875,-0.263671875,-0.234375
39467,1.337890625,0.9375,-0.380859375,-0.3125
39468,1.298828125,1.181640625,-0.302734375,-0.33203125
39469,1.337890625,1.123046875,-0.322265625,-0.25390625
39470,1.3671875,1.142578125,-0.2734375,-0.2734375
39471,1.15234375,1.11328125,-0.283203125,-0.361328125
39472,1.337890625,1.11328125,-0.13671875,-0.322265625
39473,1.279296875,1.11328125,-0.2734375,-0.21484375
39474,1.26953125,1.142578125,-0.29296875,-0.322265625
39475,1.279296875,1.11328125,-0.33203125,-0.302734375
39476,1.240234375,1.123046875,-0.29296875,-0.224609375
39477,1.220703125,1.15234375,-0.322265625,-0.3125
39478,1.03515625,1.11328125,-0.25390625,-0.29296875
39479,1.181640625,1.1328125,-0.41015625,-0.3125
39480,1.201171875,1.11328125,-0.283203125,-0.3515625
39481,1.259765625,1.07421875,-0.390625,-0.2734375
39482,1.201171875,1.142578125,-0.263671875,-0.244140625
39483,1.162109375,1.0546875,-0.283203125,-0.224609375
39484,1.25,1.103515625,-0.224609375,-0.341796875
39485,1.15234375,1.103515625,-0.25390625,-0.302734375
39486,1.19140625,1.15234375,-0.185546875,-0.15625
39487,1.279296875,1.171875,-0.29296875,-0.322265625
39488,1.220703125,1.2109375,-0.09765625,-0.4296875
39489,1.19140625,1.240234375,-0.29296875,-0.341796875
39490,1.26953125,1.171875,-0.29296875,-0.33203125
39491,1.2109375,1.09375,-0.205078125,-0.341796875
39492,1.19140625,1.162109375,-0.2734375,-0.1953125
39493,1.1328125,1.181640625,-0.29296875,-0.29296875
39494,1.26953125,1.1328125,-0.1953125,-0.3125
39495,1.2890625,1.123046875,-0.3125,-0.478515625
39496,1.240234375,1.09375,-0.302734375,-0.380859375
39497,1.25,1.103515625,-0.419921875,-0.234375
39498,1.240234375,1.03515625,-0.234375,-0.48828125
39499,1.2109375,1.07421875,-0.244140625,-0.29296875
39500,1.337890625,1.2109375,-0.361328125,-0.263671875
39501,1.2109375,0.95703125,-0.2734375,-0.263671875
39502,1.142578125,1.171875,-0.3125,-0.341796875
39503,1.15234375,1.07421875,-0.29296875,-0.361328125
39504,1.19140625,1.201171875,-0.244140625,-0.3125
39505,1.09375,1.09375,-0.29296875,-0.52734375
39506,1.171875,1.162109375,-0.3515625,-0.400390625
39507,1.15234375,1.298828125,-0.17578125,-0.13671875
39508,1.11328125,1.142578125,-0.283203125,-0.185546875
39509,1.162109375,1.1328125,-0.302734375,-0.224609375
39510,1.162109375,1.015625,-0.37109375,-0.244140625
39511,1.220703125,1.15234375,-0.341796875,-0.33203125
39512,1.171875,1.123046875,-0.361328125,-0.283203125
39513,1.162109375,1.15234375,-0.2734375,-0.33203125
39514,1.162109375,1.1328125,-0.234375,-0.341796875
39515,1.23046875,1.15234375,-0.244140625,-0.244140625
39516,1.11328125,1.162109375,-0.185546875,-0.205078125
39517,1.328125,1.162109375,-0.3515625,-0.1953125
39518,1.181640625,1.181640625,-0.4296875,-0.33203125
39519,1.171875,1.142578125,-0.302734375,-0.29296875
39520,1.171875,1.1328125,-0.224609375,-0.244140625
39521,1.11328125,0.986328125,-0.263671875,-0.322265625
39522,1.142578125,1.03515625,-0.3125,-0.263671875
39523,1.142578125,1.23046875,-0.1953125,-0.322265625
39524,1.2109375,1.30859375,-0.283203125,-0.29296875
39525,1.162109375,1.26953125,-0.2734375,-0.44921875
39526,1.19140625,1.240234375,-0.361328125,-0.322265625
39527,1.162109375,1.30859375,-0.390625,-0.3125
39528,1.142578125,1.2109375,-0.283203125,-0.33203125
39529,1.083984375,1.201171875,-0.205078125,-0.44921875
39530,1.1328125,1.201171875,-0.166015625,-0.283203125
39531,1.181640625,1.201171875,-0.2734375,-0.33203125
39532,1.201171875,1.2109375,-0.244140625,-0.322265625
39533,1.162109375,1.201171875,-0.302734375,-0.2734375
39534,1.142578125,1.30859375,-0.341796875,-0.2734375
39535,1.09375,1.259765625,-0.29296875,-0.41015625
39536,1.142578125,1.279296875,-0.33203125,-0.390625
39537,1.25,1.298828125,-0.302734375,-0.48828125
39538,1.123046875,1.279296875,-0.2734375,-0.341796875
39539,1.123046875,1.30859375,-0.205078125,-0.390625
39540,1.15234375,1.142578125,-0.2734375,-0.380859375
39541,1.19140625,1.259765625,-0.283203125,-0.37109375
39542,1.15234375,1.19140625,-0.15625,-0.400390625
39543,1.123046875,1.220703125,-0.126953125,-0.46875
39544,1.298828125,1.26953125,-0.302734375,-0.458984375
39545,1.083984375,1.171875,-0.283203125,-0.390625
39546,1.11328125,1.240234375,-0.21484375,-0.41015625
39547,1.240234375,1.25,-0.21484375,-0.400390625
39548,1.26953125,1.259765625,-0.1953125,-0.41015625
39549,1.240234375,1.328125,-0.1953125,-0.29296875
39550,1.240234375,1.23046875,-0.244140625,-0.37109375
39551,1.220703125,1.171875,-0.3125,-0.439453125
39552,1.103515625,1.11328125,-0.361328125,-0.37109375
39553,1.1328125,1.220703125,-0.302734375,-0.400390625
39554,1.1328125,1.220703125,-0.283203125,-0.380859375
39555,1.142578125,1.15234375,-0.2734375,-0.400390625
39556,1.2109375,1.23046875,-0.234375,-0.37109375
39557,0.99609375,1.220703125,-0.3515625,-0.380859375
39558,1.220703125,1.201171875,-0.419921875,-0.341796875
39559,1.142578125,1.240234375,-0.2734375,-0.44921875
39560,1.142578125,1.23046875,-0.17578125,-0.361328125
39561,1.19140625,1.162109375,-0.048828125,-0.33203125
39562,1.11328125,1.162109375,-0.302734375,-0.1953125
39563,1.162109375,1.240234375,-0.263671875,-0.458984375
39564,1.279296875,1.1328125,-0.283203125,-0.380859375
39565,1.1328125,1.181640625,-0.2734375,-0.400390625
39566,1.201171875,1.25,-0.37109375,-0.33203125
39567,1.11328125,1.259765625,-0.21484375,-0.37109375
39568,1.1328125,1.357421875,-0.419921875,-0.2734375
39569,1.09375,1.240234375,-0.25390625,-0.390625
39570,1.279296875,1.357421875,-0.2734375,-0.3515625
39571,1.162109375,1.23046875,-0.41015625,-0.458984375
39572,1.07421875,1.25,-0.25390625,-0.302734375
39573,1.279296875,1.2109375,-0.33203125,-0.41015625
39574,1.240234375,1.220703125,-0.33203125,-0.439453125
39575,1.279296875,1.19140625,-0.29296875,-0.322265625
39576,1.181640625,1.357421875,-0.25390625,-0.322265625
39577,1.259765625,1.2890625,-0.33203125,-0.3125
39578,1.30859375,1.2109375,-0.244140625,-0.341796875
39579,1.2890625,1.201171875,-0.166015625,-0.322265625
39580,1.23046875,1.181640625,-0.1953125,-0.419921875
39581,1.220703125,1.201171875,-0.263671875,-0.390625
39582,1.171875,1.220703125,-0.224609375,-0.37109375
39583,1.240234375,1.162109375,-0.341796875,-0.244140625
39584,1.26953125,1.171875,-0.263671875,-0.2734375
39585,1.201171875,1.171875,-0.33203125,-0.3515625
39586,1.162109375,1.23046875,-0.205078125,-0.361328125
39587,1.220703125,1.181640625,-0.25390625,-0.439453125
39588,1.162109375,1.03515625,-0.244140625,-0.3125
39589,1.103515625,1.240234375,-0.224609375,-0.3515625
39590,1.25,1.171875,-0.2734375,-0.44921875
39591,1.181640625,1.162109375,-0.234375,-0.390625
39592,1.142578125,1.19140625,-0.322265625,-0.400390625
39593,1.123046875,1.220703125,-0.21484375,-0.41015625
39594,1.181640625,1.1328125,-0.3515625,-0.478515625
39595,1.1328125,1.19140625,-0.341796875,-0.419921875
39596,1.171875,1.171875,-0.283203125,-0.46875
39597,1.142578125,1.25,-0.263671875,-0.52734375
39598,1.1328125,1.181640625,-0.244140625,-0.498046875
39599,1.181640625,1.19140625,-0.234375,-0.44921875
39600,1.19140625,1.181640625,-0.439453125,-0.44921875
39601,1.123046875,1.15234375,-0.17578125,-0.390625
39602,1.171875,1.220703125,-0.341796875,-0.458984375
39603,1.15234375,1.162109375,-0.263671875,-0.419921875
39604,1.103515625,1.181640625,-0.25390625,-0.419921875
39605,1.19140625,1.142578125,-0.224609375,-0.33203125
39606,1.103515625,1.15234375,-0.322265625,-0.400390625
39607,1.09375,1.1328125,-0.263671875,-0.498046875
39608,1.07421875,1.15234375,-0.33203125,-0.341796875
39609,0.9765625,1.064453125,-0.234375,-0.361328125
39610,1.0546875,1.015625,-0.21484375,-0.37109375
39611,1.103515625,1.171875,-0.166015625,-0.380859375
39612,1.23046875,1.171875,-0.341796875,-0.380859375
39613,1.19140625,1.123046875,-0.224609375,-0.37109375
39614,1.044921875,1.328125,-0.2734375,-0.498046875
39615,1.201171875,1.142578125,-0.1953125,-0.3125
39616,1.123046875,1.240234375,-0.1953125,-0.48828125
39617,1.11328125,1.142578125,-0.234375,-0.3125
39618,1.15234375,1.1328125,-0.29296875,-0.419921875
39619,1.162109375,1.23046875,-0.146484375,-0.33203125
39620,1.171875,1.30859375,-0.166015625,-0.439453125
39621,1.220703125,1.2109375,-0.244140625,-0.4296875
39622,1.03515625,1.044921875,-0.25390625,-0.400390625
39623,1.123046875,1.064453125,-0.25390625,-0.46875
39624,1.23046875,1.23046875,-0.283203125,-0.60546875
39625,1.23046875,1.1328125,-0.33203125,-0.458984375
39626,1.171875,1.11328125,-0.341796875,-0.46875
39627,1.201171875,1.23046875,-0.361328125,-0.380859375
39628,1.181640625,1.2109375,-0.3125,-0.4296875
39629,1.123046875,1.162109375,-0.263671875,-0.48828125
39630,1.171875,1.171875,-0.263671875,-0.517578125
39631,1.279296875,1.2109375,-0.546875,-0.41015625
39632,1.142578125,0.947265625,-0.390625,-0.48828125
39633,1.07421875,1.19140625,-0.302734375,-0.361328125
39634,1.083984375,1.318359375,-0.205078125,-0.380859375
39635,1.123046875,1.171875,-0.05859375,-0.3515625
39636,1.123046875,1.19140625,-0.244140625,-0.21484375
39637,1.07421875,1.181640625,-0.29296875,-0.3515625
39638,1.181640625,1.171875,-0.17578125,-0.419921875
39639,0.986328125,1.19140625,-0.400390625,-0.419921875
39640,1.1328125,1.23046875,-0.234375,-0.361328125
39641,1.201171875,1.162109375,-0.2734375,-0.37109375
39642,1.201171875,1.201171875,-0.244140625,-0.224609375
39643,1.201171875,1.201171875,-0.263671875,-0.41015625
39644,1.142578125,1.162109375,-0.205078125,-0.37109375
39645,1.142578125,1.123046875,-0.263671875,-0.3125
39646,1.171875,1.171875,-0.3125,-0.4296875
39647,1.162109375,1.23046875,-0.224609375,-0.4296875
39648,1.171875,1.03515625,-0.21484375,-0.41015625
39649,1.259765625,1.162109375,-0.390625,-0.458984375
39650,1.240234375,1.123046875,-0.29296875,-0.41015625
39651,1.15234375,1.09375,-0.234375,-0.390625
39652,1.25,1.103515625,-0.25390625,-0.390625
39653,1.201171875,1.0546875,-0.29296875,-0.4296875
39654,1.181640625,1.103515625,-0.29296875,-0.439453125
39655,1.11328125,1.11328125,-0.185546875,-0.37109375
39656,1.220703125,1.044921875,-0.2734375,-0.419921875
39657,1.2109375,1.064453125,-0.1953125,-0.41015625
39658,1.23046875,1.15234375,-0.2734375,-0.400390625
39659,1.279296875,1.103515625,-0.224609375,-0.390625
39660,1.279296875,1.1328125,-0.302734375,-0.46875
39661,1.15234375,1.171875,-0.234375,-0.439453125
39662,1.259765625,1.09375,-0.234375,-0.419921875
39663,1.298828125,1.083984375,-0.25390625,-0.3515625
39664,1.25,1.15234375,-0.283203125,-0.458984375
39665,1.220703125,1.201171875,-0.3125,-0.390625
39666,1.40625,1.064453125,-0.283203125,-0.380859375
39667,1.25,1.162109375,-0.25390625,-0.52734375
39668,1.2890625,0.99609375,-0.244140625,-0.478515625
39669,1.2890625,1.171875,-0.25390625,-0.48828125
39670,1.162109375,1.07421875,-0.29296875,-0.44921875
39671,1.220703125,1.07421875,-0.3125,-0.380859375
39672,1.123046875,1.201171875,-0.2734375,-0.439453125
39673,1.25,1.123046875,-0.302734375,-0.322265625
39674,1.357421875,0.966796875,-0.224609375,-0.3125
39675,1.201171875,1.07421875,-0.2734375,-0.29296875
39676,1.25,1.103515625,-0.341796875,-0.33203125
39677,1.357421875,1.083984375,-0.3515625,-0.283203125
39678,1.15234375,1.103515625,-0.17578125,-0.21484375
39679,1.15234375,1.103515625,-0.234375,-0.283203125
39680,1.171875,1.15234375,-0.21484375,-0.400390625
39681,1.181640625,1.11328125,-0.21484375,-0.25390625
39682,1.220703125,1.103515625,-0.263671875,-0.439453125
39683,1.30859375,1.171875,-0.25390625,-0.37109375
39684,1.15234375,1.162109375,-0.322265625,-0.263671875
39685,1.201171875,1.15234375,-0.224609375,-0.3125
39686,1.162109375,1.171875,-0.439453125,-0.361328125
39687,1.201171875,0.947265625,-0.263671875,-0.458984375
39688,1.162109375,1.15234375,-0.25390625,-0.244140625
39689,1.259765625,1.15234375,-0.37109375,-0.37109375
39690,1.181640625,1.162109375,-0.302734375,-0.517578125
39691,1.15234375,1.11328125,-0.29296875,-0.390625
39692,1.064453125,1.19140625,-0.146484375,-0.4296875
39693,1.181640625,1.1328125,-0.1953125,-0.380859375
39694,1.1328125,1.09375,-0.361328125,-0.341796875
39695,1.103515625,1.25,-0.224609375,-0.3125
39696,1.298828125,1.123046875,-0.283203125,-0.48828125
39697,1.279296875,1.15234375,-0.29296875,-0.44921875
39698,1.318359375,1.171875,-0.25390625,-0.439453125
39699,1.25,1.1328125,-0.263671875,-0.419921875
39700,1.26953125,1.19140625,-0.224609375,-0.56640625
39701,1.30859375,1.181640625,-0.29296875,-0.41015625
39702,1.23046875,1.015625,-0.244140625,-0.205078125
39703,1.19140625,1.19140625,-0.283203125,-0.400390625
39704,1.11328125,1.23046875,-0.185546875,-0.3515625
39705,1.220703125,1.1328125,-0.29296875,-0.380859375
39706,1.181640625,1.171875,-0.322265625,-0.2734375
39707,1.259765625,1.15234375,-0.3125,-0.439453125
39708,1.25,1.2109375,-0.400390625,-0.419921875
39709,1.220703125,1.181640625,-0.234375,-0.458984375
39710,1.30859375,1.15234375,-0.21484375,-0.4296875
39711,1.220703125,1.328125,-0.33203125,-0.380859375
39712,1.2890625,1.171875,-0.205078125,-0.341796875
39713,1.23046875,1.11328125,-0.302734375,-0.37109375
39714,1.259765625,1.044921875,-0.29296875,-0.302734375
39715,1.19140625,1.201171875,-0.302734375,-0.341796875
39716,1.259765625,1.083984375,-0.25390625,-0.400390625
39717,1.220703125,1.19140625,-0.3125,-0.3515625
39718,1.15234375,1.142578125,-0.302734375,-0.419921875
39719,1.298828125,1.0546875,-0.361328125,-0.3515625
39720,1.240234375,1.19140625,-0.361328125,-0.361328125
39721,1.162109375,1.083984375,-0.224609375,-0.439453125
39722,1.171875,1.171875,-0.283203125,-0.3515625
39723,1.2109375,1.162109375,-0.29296875,-0.439453125
39724,1.181640625,1.1328125,-0.41015625,-0.439453125
39725,1.337890625,1.181640625,-0.1953125,-0.44921875
39726,1.259765625,1.23046875,-0.361328125,-0.380859375
39727,1.23046875,1.19140625,-0.2734375,-0.400390625
39728,1.3671875,1.07421875,-0.244140625,-0.380859375
39729,1.240234375,1.298828125,-0.390625,-0.380859375
39730,1.25,1.064453125,-0.263671875,-0.224609375
39731,1.2890625,1.181640625,-0.166015625,-0.3125
39732,1.259765625,1.201171875,-0.33203125,-0.3515625
39733,1.25,1.181640625,-0.25390625,-0.3125
39734,1.171875,1.220703125,-0.17578125,-0.283203125
39735,1.220703125,1.1328125,-0.283203125,-0.48828125
39736,1.298828125,1.23046875,-0.33203125,-0.5078125
39737,1.2109375,1.34765625,-0.1953125,-0.322265625
39738,1.181640625,1.19140625,-0.166015625,-0.439453125
39739,1.240234375,1.2890625,-0.146484375,-0.341796875
39740,1.103515625,1.201171875,-0.234375,-0.3125
39741,1.318359375,1.220703125,-0.29296875,-0.419921875
39742,1.23046875,1.162109375,-0.166015625,-0.302734375
39743,1.083984375,1.162109375,-0.224609375,-0.234375
39744,1.220703125,1.201171875,-0.185546875,-0.390625
39745,1.19140625,1.103515625,-0.244140625,-0.25390625
39746,1.162109375,1.09375,-0.29296875,-0.41015625
39747,1.26953125,1.09375,-0.37109375,-0.478515625
39748,1.201171875,0.966796875,-0.224609375,-0.41015625
39749,1.240234375,1.103515625,-0.234375,-0.400390625
39750,1.23046875,1.220703125,-0.25390625,-0.361328125
39751,1.181640625,1.15234375,-0.234375,-0.478515625
39752,1.240234375,1.1328125,-0.25390625,-0.556640625
39753,1.123046875,1.15234375,-0.234375,-0.361328125
39754,1.15234375,1.064453125,-0.13671875,-0.361328125
39755,1.171875,1.181640625,-0.263671875,-0.458984375
39756,1.171875,1.142578125,-0.380859375,-0.41015625
39757,1.220703125,1.181640625,-0.224609375,-0.4296875
39758,1.318359375,1.07421875,-0.1953125,-0.37109375
39759,1.09375,0.966796875,-0.3125,-0.33203125
39760,1.142578125,1.025390625,-0.244140625,-0.44921875
39761,1.220703125,1.103515625,-0.2734375,-0.224609375
39762,1.162109375,0.9765625,-0.13671875,-0.3125
39763,1.171875,1.064453125,-0.21484375,-0.21484375
39764,1.103515625,1.005859375,-0.15625,-0.419921875
39765,1.162109375,1.103515625,-0.224609375,-0.33203125
39766,1.220703125,1.181640625,-0.29296875,-0.283203125
39767,1.201171875,1.0546875,-0.234375,-0.46875
39768,1.23046875,1.044921875,-0.302734375,-0.341796875
39769,1.171875,1.09375,-0.205078125,-0.283203125
39770,1.19140625,1.103515625,-0.25390625,-0.2734375
39771,1.1328125,1.142578125,-0.419921875,-0.41015625
39772,1.19140625,1.0546875,-0.166015625,-0.400390625
39773,1.30859375,0.99609375,-0.234375,-0.185546875
39774,1.09375,0.908203125,-0.283203125,-0.3515625
39775,1.162109375,0.986328125,-0.33203125,-0.283203125
39776,1.26953125,1.044921875,-0.224609375,-0.302734375
39777,1.30859375,0.9375,-0.380859375,-0.390625
39778,1.19140625,1.083984375,-0.166015625,-0.341796875
39779,1.23046875,1.015625,-0.244140625,-0.3125
39780,1.23046875,1.07421875,-0.166015625,-0.3125
39781,1.171875,1.005859375,-0.25390625,-0.341796875
39782,1.279296875,1.025390625,-0.33203125,-0.322265625
39783,1.162109375,0.986328125,-0.21484375,-0.37109375
39784,1.1328125,1.11328125,-0.341796875,-0.283203125
39785,1.162109375,1.09375,-0.263671875,-0.33203125
39786,1.09375,0.986328125,-0.322265625,-0.302734375
39787,1.25,1.15234375,-0.21484375,-0.29296875
39788,1.298828125,1.083984375,-0.283203125,-0.341796875
39789,1.201171875,1.083984375,-0.263671875,-0.3125
39790,1.142578125,0.986328125,-0.224609375,-0.25390625
39791,1.171875,1.0546875,-0.244140625,-0.21484375
39792,1.162109375,1.025390625,-0.09765625,-0.361328125
39793,1.25,1.064453125,-0.107421875,-0.322265625
39794,1.2109375,1.005859375,-0.224609375,-0.361328125
39795,1.171875,1.044921875,-0.146484375,-0.37109375
39796,1.26953125,1.07421875,-0.1953125,-0.33203125
39797,1.2890625,1.064453125,-0.205078125,-0.2734375
39798,1.181640625,1.015625,-0.21484375,-0.33203125
39799,1.26953125,1.083984375,-0.3125,-0.2734375
39800,1.2109375,1.0546875,-0.244140625,-0.15625
39801,1.298828125,1.11328125,-0.21484375,-0.205078125
39802,1.201171875,1.0546875,-0.302734375,-0.234375
39803,1.25,1.201171875,-0.29296875,-0.234375
39804,1.11328125,1.015625,-0.263671875,-0.25390625
39805,1.15234375,1.07421875,-0.3125,-0.244140625
39806,1.23046875,1.015625,-0.1171875,-0.25390625
39807,1.298828125,1.09375,-0.17578125,-0.205078125
39808,1.2890625,1.07421875,-0.13671875,-0.25390625
39809,1.171875,1.07421875,-0.1171875,-0.29296875
39810,1.201171875,1.0546875,-0.244140625,-0.3125
39811,1.220703125,1.123046875,-0.185546875,-0.244140625
39812,1.171875,1.0546875,-0.302734375,-0.09765625
39813,1.064453125,1.11328125,-0.3125,-0.3125
39814,1.162109375,1.123046875,-0.25390625,-0.205078125
39815,1.1328125,1.03515625,-0.33203125,-0.29296875
39816,1.0546875,1.11328125,-0.390625,-0.185546875
39817,1.201171875,1.220703125,-0.283203125,-0.166015625
39818,1.23046875,1.083984375,-0.3125,-0.341796875
39819,1.201171875,1.142578125,-0.263671875,-0.13671875
39820,1.123046875,1.171875,-0.322265625,-0.25390625
39821,1.181640625,1.0546875,-0.302734375,-0.33203125
39822,1.23046875,1.03515625,-0.263671875,-0.341796875
39823,1.005859375,1.07421875,-0.29296875,-0.21484375
39824,1.220703125,1.1328125,-0.37109375,-0.283203125
39825,1.171875,1.11328125,-0.302734375,-0.17578125
39826,1.2109375,1.07421875,-0.29296875,-0.224609375
39827,1.19140625,0.966796875,-0.244140625,-0.21484375
39828,1.171875,1.0546875,-0.263671875,0.068359375
39829,1.220703125,1.11328125,-0.25390625,-0.263671875
39830,1.2109375,1.103515625,-0.37109375,-0.205078125
39831,1.123046875,1.1328125,-0.283203125,-0.283203125
39832,1.240234375,1.083984375,-0.37109375,-0.2734375
39833,1.171875,1.142578125,-0.302734375,-0.361328125
39834,1.201171875,1.103515625,-0.390625,-0.33203125
39835,1.15234375,1.083984375,-0.4296875,-0.263671875
39836,1.15234375,1.142578125,-0.283203125,-0.25390625
39837,1.181640625,1.064453125,-0.341796875,-0.17578125
39838,1.064453125,1.103515625,-0.419921875,-0.25390625
39839,1.181640625,1.15234375,-0.15625,-0.25390625
39840,1.2890625,1.103515625,-0.400390625,-0.263671875
39841,1.15234375,1.0546875,-0.361328125,-0.234375
39842,1.162109375,1.123046875,-0.283203125,-0.25390625
39843,1.064453125,1.07421875,-0.341796875,-0.21484375
39844,1.2109375,0.966796875,-0.41015625,-0.2734375
39845,1.240234375,1.103515625,-0.380859375,-0.361328125
39846,1.2109375,1.0546875,-0.3125,-0.29296875
39847,1.162109375,1.123046875,-0.2734375,-0.2734375
39848,1.142578125,1.044921875,-0.21484375,-0.283203125
39849,1.162109375,1.083984375,-0.37109375,-0.25390625
39850,1.09375,1.1328125,-0.244140625,-0.224609375
39851,1.19140625,1.0546875,-0.37109375,-0.21484375
39852,1.162109375,1.103515625,-0.341796875,-0.1171875
39853,1.07421875,1.064453125,-0.33203125,-0.205078125
39854,1.259765625,1.103515625,-0.244140625,-0.234375
39855,1.279296875,1.03515625,-0.263671875,-0.29296875
39856,1.23046875,1.1328125,-0.380859375,-0.25390625
39857,1.171875,1.07421875,-0.5078125,-0.263671875
39858,1.15234375,0.99609375,-0.400390625,-0.439453125
39859,1.044921875,1.181640625,-0.21484375,-0.29296875
39860,1.19140625,1.123046875,-0.29296875,-0.224609375
39861,1.162109375,1.025390625,-0.322265625,-0.263671875
39862,1.11328125,1.142578125,-0.283203125,-0.283203125
39863,1.201171875,1.09375,-0.25390625,-0.2734375
39864,1.19140625,0.810546875,-0.224609375,-0.15625
39865,1.123046875,1.1328125,-0.263671875,-0.3125
39866,1.19140625,0.9765625,-0.302734375,-0.25390625
39867,1.201171875,1.15234375,-0.29296875,-0.234375
39868,1.26953125,1.171875,-0.2734375,-0.44921875
39869,1.083984375,1.11328125,-0.302734375,-0.29296875
39870,1.2109375,1.337890625,-0.263671875,-0.3515625
39871,1.181640625,1.044921875,-0.2734375,-0.29296875
39872,1.201171875,1.19140625,-0.341796875,-0.2734375
39873,1.181640625,1.123046875,-0.322265625,-0.3125
39874,1.240234375,1.09375,-0.224609375,-0.1953125
39875,1.11328125,1.1328125,-0.05859375,-0.322265625
39876,1.25,1.11328125,-0.3515625,-0.224609375
39877,1.201171875,1.064453125,-0.244140625,-0.224609375
39878,0.9765625,1.0546875,-0.25390625,-0.166015625
39879,1.220703125,1.11328125,-0.25390625,-0.205078125
39880,1.2109375,1.142578125,-0.244140625,-0.224609375
39881,1.298828125,1.03515625,-0.29296875,-0.234375
39882,1.171875,1.11328125,-0.244140625,-0.341796875
39883,1.30859375,1.07421875,-0.263671875,-0.33203125
39884,1.181640625,1.19140625,-0.21484375,-0.29296875
39885,1.181640625,1.0546875,-0.4296875,-0.263671875
39886,1.19140625,1.103515625,-0.3125,-0.458984375
39887,1.279296875,1.181640625,-0.3125,-0.283203125
39888,1.23046875,1.064453125,-0.224609375,-0.25390625
39889,1.240234375,1.1328125,-0.37109375,-0.380859375
39890,1.2109375,1.083984375,-0.3125,-0.15625
39891,1.259765625,1.1328125,-0.244140625,-0.302734375
39892,1.298828125,1.11328125,-0.390625,-0.2734375
39893,1.201171875,1.1328125,-0.4296875,-0.361328125
39894,1.279296875,1.240234375,-0.400390625,-0.302734375
39895,1.30859375,1.103515625,-0.302734375,-0.205078125
39896,1.2890625,1.07421875,-0.322265625,-0.33203125
39897,1.2890625,1.103515625,-0.302734375,-0.21484375
39898,1.2109375,1.1328125,-0.29296875,-0.1953125
39899,1.376953125,1.0546875,-0.380859375,-0.13671875
39900,1.259765625,1.15234375,-0.302734375,-0.322265625
39901,1.279296875,1.103515625,-0.3125,-0.33203125
39902,1.34765625,1.162109375,-0.2734375,-0.234375
39903,1.23046875,1.103515625,-0.29296875,-0.21484375
39904,1.259765625,1.123046875,-0.2734375,-0.205078125
39905,1.298828125,1.220703125,-0.341796875,-0.2734375
39906,1.171875,1.1328125,-0.3515625,-0.263671875
39907,1.0546875,1.11328125,-0.302734375,-0.224609375
39908,1.1328125,1.064453125,-0.37109375,-0.25390625
39909,1.11328125,1.09375,-0.361328125,-0.341796875
39910,1.171875,1.015625,-0.33203125,-0.29296875
39911,1.279296875,1.142578125,-0.341796875,-0.224609375
39912,1.162109375,1.09375,-0.341796875,-0.283203125
39913,1.15234375,1.09375,-0.205078125,-0.2734375
39914,1.25,1.1328125,-0.1953125,-0.341796875
39915,1.07421875,1.123046875,-0.283203125,-0.29296875
39916,1.240234375,1.162109375,-0.25390625,-0.21484375
39917,1.2890625,1.162109375,-0.283203125,-0.33203125
39918,1.23046875,1.064453125,-0.400390625,-0.390625
39919,1.171875,1.142578125,-0.29296875,-0.380859375
39920,1.240234375,1.11328125,-0.2734375,-0.2734375
39921,1.259765625,1.005859375,-0.2734375,-0.33203125
39922,1.298828125,1.123046875,-0.3125,-0.126953125
39923,1.259765625,1.09375,-0.3125,-0.234375
39924,1.2109375,1.19140625,-0.21484375,-0.29296875
39925,1.162109375,1.279296875,-0.234375,-0.283203125
39926,1.123046875,1.083984375,-0.17578125,-0.390625
39927,1.30859375,1.201171875,-0.380859375,-0.234375
39928,1.220703125,1.09375,-0.234375,-0.224609375
39929,1.26953125,1.044921875,-0.244140625,-0.25390625
39930,1.328125,1.044921875,-0.1953125,-0.322265625
39931,1.181640625,1.07421875,-0.29296875,-0.3125
39932,1.26953125,1.064453125,-0.33203125,-0.1953125
39933,1.1328125,1.15234375,-0.25390625,-0.361328125
39934,1.201171875,1.07421875,-0.1953125,-0.048828125
39935,1.083984375,1.09375,-0.263671875,-0.21484375
39936,1.25,1.15234375,-0.29296875,-0.361328125
39937,1.181640625,1.044921875,-0.15625,-0.3125
39938,1.220703125,1.11328125,-0.13671875,-0.244140625
39939,1.15234375,1.064453125,-0.380859375,-0.380859375
39940,1.19140625,1.09375,-0.185546875,-0.341796875
39941,1.181640625,1.09375,-0.283203125,-0.21484375
39942,1.181640625,1.15234375,-0.263671875,-0.283203125
39943,1.2109375,1.279296875,-0.3125,-0.25390625
39944,1.103515625,1.103515625,-0.322265625,-0.37109375
39945,1.23046875,1.201171875,-0.302734375,-0.2734375
39946,1.11328125,1.11328125,-0.361328125,-0.380859375
39947,1.318359375,1.123046875,-0.29296875,-0.263671875
39948,1.171875,1.240234375,-0.205078125,-0.25390625
39949,1.15234375,1.23046875,-0.283203125,-0.224609375
39950,1.07421875,1.07421875,-0.224609375,-0.263671875
39951,1.15234375,1.11328125,-0.21484375,-0.302734375
39952,1.162109375,1.181640625,-0.41015625,-0.263671875
39953,1.103515625,1.15234375,-0.302734375,-0.29296875
39954,1.318359375,1.09375,-0.224609375,-0.302734375
39955,1.142578125,1.171875,-0.29296875,-0.224609375
39956,1.044921875,1.2109375,-0.244140625,-0.224609375
39957,1.03515625,1.162109375,-0.322265625,-0.390625
39958,1.19140625,1.240234375,-0.234375,-0.283203125
39959,1.11328125,1.240234375,-0.25390625,-0.361328125
39960,1.09375,1.123046875,-0.283203125,-0.3125
39961,1.2109375,1.181640625,-0.244140625,-0.322265625
39962,1.162109375,1.26953125,-0.2734375,-0.390625
39963,1.181640625,1.171875,-0.380859375,-0.3515625
39964,1.162109375,1.1328125,-0.2734375,-0.3515625
39965,1.142578125,1.2890625,-0.263671875,-0.3125
39966,1.0546875,1.220703125,-0.263671875,-0.3125
39967,1.181640625,1.162109375,-0.185546875,-0.41015625
39968,1.15234375,1.201171875,-0.2734375,-0.44921875
39969,1.1328125,1.201171875,-0.185546875,-0.380859375
39970,1.142578125,1.279296875,-0.283203125,-0.439453125
39971,1.162109375,1.181640625,-0.224609375,-0.3515625
39972,1.2109375,1.2890625,-0.244140625,-0.41015625
39973,1.201171875,1.142578125,-0.21484375,-0.458984375
39974,1.09375,1.181640625,-0.205078125,-0.380859375
39975,1.171875,1.279296875,-0.1953125,-0.44921875
39976,1.19140625,1.259765625,-0.17578125,-0.400390625
39977,1.240234375,1.23046875,-0.25390625,-0.380859375
39978,1.259765625,1.181640625,-0.224609375,-0.390625
39979,1.171875,1.064453125,-0.1953125,-0.341796875
39980,1.162109375,1.25,-0.263671875,-0.517578125
39981,1.11328125,1.23046875,-0.263671875,-0.390625
39982,1.15234375,1.279296875,-0.302734375,-0.419921875
39983,1.15234375,1.337890625,-0.361328125,-0.46875
39984,1.220703125,1.201171875,-0.25390625,-0.46875
39985,1.181640625,1.23046875,-0.37109375,-0.2734375
39986,1.171875,1.2109375,-0.361328125,-0.4296875
39987,1.240234375,1.201171875,-0.2734375,-0.390625
39988,1.181640625,1.259765625,-0.126953125,-0.400390625
39989,1.19140625,1.201171875,-0.3515625,-0.517578125
39990,1.26953125,1.240234375,-0.283203125,-0.4296875
39991,1.171875,1.15234375,-0.244140625,-0.3125
39992,1.201171875,1.123046875,-0.244140625,-0.380859375
39993,1.171875,1.220703125,-0.263671875,-0.458984375
39994,1.298828125,1.259765625,-0.361328125,-0.400390625
39995,1.30859375,1.328125,-0.2734375,-0.390625
39996,1.23046875,1.25,-0.244140625,-0.46875
39997,1.240234375,1.259765625,-0.322265625,-0.390625
39998,1.259765625,1.38671875,-0.37109375,-0.361328125
39999,1.240234375,1.220703125,-0.341796875,-0.33203125
40000,1.2109375,1.11328125,-0.205078125,-0.400390625
40001,1.19140625,1.23046875,-0.224609375,-0.29296875
40002,1.201171875,1.26953125,-0.25390625,-0.33203125
40003,1.1328125,1.298828125,-0.380859375,-0.3515625
40004,1.201171875,1.259765625,-0.283203125,-0.390625
40005,1.220703125,1.259765625,-0.25390625,-0.380859375
40006,1.201171875,1.162109375,-0.3125,-0.3515625
40007,1.201171875,1.25,-0.3515625,-0.400390625
40008,1.162109375,1.19140625,-0.283203125,-0.361328125
40009,1.26953125,1.220703125,-0.25390625,-0.341796875
40010,1.201171875,1.220703125,-0.17578125,-0.390625
40011,1.07421875,1.162109375,-0.25390625,-0.3125
40012,1.23046875,1.171875,-0.25390625,-0.361328125
40013,1.15234375,1.38671875,-0.244140625,-0.3515625
40014,1.220703125,1.142578125,-0.2734375,-0.361328125
40015,1.123046875,1.2109375,-0.361328125,-0.390625
40016,1.15234375,1.181640625,-0.25390625,-0.4296875
40017,1.2109375,1.2109375,-0.322265625,-0.33203125
40018,1.123046875,1.19140625,-0.205078125,-0.37109375
40019,1.1328125,1.240234375,-0.29296875,-0.302734375
40020,1.064453125,1.259765625,-0.1953125,-0.3125
40021,1.123046875,1.19140625,-0.166015625,-0.390625
40022,1.123046875,1.240234375,-0.283203125,-0.400390625
40023,1.181640625,1.103515625,-0.25390625,-0.439453125
40024,1.11328125,1.220703125,-0.224609375,-0.4296875
40025,1.171875,1.103515625,-0.283203125,-0.4296875
40026,1.142578125,1.123046875,-0.2734375,-0.478515625
40027,1.142578125,1.162109375,-0.25390625,-0.37109375
40028,1.162109375,1.259765625,-0.302734375,-0.44921875
40029,1.162109375,1.162109375,-0.1953125,-0.48828125
40030,1.181640625,1.162109375,-0.15625,-0.419921875
40031,1.201171875,1.42578125,-0.361328125,-0.46875
40032,1.171875,1.181640625,-0.13671875,-0.44921875
40033,1.11328125,1.19140625,-0.17578125,-0.44921875
40034,1.201171875,1.201171875,-0.25390625,-0.44921875
40035,1.15234375,1.09375,-0.263671875,-0.29296875
40036,1.123046875,1.15234375,-0.244140625,-0.419921875
40037,1.171875,1.19140625,-0.15625,-0.41015625
40038,1.279296875,1.171875,-0.21484375,-0.4296875
40039,1.103515625,1.044921875,-0.234375,-0.37109375
40040,1.298828125,1.0546875,-0.3515625,-0.48828125
40041,1.201171875,1.328125,-0.41015625,-0.234375
40042,1.1328125,1.162109375,-0.29296875,-0.3515625
40043,1.201171875,1.11328125,-0.185546875,-0.419921875
40044,1.240234375,1.07421875,-0.234375,-0.4296875
40045,1.123046875,1.142578125,-0.185546875,-0.4296875
40046,1.123046875,1.2890625,-0.224609375,-0.322265625
40047,1.181640625,1.11328125,-0.283203125,-0.390625
40048,1.19140625,1.220703125,-0.244140625,-0.5859375
40049,1.142578125,1.19140625,-0.283203125,-0.380859375
40050,1.19140625,1.15234375,-0.1171875,-0.52734375
40051,1.201171875,1.1328125,-0.25390625,-0.478515625
40052,1.220703125,1.181640625,-0.302734375,-0.419921875
40053,1.19140625,1.26953125,-0.283203125,-0.458984375
40054,1.103515625,1.181640625,-0.1953125,-0.458984375
40055,1.328125,1.201171875,-0.244140625,-0.400390625
40056,1.181640625,1.19140625,-0.37109375,-0.48828125
40057,1.123046875,1.2109375,-0.302734375,-0.537109375
40058,1.07421875,1.279296875,-0.3125,-0.478515625
40059,1.1328125,1.1328125,-0.205078125,-0.3515625
40060,1.07421875,1.23046875,-0.2734375,-0.41015625
40061,1.181640625,1.298828125,-0.2734375,-0.44921875
40062,1.171875,1.220703125,-0.302734375,-0.361328125
40063,1.220703125,1.162109375,-0.380859375,-0.439453125
40064,1.23046875,1.19140625,-0.3125,-0.46875
40065,1.103515625,1.103515625,-0.1171875,-0.41015625
40066,1.025390625,1.142578125,-0.146484375,-0.400390625
40067,1.19140625,1.123046875,-0.126953125,-0.341796875
40068,1.09375,1.181640625,-0.205078125,-0.41015625
40069,1.11328125,1.171875,-0.146484375,-0.37109375
40070,0.99609375,1.142578125,-0.29296875,-0.3515625
40071,1.162109375,1.064453125,-0.126953125,-0.48828125
40072,1.240234375,1.142578125,-0.17578125,-0.380859375
40073,1.181640625,1.19140625,-0.263671875,-0.400390625
40074,1.2109375,1.142578125,-0.3125,-0.41015625
40075,1.19140625,1.03515625,-0.244140625,-0.302734375
40076,1.07421875,1.15234375,-0.25390625,-0.41015625
40077,1.171875,1.240234375,-0.205078125,-0.361328125
40078,1.103515625,1.162109375,-0.126953125,-0.419921875
40079,1.181640625,1.123046875,-0.205078125,-0.380859375
40080,1.11328125,1.15234375,-0.126953125,-0.439453125
40081,1.171875,1.083984375,-0.3125,-0.44921875
40082,1.015625,1.03515625,-0.263671875,-0.439453125
40083,1.103515625,1.1328125,-0.205078125,-0.4296875
40084,1.19140625,1.015625,-0.185546875,-0.64453125
40085,1.416015625,1.083984375,-0.341796875,-0.400390625
40086,1.279296875,0.99609375,-0.244140625,-0.341796875
40087,1.279296875,1.103515625,-0.234375,-0.46875
40088,1.25,1.064453125,-0.166015625,-0.419921875
40089,1.25,1.142578125,-0.17578125,-0.361328125
40090,1.201171875,0.99609375,-0.302734375,-0.33203125
40091,1.259765625,1.09375,-0.244140625,-0.400390625
40092,1.25,1.142578125,-0.302734375,-0.46875
40093,1.2109375,1.162109375,-0.234375,-0.302734375
40094,1.298828125,1.09375,-0.244140625,-0.390625
40095,1.298828125,1.1328125,-0.224609375,-0.390625
40096,1.279296875,1.103515625,-0.234375,-0.33203125
40097,1.162109375,1.11328125,-0.205078125,-0.4296875
40098,1.328125,1.083984375,-0.205078125,-0.341796875
40099,1.23046875,1.15234375,-0.234375,-0.41015625
40100,1.19140625,0.99609375,-0.234375,-0.400390625
40101,1.2890625,1.09375,-0.224609375,-0.478515625
40102,1.259765625,1.0546875,-0.302734375,-0.546875
40103,1.337890625,1.11328125,-0.1953125,-0.576171875
40104,1.357421875,1.09375,-0.263671875,-0.390625
40105,1.142578125,1.005859375,-0.205078125,-0.361328125
40106,1.240234375,1.07421875,-0.37109375,-0.390625
40107,1.240234375,1.025390625,-0.341796875,-0.205078125
40108,1.23046875,1.162109375,-0.21484375,-0.33203125
40109,1.162109375,1.1328125,-0.224609375,-0.302734375
40110,1.201171875,1.26953125,-0.33203125,-0.3125
40111,1.318359375,1.103515625,-0.224609375,-0.41015625
40112,1.162109375,1.1328125,-0.29296875,-0.09765625
40113,1.259765625,1.03515625,-0.2734375,-0.322265625
40114,1.25,1.181640625,-0.3515625,-0.48828125
40115,1.171875,1.103515625,-0.205078125,-0.380859375
40116,1.220703125,1.025390625,-0.224609375,-0.380859375
40117,1.279296875,1.19140625,-0.244140625,-0.3515625
40118,1.26953125,1.142578125,-0.185546875,-0.29296875
40119,1.2890625,1.220703125,-0.3515625,-0.33203125
40120,1.23046875,1.07421875,-0.234375,-0.478515625
40121,1.240234375,1.162109375,-0.244140625,-0.458984375
40122,1.25,1.11328125,-0.25390625,-0.419921875
40123,1.23046875,1.15234375,-0.1953125,-0.37109375
40124,1.1328125,1.09375,-0.2734375,-0.2734375
40125,1.2890625,1.23046875,-0.263671875,-0.322265625
40126,1.181640625,1.03515625,-0.21484375,-0.41015625
40127,1.298828125,1.103515625,-0.205078125,-0.5078125
40128,1.220703125,1.07421875,-0.322265625,-0.400390625
40129,1.2109375,1.15234375,-0.078125,-0.380859375
40130,1.09375,1.11328125,-0.29296875,-0.380859375
40131,1.201171875,1.07421875,-0.25390625,-0.4296875
40132,1.220703125,1.103515625,-0.41015625,-0.341796875
40133,1.19140625,1.11328125,-0.2734375,-0.400390625
40134,1.09375,1.09375,-0.25390625,-0.439453125
40135,1.201171875,1.03515625,-0.244140625,-0.361328125
40136,1.298828125,1.09375,-0.234375,-0.380859375
40137,1.11328125,1.1328125,-0.234375,-0.341796875
40138,1.240234375,1.201171875,-0.234375,-0.3515625
40139,1.162109375,1.201171875,-0.17578125,-0.2734375
40140,1.25,1.181640625,-0.244140625,-0.380859375
40141,1.2890625,1.2890625,-0.25390625,-0.41015625
40142,1.30859375,1.11328125,-0.224609375,-0.458984375
40143,1.38671875,1.19140625,-0.25390625,-0.37109375
40144,1.259765625,1.07421875,-0.341796875,-0.283203125
40145,1.2109375,1.240234375,-0.283203125,-0.439453125
40146,1.40625,1.1328125,-0.21484375,-0.380859375
40147,1.279296875,1.103515625,-0.205078125,-0.3515625
40148,1.220703125,1.142578125,-0.244140625,-0.234375
40149,1.357421875,1.162109375,-0.29296875,-0.44921875
40150,1.2890625,1.044921875,-0.25390625,-0.37109375
40151,1.298828125,1.15234375,-0.302734375,-0.33203125
40152,1.337890625,1.15234375,-0.234375,-0.400390625
40153,1.2890625,0.986328125,-0.166015625,-0.37109375
40154,1.298828125,1.064453125,-0.302734375,-0.361328125
40155,1.2890625,1.201171875,-0.185546875,-0.2734375
40156,1.23046875,1.025390625,-0.41015625,-0.400390625
40157,1.181640625,1.171875,-0.361328125,-0.5078125
40158,1.11328125,1.09375,-0.244140625,-0.458984375
40159,1.220703125,0.9375,-0.146484375,-0.37109375
40160,1.201171875,1.19140625,-0.146484375,-0.46875
40161,1.25,1.123046875,-0.341796875,-0.419921875
40162,1.19140625,0.99609375,-0.302734375,-0.419921875
40163,1.2109375,1.07421875,-0.15625,-0.3515625
40164,1.34765625,1.162109375,-0.126953125,-0.419921875
40165,1.220703125,1.103515625,-0.166015625,-0.3515625
40166,1.23046875,1.15234375,-0.244140625,-0.5078125
40167,1.298828125,1.162109375,-0.224609375,-0.41015625
40168,1.171875,1.15234375,-0.44921875,-0.322265625
40169,1.220703125,1.123046875,-0.15625,-0.37109375
40170,1.298828125,1.09375,-0.17578125,-0.341796875
40171,1.162109375,1.15234375,-0.21484375,-0.380859375
40172,1.201171875,1.083984375,-0.21484375,-0.439453125
40173,1.09375,1.142578125,-0.205078125,-0.322265625
40174,1.09375,1.23046875,-0.205078125,-0.380859375
40175,1.201171875,1.23046875,-0.205078125,-0.4296875
40176,1.171875,1.123046875,-0.17578125,-0.380859375
40177,1.328125,1.1328125,-0.146484375,-0.44921875
40178,1.240234375,1.19140625,-0.283203125,-0.25390625
40179,1.064453125,1.19140625,-0.185546875,-0.419921875
40180,1.26953125,1.03515625,-0.185546875,-0.380859375
40181,1.201171875,1.19140625,-0.21484375,-0.41015625
40182,1.201171875,1.162109375,-0.234375,-0.3515625
40183,1.298828125,1.142578125,-0.244140625,-0.4296875
40184,1.083984375,1.162109375,-0.244140625,-0.25390625
40185,1.23046875,1.1328125,-0.29296875,-0.361328125
40186,1.103515625,1.0546875,-0.185546875,-0.361328125
40187,1.171875,0.95703125,-0.17578125,-0.5078125
40188,1.15234375,1.123046875,-0.244140625,-0.380859375
40189,1.171875,1.03515625,-0.21484375,-0.419921875
40190,1.162109375,1.005859375,-0.1953125,-0.302734375
40191,1.26953125,1.201171875,-0.224609375,-0.341796875
40192,1.23046875,1.142578125,-0.17578125,-0.3515625
40193,1.23046875,1.083984375,-0.185546875,-0.41015625
40194,1.279296875,1.064453125,-0.21484375,-0.52734375
40195,1.201171875,1.015625,-0.185546875,-0.361328125
40196,1.2109375,1.07421875,-0.302734375,-0.2734375
40197,1.2109375,1.07421875,-0.234375,-0.33203125
40198,1.25,1.025390625,-0.107421875,-0.302734375
40199,1.23046875,1.26953125,-0.21484375,-0.33203125
40200,1.181640625,1.07421875,-0.283203125,-0.283203125
40201,1.103515625,0.9375,-0.205078125,-0.3125
40202,1.162109375,1.044921875,-0.263671875,-0.3125
40203,1.2109375,1.240234375,-0.21484375,-0.419921875
40204,1.103515625,1.0546875,-0.25390625,-0.2734375
40205,1.181640625,1.1328125,-0.361328125,-0.33203125
40206,1.2109375,1.005859375,-0.263671875,-0.390625
40207,1.15234375,1.123046875,-0.341796875,-0.361328125
40208,1.240234375,1.171875,-0.15625,-0.380859375
40209,1.1328125,0.966796875,-0.29296875,-0.244140625
40210,1.142578125,1.044921875,-0.29296875,-0.361328125
40211,1.1328125,1.03515625,-0.25390625,-0.361328125
40212,1.09375,1.0546875,-0.25390625,-0.33203125
40213,1.201171875,1.07421875,0.01953125,-0.44921875
40214,1.1328125,0.966796875,-0.25390625,-0.380859375
40215,1.19140625,1.064453125,-0.29296875,-0.322265625
40216,0.95703125,1.083984375,-0.17578125,-0.3515625
40217,1.07421875,1.09375,-0.185546875,-0.2734375
40218,1.201171875,1.015625,-0.244140625,-0.302734375
40219,1.162109375,1.123046875,-0.3125,-0.341796875
40220,1.142578125,1.064453125,-0.361328125,-0.380859375
40221,1.162109375,1.07421875,-0.400390625,-0.33203125
40222,1.2109375,1.09375,-0.244140625,-0.29296875
40223,1.162109375,1.044921875,-0.3125,-0.25390625
40224,1.240234375,1.240234375,-0.302734375,-0.400390625
40225,1.25,1.09375,-0.15625,-0.302734375
40226,1.07421875,1.103515625,-0.302734375,-0.37109375
40227,1.142578125,1.015625,-0.380859375,-0.263671875
40228,1.19140625,1.083984375,-0.185546875,-0.13671875
40229,1.26953125,0.966796875,-0.3515625,-0.322265625
40230,1.171875,1.09375,-0.15625,-0.234375
40231,1.259765625,1.07421875,-0.126953125,-0.361328125
40232,1.2109375,1.15234375,-0.1953125,-0.283203125
40233,1.181640625,1.044921875,-0.146484375,-0.3515625
40234,1.2109375,1.03515625,-0.1953125,-0.302734375
40235,1.171875,1.005859375,-0.283203125,-0.205078125
40236,1.201171875,1.015625,-0.224609375,-0.263671875
40237,1.26953125,1.064453125,-0.2734375,-0.234375
40238,1.162109375,0.9765625,-0.126953125,-0.3125
40239,1.142578125,1.025390625,-0.37109375,-0.1171875
40240,1.2109375,1.03515625,-0.21484375,-0.439453125
40241,0.986328125,1.181640625,-0.21484375,-0.263671875
40242,1.103515625,1.015625,-0.4296875,-0.25390625
40243,1.181640625,1.1328125,-0.234375,-0.419921875
40244,1.328125,1.1328125,-0.2734375,-0.29296875
40245,1.103515625,0.966796875,-0.1953125,-0.234375
40246,1.083984375,1.083984375,-0.224609375,-0.390625
40247,1.181640625,1.103515625,-0.29296875,-0.1953125
40248,1.15234375,1.15234375,-0.2734375,-0.205078125
40249,1.25,1.103515625,-0.2734375,-0.283203125
40250,1.181640625,1.15234375,-0.361328125,-0.205078125
40251,1.220703125,1.19140625,-0.205078125,-0.205078125
40252,1.201171875,1.123046875,-0.263671875,-0.078125
40253,1.11328125,1.1328125,-0.3125,-0.185546875
40254,1.181640625,1.23046875,-0.3125,-0.263671875
40255,1.142578125,1.09375,-0.283203125,-0.185546875
40256,1.11328125,1.005859375,-0.322265625,-0.234375
40257,1.2109375,1.0546875,-0.17578125,-0.234375
40258,1.23046875,1.083984375,-0.33203125,-0.146484375
40259,1.083984375,1.1328125,-0.302734375,-0.234375
40260,1.171875,1.142578125,-0.25390625,-0.21484375
40261,1.25,1.1328125,-0.341796875,-0.263671875
40262,1.1328125,1.064453125,-0.380859375,-0.25390625
40263,1.09375,0.986328125,-0.48828125,-0.283203125
40264,1.23046875,1.123046875,-0.322265625,-0.205078125
40265,1.259765625,0.966796875,-0.166015625,-0.2734375
40266,1.19140625,1.025390625,-0.37109375,-0.2734375
40267,1.240234375,1.0546875,-0.361328125,-0.17578125
40268,1.201171875,1.11328125,-0.283203125,-0.1953125
40269,1.171875,1.23046875,-0.498046875,-0.1953125
40270,1.1328125,1.044921875,-0.33203125,-0.302734375
40271,1.240234375,1.1328125,-0.380859375,-0.21484375
40272,1.09375,1.064453125,-0.3125,-0.263671875
40273,1.23046875,1.142578125,-0.341796875,-0.244140625
40274,1.220703125,1.064453125,-0.302734375,-0.234375
40275,1.181640625,1.083984375,-0.29296875,-0.21484375
40276,1.279296875,1.09375,-0.3125,-0.283203125
40277,1.220703125,1.083984375,-0.33203125,-0.1953125
40278,1.103515625,1.09375,-0.205078125,-0.205078125
40279,1.19140625,1.015625,-0.244140625,-0.33203125
40280,1.220703125,1.11328125,-0.361328125,-0.107421875
40281,1.26953125,1.064453125,-0.400390625,-0.224609375
40282,1.15234375,1.171875,-0.29296875,0.09765625
40283,1.1328125,1.015625,-0.263671875,-0.224609375
40284,1.1328125,0.869140625,-0.361328125,-0.15625
40285,1.181640625,1.1328125,-0.29296875,-0.087890625
40286,1.201171875,1.09375,-0.263671875,-0.17578125
40287,1.044921875,1.181640625,-0.087890625,-0.234375
40288,1.123046875,1.044921875,-0.234375,-0.3125
40289,1.181640625,1.123046875,-0.29296875,-0.400390625
40290,1.064453125,1.171875,-0.166015625,-0.263671875
40291,1.142578125,1.123046875,-0.25390625,-0.37109375
40292,0.9375,1.123046875,-0.29296875,-0.29296875
40293,1.103515625,1.0546875,-0.3125,-0.3125
40294,1.044921875,1.103515625,-0.17578125,-0.361328125
40295,1.07421875,1.07421875,-0.3515625,-0.25390625
40296,1.171875,1.123046875,-0.234375,-0.2734375
40297,1.1328125,1.181640625,-0.185546875,-0.52734375
40298,1.083984375,1.103515625,-0.400390625,-0.361328125
40299,1.07421875,1.015625,-0.283203125,-0.29296875
40300,1.1328125,1.025390625,-0.29296875,-0.263671875
40301,1.142578125,1.11328125,-0.283203125,-0.15625
40302,1.083984375,1.083984375,-0.361328125,-0.224609375
40303,1.15234375,1.09375,-0.322265625,-0.166015625
40304,1.19140625,1.1328125,-0.244140625,-0.37109375
40305,1.30859375,0.986328125,-0.263671875,-0.263671875
40306,1.1328125,1.083984375,-0.244140625,-0.21484375
40307,1.0546875,1.07421875,-0.29296875,-0.1953125
40308,1.123046875,1.083984375,-0.302734375,-0.21484375
40309,1.2890625,1.162109375,-0.2734375,-0.17578125
40310,1.11328125,1.044921875,-0.322265625,-0.263671875
40311,1.240234375,1.09375,-0.2734375,-0.21484375
40312,1.2109375,1.015625,-0.29296875,-0.234375
40313,1.337890625,1.03515625,-0.21484375,-0.078125
40314,1.328125,1.064453125,-0.244140625,-0.2734375
40315,1.142578125,1.083984375,-0.185546875,-0.3515625
40316,1.23046875,1.103515625,-0.361328125,-0.302734375
40317,1.25,1.0546875,-0.41015625,-0.283203125
40318,1.19140625,1.005859375,-0.302734375,-0.185546875
40319,1.240234375,1.171875,-0.3515625,-0.2734375
40320,1.23046875,1.220703125,-0.322265625,-0.2734375
40321,1.298828125,1.09375,-0.361328125,-0.29296875
40322,1.201171875,1.123046875,-0.37109375,-0.3515625
40323,1.25,1.123046875,-0.302734375,-0.302734375
40324,1.26953125,0.9375,-0.224609375,-0.263671875
40325,1.318359375,1.09375,-0.2734375,-0.341796875
40326,1.337890625,1.162109375,-0.3515625,-0.283203125
40327,1.171875,1.181640625,-0.302734375,-0.322265625
40328,1.19140625,1.142578125,-0.322265625,-0.283203125
40329,1.23046875,1.181640625,-0.2734375,-0.234375
40330,1.201171875,1.083984375,-0.224609375,-0.341796875
40331,1.240234375,1.103515625,-0.302734375,-0.46875
40332,1.30859375,1.162109375,-0.322265625,-0.244140625
40333,1.220703125,1.005859375,-0.322265625,-0.205078125
40334,1.25,1.103515625,-0.2734375,-0.224609375
40335,1.09375,1.15234375,-0.21484375,-0.29296875
40336,1.171875,1.201171875,-0.283203125,-0.1953125
40337,1.2890625,1.044921875,-0.21484375,-0.15625
40338,1.201171875,1.123046875,-0.3515625,-0.263671875
40339,1.25,1.044921875,-0.380859375,-0.1953125
40340,1.201171875,1.1328125,-0.400390625,-0.146484375
40341,1.07421875,1.19140625,-0.21484375,-0.146484375
40342,1.26953125,1.162109375,-0.33203125,-0.234375
40343,1.162109375,1.25,-0.341796875,-0.4296875
40344,1.181640625,1.15234375,-0.21484375,-0.302734375
40345,1.181640625,1.181640625,-0.37109375,-0.322265625
40346,1.19140625,1.07421875,-0.41015625,-0.17578125
40347,1.2109375,1.15234375,-0.3125,-0.41015625
40348,1.19140625,1.025390625,-0.33203125,-0.302734375
40349,1.240234375,1.162109375,-0.234375,-0.283203125
40350,1.298828125,1.142578125,-0.302734375,-0.302734375
40351,1.2890625,1.103515625,-0.322265625,-0.400390625
40352,1.2109375,1.19140625,-0.3515625,-0.29296875
40353,1.25,1.09375,-0.283203125,-0.3125
40354,1.337890625,1.201171875,-0.33203125,-0.302734375
40355,1.259765625,1.09375,-0.380859375,-0.3125
40356,1.416015625,1.142578125,-0.205078125,-0.205078125
40357,1.123046875,1.201171875,-0.224609375,-0.380859375
40358,1.23046875,1.083984375,-0.29296875,-0.3515625
40359,1.23046875,1.044921875,-0.283203125,-0.33203125
40360,1.171875,1.11328125,-0.3515625,-0.2734375
40361,1.259765625,1.142578125,-0.283203125,-0.37109375
40362,1.19140625,1.044921875,-0.302734375,-0.41015625
40363,1.15234375,1.0546875,-0.322265625,-0.234375
40364,1.2109375,1.1328125,-0.25390625,-0.29296875
40365,1.240234375,1.09375,-0.25390625,-0.283203125
40366,1.2109375,1.09375,-0.263671875,-0.263671875
40367,1.23046875,1.064453125,-0.37109375,-0.2734375
40368,1.123046875,1.083984375,-0.283203125,-0.166015625
40369,1.2890625,1.0546875,-0.263671875,-0.361328125
40370,1.181640625,1.123046875,-0.2734375,-0.3515625
40371,1.25,1.03515625,-0.341796875,-0.29296875
40372,1.09375,1.162109375,-0.234375,-0.3125
40373,1.23046875,1.171875,-0.419921875,-0.361328125
40374,1.0546875,1.201171875,-0.25390625,-0.439453125
40375,1.19140625,1.240234375,-0.205078125,-0.322265625
40376,1.259765625,1.162109375,-0.17578125,-0.244140625
40377,1.123046875,1.19140625,-0.244140625,-0.224609375
40378,1.23046875,1.083984375,-0.2734375,-0.322265625
40379,1.181640625,1.2109375,-0.205078125,-0.400390625
40380,1.044921875,1.123046875,-0.302734375,-0.3125
40381,1.11328125,1.1328125,-0.263671875,-0.263671875
40382,1.123046875,1.103515625,-0.263671875,-0.263671875
40383,1.162109375,1.142578125,-0.29296875,-0.33203125
40384,1.1328125,1.142578125,-0.1953125,-0.341796875
40385,1.11328125,1.181640625,-0.205078125,-0.361328125
40386,1.15234375,1.1328125,-0.224609375,-0.322265625
40387,1.2109375,1.220703125,-0.13671875,-0.3515625
40388,1.23046875,1.15234375,-0.1171875,-0.224609375
40389,1.142578125,1.23046875,-0.2734375,-0.37109375
40390,1.2109375,1.181640625,-0.17578125,-0.3125
40391,1.220703125,1.19140625,-0.21484375,-0.25390625
40392,1.19140625,1.19140625,-0.234375,-0.37109375
40393,1.123046875,1.220703125,-0.2734375,-0.302734375
40394,1.142578125,1.123046875,-0.1953125,-0.341796875
40395,1.0546875,1.181640625,-0.341796875,-0.390625
40396,1.142578125,1.162109375,-0.244140625,-0.25390625
40397,1.162109375,1.03515625,-0.25390625,-0.283203125
40398,1.1328125,1.11328125,-0.33203125,-0.419921875
40399,1.259765625,1.220703125,-0.2734375,-0.458984375
40400,1.1328125,1.201171875,-0.302734375,-0.4296875
40401,1.1328125,1.220703125,-0.244140625,-0.498046875
40402,1.181640625,1.15234375,-0.1953125,-0.46875
40403,1.25,1.26953125,-0.244140625,-0.341796875
40404,1.19140625,1.25,-0.380859375,-0.458984375
40405,1.11328125,1.23046875,-0.2734375,-0.341796875
40406,1.103515625,1.181640625,-0.322265625,-0.44921875
40407,1.19140625,1.171875,-0.302734375,-0.458984375
40408,1.259765625,1.23046875,-0.244140625,-0.48828125
40409,1.171875,1.162109375,-0.302734375,-0.48828125
40410,1.09375,1.26953125,-0.283203125,-0.5859375
40411,1.19140625,1.23046875,-0.2734375,-0.5078125
40412,1.220703125,1.2109375,-0.33203125,-0.400390625
40413,1.2109375,1.4453125,-0.361328125,-0.302734375
40414,1.201171875,1.23046875,-0.25390625,-0.283203125
40415,1.181640625,1.240234375,-0.29296875,-0.4296875
40416,1.162109375,1.11328125,-0.37109375,-0.576171875
40417,1.15234375,1.201171875,-0.322265625,-0.361328125
40418,1.19140625,1.181640625,-0.361328125,-0.390625
40419,1.259765625,1.083984375,-0.185546875,-0.41015625
40420,1.15234375,1.162109375,-0.2734375,-0.556640625
40421,1.279296875,1.171875,-0.3125,-0.4296875
40422,1.23046875,1.220703125,-0.2734375,-0.33203125
40423,1.298828125,1.19140625,-0.2734375,-0.37109375
40424,1.2109375,1.201171875,-0.3125,-0.283203125
40425,1.2890625,1.171875,-0.2734375,-0.322265625
40426,1.26953125,1.162109375,-0.234375,-0.263671875
40427,1.259765625,1.259765625,-0.25390625,-0.4296875
40428,1.23046875,1.279296875,-0.2734375,-0.3515625
40429,1.337890625,1.19140625,-0.29296875,-0.439453125
40430,1.162109375,1.220703125,-0.234375,-0.361328125
40431,1.25,1.09375,-0.21484375,-0.44921875
40432,1.23046875,1.23046875,-0.2734375,-0.361328125
40433,1.123046875,1.201171875,-0.1953125,-0.458984375
40434,1.220703125,1.279296875,-0.380859375,-0.37109375
40435,1.2109375,1.201171875,-0.361328125,-0.37109375
40436,1.123046875,1.30859375,-0.29296875,-0.37109375
40437,1.083984375,1.142578125,-0.283203125,-0.419921875
40438,1.09375,1.259765625,-0.3125,-0.48828125
40439,1.25,1.337890625,-0.2734375,-0.3515625
40440,1.171875,1.25,-0.302734375,-0.390625
40441,1.26953125,1.240234375,-0.21484375,-0.537109375
40442,1.19140625,1.2109375,-0.21484375,-0.380859375
40443,1.171875,1.064453125,-0.29296875,-0.41015625
40444,1.220703125,1.1328125,-0.29296875,-0.576171875
40445,1.25,1.162109375,-0.390625,-0.380859375
40446,1.181640625,1.279296875,-0.37109375,-0.3515625
40447,1.181640625,1.123046875,-0.283203125,-0.390625
40448,1.30859375,1.162109375,-0.25390625,-0.361328125
40449,1.279296875,1.23046875,-0.17578125,-0.3515625
40450,1.23046875,1.23046875,-0.341796875,-0.439453125
40451,1.201171875,1.083984375,-0.390625,-0.33203125
40452,1.2890625,1.123046875,-0.1953125,-0.341796875
40453,1.240234375,1.318359375,-0.21484375,-0.21484375
40454,1.38671875,1.11328125,-0.302734375,-0.4296875
40455,1.2890625,1.1328125,-0.224609375,-0.361328125
40456,1.220703125,1.26953125,-0.146484375,-0.400390625
40457,1.259765625,1.142578125,-0.29296875,-0.458984375
40458,1.220703125,1.103515625,-0.126953125,-0.44921875
40459,1.19140625,1.19140625,-0.1953125,-0.341796875
40460,1.15234375,1.171875,-0.13671875,-0.4296875
40461,1.11328125,1.083984375,-0.3125,-0.33203125
40462,1.142578125,1.19140625,-0.205078125,-0.3125
40463,1.34765625,1.11328125,-0.224609375,-0.41015625
40464,1.240234375,1.259765625,-0.33203125,-0.439453125
40465,1.23046875,1.181640625,-0.29296875,-0.576171875
40466,0.986328125,1.171875,-0.25390625,-0.1953125
40467,1.19140625,0.966796875,-0.25390625,-0.478515625
40468,1.162109375,1.279296875,-0.21484375,-0.244140625
40469,1.26953125,1.19140625,-0.13671875,-0.244140625
40470,1.2109375,1.201171875,-0.29296875,-0.37109375
40471,1.2109375,0.95703125,-0.224609375,-0.37109375
40472,1.298828125,1.162109375,-0.2734375,-0.361328125
40473,1.181640625,1.123046875,-0.05859375,-0.390625
40474,1.181640625,1.142578125,-0.146484375,-0.2734375
40475,1.103515625,1.1328125,-0.185546875,-0.4296875
40476,1.240234375,1.083984375,-0.21484375,-0.419921875
40477,1.2109375,1.123046875,-0.341796875,-0.33203125
40478,1.19140625,1.142578125,-0.17578125,-0.37109375
40479,1.064453125,1.220703125,-0.234375,-0.4296875
40480,1.142578125,1.162109375,-0.107421875,-0.41015625
40481,1.279296875,1.162109375,-0.234375,-0.37109375
40482,1.064453125,1.1328125,-0.341796875,-0.4296875
40483,1.142578125,1.064453125,-0.25390625,-0.44921875
40484,1.171875,1.171875,-0.3125,-0.41015625
40485,1.07421875,1.15234375,-0.25390625,-0.390625
40486,1.15234375,1.15234375,-0.33203125,-0.458984375
40487,1.171875,1.181640625,-0.25390625,-0.37109375
40488,1.103515625,1.162109375,-0.21484375,-0.5078125
40489,1.171875,1.259765625,-0.400390625,-0.41015625
40490,1.09375,1.19140625,-0.3515625,-0.37109375
40491,1.171875,1.279296875,-0.263671875,-0.400390625
40492,1.162109375,1.259765625,-0.361328125,-0.439453125
40493,1.123046875,1.171875,-0.341796875,-0.52734375
40494,1.1328125,1.123046875,-0.37109375,-0.419921875
40495,1.15234375,1.25,-0.263671875,-0.44921875
40496,1.25,1.162109375,-0.3125,-0.4296875
40497,1.15234375,1.220703125,-0.205078125,-0.390625
40498,1.15234375,1.26953125,-0.224609375,-0.390625
40499,1.103515625,1.1328125,-0.21484375,-0.3515625
40500,1.2109375,1.201171875,-0.17578125,-0.37109375
40501,1.2109375,1.1328125,-0.205078125,-0.361328125
40502,1.103515625,1.2109375,-0.1953125,-0.302734375
40503,1.162109375,1.201171875,-0.224609375,-0.322265625
40504,1.181640625,1.142578125,-0.1953125,-0.380859375
40505,1.11328125,1.15234375,-0.166015625,-0.400390625
40506,1.23046875,1.2109375,-0.205078125,-0.361328125
40507,1.201171875,0.95703125,-0.21484375,-0.3125
40508,1.103515625,1.19140625,-0.244140625,-0.400390625
40509,1.23046875,1.201171875,-0.166015625,-0.37109375
40510,1.279296875,1.171875,-0.078125,-0.37109375
40511,1.083984375,1.09375,-0.263671875,-0.380859375
40512,1.201171875,1.171875,-0.21484375,-0.390625
40513,1.103515625,1.1328125,-0.419921875,-0.41015625
40514,1.09375,1.142578125,-0.283203125,-0.478515625
40515,1.0546875,1.09375,-0.1171875,-0.341796875
40516,1.1328125,1.318359375,-0.3515625,-0.439453125
40517,1.064453125,1.11328125,-0.234375,-0.48828125
40518,1.171875,1.03515625,-0.390625,-0.37109375
40519,1.220703125,1.142578125,-0.322265625,-0.4296875
40520,1.19140625,1.123046875,-0.263671875,-0.400390625
40521,1.23046875,1.123046875,-0.25390625,-0.419921875
40522,1.142578125,1.123046875,-0.185546875,-0.439453125
40523,1.19140625,1.0546875,-0.21484375,-0.419921875
40524,1.103515625,1.11328125,-0.17578125,-0.361328125
40525,1.09375,1.03515625,-0.166015625,-0.361328125
40526,1.181640625,1.09375,-0.21484375,-0.37109375
40527,1.19140625,1.11328125,-0.21484375,-0.576171875
40528,1.240234375,1.23046875,-0.21484375,-0.361328125
40529,1.171875,1.201171875,-0.166015625,-0.341796875
40530,1.23046875,1.103515625,-0.21484375,-0.341796875
40531,1.171875,1.015625,-0.21484375,-0.361328125
40532,1.162109375,1.005859375,-0.1953125,-0.458984375
40533,1.103515625,1.103515625,-0.283203125,-0.37109375
40534,1.259765625,1.171875,-0.234375,-0.33203125
40535,1.15234375,1.11328125,-0.322265625,-0.322265625
40536,1.42578125,1.064453125,-0.21484375,-0.390625
40537,1.220703125,1.162109375,-0.33203125,-0.48828125
40538,1.162109375,1.005859375,-0.146484375,-0.29296875
40539,1.2109375,1.07421875,-0.3125,-0.2734375
40540,1.240234375,1.0546875,-0.234375,-0.380859375
40541,1.181640625,1.083984375,-0.234375,-0.37109375
40542,1.2890625,1.123046875,-0.29296875,-0.166015625
40543,1.220703125,1.142578125,-0.3515625,-0.4296875
40544,1.2109375,1.1328125,-0.283203125,-0.341796875
40545,1.279296875,1.162109375,-0.25390625,-0.322265625
40546,1.171875,1.11328125,-0.234375,-0.322265625
40547,1.26953125,1.1328125,-0.283203125,-0.361328125
40548,1.26953125,1.162109375,-0.263671875,-0.302734375
40549,1.15234375,1.171875,-0.3125,-0.361328125
40550,1.259765625,1.220703125,-0.361328125,-0.44921875
40551,1.376953125,1.142578125,-0.2734375,-0.5078125
40552,1.26953125,1.103515625,-0.234375,-0.390625
40553,1.279296875,1.142578125,-0.205078125,-0.458984375
40554,1.19140625,1.09375,-0.1953125,-0.37109375
40555,1.298828125,1.201171875,-0.302734375,-0.380859375
40556,1.279296875,1.09375,-0.33203125,-0.400390625
40557,1.298828125,1.123046875,-0.2734375,-0.41015625
40558,1.181640625,1.083984375,-0.21484375,-0.4296875
40559,1.220703125,0.869140625,-0.25390625,-0.361328125
40560,1.123046875,1.15234375,-0.2734375,-0.546875
40561,1.171875,1.142578125,-0.263671875,-0.400390625
40562,1.25,1.279296875,-0.15625,-0.37109375
40563,1.259765625,1.103515625,-0.2734375,-0.400390625
40564,1.181640625,1.0546875,-0.126953125,-0.33203125
40565,1.2109375,1.015625,-0.244140625,-0.41015625
40566,1.25,1.142578125,-0.185546875,-0.400390625
40567,1.103515625,1.07421875,-0.25390625,-0.361328125
40568,1.259765625,1.083984375,-0.126953125,-0.33203125
40569,1.2109375,1.11328125,-0.205078125,-0.185546875
40570,1.142578125,1.064453125,-0.263671875,-0.33203125
40571,1.23046875,1.083984375,-0.107421875,-0.44921875
40572,1.396484375,1.171875,-0.166015625,-0.68359375
40573,1.337890625,1.1328125,-0.09765625,-0.4296875
40574,1.25,1.298828125,-0.09765625,-0.46875
40575,1.337890625,0.99609375,-0.09765625,-0.29296875
40576,1.171875,1.142578125,-0.21484375,-0.439453125
40577,1.298828125,1.03515625,-0.205078125,-0.46875
40578,1.2890625,1.09375,-0.419921875,-0.3515625
40579,1.201171875,1.142578125,-0.21484375,-0.3515625
40580,1.279296875,1.142578125,-0.107421875,-0.33203125
40581,1.30859375,1.1328125,-0.341796875,-0.46875
40582,1.328125,1.142578125,-0.234375,-0.390625
40583,1.279296875,1.123046875,-0.224609375,-0.400390625
40584,1.279296875,1.162109375,-0.322265625,-0.517578125
40585,1.298828125,1.11328125,-0.25390625,-0.390625
40586,1.142578125,0.859375,-0.263671875,-0.361328125
40587,1.162109375,1.26953125,-0.322265625,-0.37109375
40588,1.220703125,1.123046875,-0.2734375,-0.2734375
40589,1.15234375,1.162109375,-0.33203125,-0.4296875
40590,1.171875,1.044921875,-0.21484375,-0.361328125
40591,1.2109375,1.162109375,-0.283203125,-0.44921875
40592,1.19140625,0.8984375,-0.15625,-0.380859375
40593,1.19140625,1.0546875,-0.185546875,-0.33203125
40594,1.2109375,1.142578125,-0.185546875,-0.4296875
40595,1.19140625,1.162109375,-0.15625,-0.390625
40596,1.162109375,1.044921875,-0.205078125,-0.3515625
40597,1.240234375,1.103515625,-0.205078125,-0.390625
40598,1.2109375,1.083984375,-0.146484375,-0.361328125
40599,1.201171875,1.11328125,-0.283203125,-0.44921875
40600,1.162109375,1.142578125,-0.166015625,-0.2734375
40601,1.396484375,1.1328125,-0.166015625,-0.341796875
40602,1.240234375,1.1328125,-0.146484375,-0.37109375
40603,1.26953125,1.1328125,-0.17578125,-0.33203125
40604,1.25,1.15234375,-0.185546875,-0.44921875
40605,1.19140625,1.1328125,-0.09765625,-0.41015625
40606,1.25,1.11328125,-0.21484375,-0.302734375
40607,1.240234375,1.083984375,-0.3515625,-0.400390625
40608,1.19140625,1.11328125,-0.146484375,-0.46875
40609,1.23046875,1.123046875,-0.283203125,-0.322265625
40610,1.2109375,1.220703125,-0.234375,-0.361328125
40611,1.2109375,1.11328125,-0.234375,-0.283203125
40612,1.259765625,1.1328125,-0.244140625,-0.41015625
40613,1.240234375,1.162109375,-0.166015625,-0.322265625
40614,1.2109375,1.07421875,-0.205078125,-0.341796875
40615,1.162109375,1.09375,-0.107421875,-0.361328125
40616,1.103515625,1.09375,-0.25390625,-0.25390625
40617,1.240234375,1.162109375,-0.263671875,-0.439453125
40618,1.26953125,1.09375,-0.166015625,-0.361328125
40619,1.11328125,1.044921875,-0.21484375,-0.37109375
40620,1.19140625,1.064453125,-0.263671875,-0.37109375
40621,1.162109375,1.09375,-0.13671875,-0.283203125
40622,1.19140625,1.09375,-0.15625,-0.3125
40623,1.23046875,1.09375,-0.244140625,-0.361328125
40624,1.171875,0.95703125,-0.1953125,-0.283203125
40625,1.26953125,1.025390625,-0.205078125,-0.380859375
40626,1.201171875,1.09375,-0.146484375,-0.322265625
40627,1.181640625,1.005859375,-0.17578125,-0.205078125
40628,1.11328125,0.986328125,-0.29296875,-0.33203125
40629,1.181640625,0.986328125,-0.087890625,-0.302734375
40630,1.19140625,1.0546875,-0.126953125,-0.361328125
40631,1.23046875,1.103515625,-0.205078125,-0.4296875
40632,1.201171875,1.005859375,-0.146484375,-0.3125
40633,1.2109375,1.044921875,-0.205078125,-0.2734375
40634,1.11328125,1.0546875,-0.205078125,-0.29296875
40635,1.142578125,0.966796875,-0.09765625,-0.322265625
40636,1.19140625,1.044921875,-0.185546875,-0.390625
40637,1.162109375,1.0546875,-0.17578125,-0.48828125
40638,1.3671875,0.99609375,-0.21484375,-0.29296875
40639,1.162109375,1.03515625,-0.1953125,-0.29296875
40640,1.123046875,1.083984375,-0.205078125,-0.341796875
40641,1.171875,1.044921875,-0.21484375,-0.4296875
40642,1.2109375,1.1328125,-0.087890625,-0.400390625
40643,1.181640625,0.99609375,-0.185546875,-0.3515625
40644,1.23046875,1.044921875,-0.166015625,-0.341796875
40645,1.142578125,1.0546875,-0.205078125,-0.48828125
40646,1.07421875,1.11328125,-0.224609375,-0.60546875
40647,1.09375,1.064453125,-0.390625,-0.283203125
40648,1.171875,1.015625,-0.400390625,-0.29296875
40649,1.201171875,1.015625,-0.33203125,-0.380859375
40650,1.220703125,1.11328125,-0.33203125,-0.2734375
40651,1.142578125,0.947265625,-0.2734375,-0.166015625
40652,1.005859375,1.07421875,-0.263671875,-0.390625
40653,1.2109375,1.064453125,-0.33203125,-0.2734375
40654,1.19140625,0.966796875,-0.44921875,-0.322265625
40655,1.083984375,1.0546875,-0.263671875,-0.2734375
40656,1.220703125,1.015625,-0.25390625,-0.21484375
40657,1.162109375,0.99609375,-0.3515625,-0.25390625
40658,1.2890625,1.064453125,-0.3125,-0.205078125
40659,1.162109375,1.09375,-0.283203125,-0.3125
40660,1.171875,1.123046875,-0.380859375,-0.2734375
40661,1.083984375,1.083984375,-0.322265625,-0.3125
40662,1.181640625,0.966796875,-0.263671875,-0.3125
40663,1.2109375,1.103515625,-0.185546875,-0.361328125
40664,1.259765625,1.07421875,-0.244140625,-0.283203125
40665,1.220703125,1.171875,-0.244140625,-0.29296875
40666,1.11328125,1.025390625,-0.126953125,-0.283203125
40667,1.171875,1.044921875,-0.224609375,-0.322265625
40668,1.09375,1.123046875,-0.146484375,-0.283203125
40669,1.1328125,1.03515625,-0.3515625,-0.166015625
40670,1.201171875,1.03515625,-0.2734375,-0.244140625
40671,1.064453125,1.09375,-0.29296875,-0.25390625
40672,1.15234375,1.025390625,-0.166015625,-0.3125
40673,1.19140625,1.07421875,-0.224609375,-0.2734375
40674,1.142578125,1.103515625,-0.17578125,-0.302734375
40675,1.201171875,1.09375,-0.21484375,-0.3125
40676,1.19140625,1.044921875,-0.2734375,-0.234375
40677,1.162109375,1.015625,-0.205078125,-0.234375
40678,1.11328125,1.123046875,-0.263671875,-0.283203125
40679,1.162109375,1.103515625,-0.2734375,-0.234375
40680,1.044921875,1.064453125,-0.29296875,-0.25390625
40681,1.123046875,1.083984375,-0.185546875,-0.263671875
40682,1.201171875,1.2109375,-0.25390625,-0.234375
40683,1.11328125,1.15234375,-0.29296875,-0.185546875
40684,1.142578125,1.103515625,-0.146484375,-0.2734375
40685,1.201171875,1.123046875,-0.17578125,-0.361328125
40686,1.19140625,1.083984375,-0.302734375,-0.33203125
40687,1.2109375,1.07421875,-0.29296875,-0.283203125
40688,1.15234375,1.044921875,-0.234375,-0.29296875
40689,1.318359375,1.044921875,-0.146484375,-0.234375
40690,1.171875,1.083984375,-0.25390625,-0.234375
40691,1.201171875,1.03515625,-0.29296875,-0.380859375
40692,1.1328125,1.09375,-0.2734375,-0.263671875
40693,1.064453125,1.171875,-0.283203125,-0.2734375
40694,1.337890625,1.1328125,-0.283203125,-0.322265625
40695,1.142578125,1.09375,-0.29296875,-0.25390625
40696,1.19140625,1.0546875,-0.33203125,-0.1953125
40697,1.162109375,1.07421875,-0.322265625,-0.21484375
40698,1.07421875,1.123046875,-0.29296875,-0.322265625
40699,1.1328125,1.025390625,-0.341796875,-0.234375
40700,1.07421875,1.123046875,-0.244140625,-0.1171875
40701,1.318359375,1.220703125,-0.46875,-0.0390625
40702,1.15234375,1.0546875,-0.302734375,-0.1953125
40703,1.19140625,1.1328125,-0.17578125,-0.234375
40704,1.2109375,1.0546875,-0.25390625,-0.263671875
40705,1.1328125,1.09375,-0.46875,-0.29296875
40706,1.2109375,1.09375,-0.478515625,-0.322265625
40707,1.23046875,1.07421875,-0.380859375,-0.25390625
40708,1.123046875,1.064453125,-0.41015625,-0.205078125
40709,1.123046875,1.171875,-0.41015625,-0.322265625
40710,1.240234375,1.07421875,-0.322265625,-0.400390625
40711,1.19140625,1.357421875,-0.380859375,-0.25390625
40712,1.1328125,1.03515625,-0.341796875,-0.3515625
40713,1.064453125,1.044921875,-0.380859375,-0.322265625
40714,1.181640625,1.083984375,-0.48828125,-0.244140625
40715,1.259765625,1.044921875,-0.33203125,-0.322265625
40716,1.2890625,1.083984375,-0.37109375,-0.33203125
40717,1.103515625,1.220703125,-0.302734375,-0.21484375
40718,1.23046875,1.162109375,-0.400390625,-0.302734375
40719,1.142578125,1.083984375,-0.2734375,-0.419921875
40720,1.07421875,1.044921875,-0.1953125,-0.25390625
40721,1.181640625,1.1328125,-0.29296875,-0.263671875
40722,1.201171875,1.1328125,-0.126953125,-0.3515625
40723,1.162109375,1.09375,-0.283203125,-0.263671875
40724,1.083984375,1.1328125,-0.205078125,-0.224609375
40725,1.2109375,1.142578125,-0.322265625,-0.224609375
40726,1.240234375,1.142578125,-0.400390625,-0.283203125
40727,1.1328125,1.11328125,-0.322265625,-0.234375
40728,1.103515625,1.103515625,-0.21484375,-0.166015625
40729,1.240234375,0.947265625,-0.234375,-0.302734375
40730,1.171875,1.083984375,-0.1953125,-0.234375
40731,0.95703125,1.083984375,-0.25390625,-0.322265625
40732,1.171875,1.123046875,-0.25390625,-0.263671875
40733,1.1328125,1.171875,-0.283203125,-0.302734375
40734,1.11328125,1.064453125,-0.2734375,-0.078125
40735,1.142578125,1.07421875,-0.224609375,-0.234375
40736,1.1328125,1.044921875,-0.2734375,-0.17578125
40737,1.171875,1.09375,-0.25390625,-0.166015625
40738,1.259765625,1.09375,-0.380859375,-0.341796875
40739,1.259765625,1.103515625,-0.29296875,-0.224609375
40740,1.171875,1.103515625,-0.322265625,-0.400390625
40741,1.162109375,0.986328125,-0.234375,-0.21484375
40742,1.220703125,1.1328125,-0.3125,-0.224609375
40743,1.2109375,1.09375,-0.322265625,-0.244140625
40744,1.220703125,1.15234375,-0.263671875,-0.166015625
40745,1.240234375,1.259765625,-0.283203125,-0.17578125
40746,1.2890625,1.09375,-0.302734375,-0.41015625
40747,1.23046875,1.15234375,-0.3125,-0.29296875
40748,1.26953125,1.11328125,-0.21484375,-0.283203125
40749,1.34765625,1.19140625,-0.234375,-0.33203125
40750,1.181640625,1.171875,-0.4296875,-0.33203125
40751,1.201171875,1.279296875,-0.400390625,-0.25390625
40752,1.15234375,1.171875,-0.21484375,-0.13671875
40753,1.15234375,1.103515625,-0.25390625,-0.439453125
40754,1.11328125,1.064453125,-0.37109375,-0.33203125
40755,1.23046875,1.181640625,-0.263671875,-0.341796875
40756,0.9765625,1.19140625,-0.263671875,-0.283203125
40757,1.15234375,1.07421875,-0.25390625,-0.302734375
40758,1.23046875,1.25,-0.3515625,-0.3515625
40759,1.1328125,1.123046875,-0.322265625,-0.1953125
40760,1.11328125,1.220703125,-0.25390625,-0.29296875
40761,1.15234375,1.171875,-0.263671875,-0.283203125
40762,1.201171875,1.240234375,-0.21484375,-0.244140625
40763,1.1328125,1.044921875,-0.205078125,-0.322265625
40764,1.162109375,1.171875,-0.234375,-0.2734375
40765,1.1328125,1.09375,-0.283203125,-0.068359375
40766,1.25,0.869140625,-0.3125,-0.185546875
40767,1.220703125,1.220703125,-0.3125,-0.3125
40768,1.298828125,1.083984375,-0.341796875,-0.185546875
40769,1.142578125,1.123046875,-0.419921875,-0.3515625
40770,1.19140625,1.26953125,-0.29296875,-0.21484375
40771,1.23046875,1.09375,-0.234375,-0.15625
40772,1.15234375,1.142578125,-0.322265625,-0.25390625
40773,1.171875,1.064453125,-0.439453125,-0.302734375
40774,1.23046875,1.07421875,-0.302734375,-0.244140625
40775,1.162109375,1.123046875,-0.33203125,-0.3125
40776,1.181640625,1.11328125,-0.380859375,-0.263671875
40777,1.23046875,1.1328125,-0.341796875,-0.33203125
40778,1.19140625,1.2109375,-0.25390625,-0.25390625
40779,1.2109375,1.11328125,-0.17578125,-0.439453125
40780,1.11328125,1.162109375,-0.3125,-0.244140625
40781,1.240234375,1.19140625,-0.29296875,-0.29296875
40782,1.23046875,1.162109375,-0.17578125,-0.322265625
40783,1.298828125,1.162109375,-0.302734375,-0.087890625
40784,1.171875,1.2109375,-0.3125,-0.283203125
40785,1.181640625,1.171875,-0.126953125,-0.33203125
40786,1.220703125,1.09375,-0.2734375,-0.224609375
40787,1.1328125,1.162109375,-0.41015625,-0.263671875
40788,1.26953125,1.328125,-0.2734375,-0.205078125
40789,1.162109375,1.15234375,-0.361328125,-0.302734375
40790,1.279296875,1.142578125,-0.400390625,-0.234375
40791,1.2109375,1.0546875,-0.380859375,-0.29296875
40792,1.220703125,1.09375,-0.380859375,-0.234375
40793,1.171875,1.07421875,-0.3125,-0.263671875
40794,1.259765625,1.19140625,-0.322265625,-0.25390625
40795,1.181640625,1.09375,-0.33203125,-0.29296875
40796,1.142578125,1.064453125,-0.322265625,-0.283203125
40797,1.15234375,1.064453125,-0.341796875,-0.29296875
40798,1.103515625,1.064453125,-0.29296875,-0.21484375
40799,1.201171875,1.044921875,-0.322265625,-0.341796875
40800,1.162109375,1.03515625,-0.37109375,-0.29296875
40801,1.083984375,1.11328125,-0.25390625,-0.087890625
40802,1.240234375,1.044921875,-0.234375,-0.244140625
40803,1.171875,1.171875,-0.244140625,-0.185546875
40804,1.15234375,1.19140625,-0.283203125,-0.283203125
40805,1.19140625,1.1328125,-0.2734375,-0.302734375
40806,1.15234375,1.19140625,-0.283203125,-0.302734375
40807,1.171875,1.15234375,-0.2734375,-0.37109375
40808,1.162109375,1.142578125,-0.244140625,-0.380859375
40809,1.162109375,1.23046875,-0.2734375,-0.37109375
40810,1.1328125,1.25,-0.244140625,-0.33203125
40811,1.2890625,1.240234375,-0.390625,-0.3125
40812,1.171875,1.23046875,-0.05859375,-0.380859375
40813,1.11328125,1.11328125,-0.244140625,-0.390625
40814,1.279296875,1.162109375,-0.37109375,-0.263671875
40815,1.181640625,1.0546875,-0.322265625,-0.361328125
40816,1.162109375,1.1328125,-0.283203125,-0.205078125
40817,1.337890625,1.19140625,-0.25390625,-0.283203125
40818,1.30859375,1.328125,-0.419921875,-0.263671875
40819,1.2109375,1.15234375,-0.244140625,-0.458984375
40820,1.25,1.162109375,-0.29296875,-0.3515625
40821,1.09375,1.1328125,-0.146484375,-0.263671875
40822,1.1328125,1.1328125,-0.29296875,-0.185546875
40823,1.064453125,1.171875,-0.234375,-0.361328125
40824,1.162109375,1.19140625,-0.205078125,-0.390625
40825,1.220703125,1.19140625,-0.29296875,-0.205078125
40826,1.220703125,1.19140625,-0.166015625,-0.2734375
40827,1.162109375,1.240234375,-0.17578125,-0.341796875
40828,1.15234375,1.25,-0.283203125,-0.41015625
40829,1.044921875,1.171875,-0.244140625,-0.322265625
40830,1.19140625,0.87890625,-0.37109375,-0.33203125
40831,1.181640625,1.15234375,-0.29296875,-0.390625
40832,1.30859375,1.181640625,-0.33203125,-0.400390625
40833,1.19140625,1.23046875,-0.44921875,-0.37109375
40834,1.181640625,1.123046875,-0.361328125,-0.400390625
40835,1.11328125,1.240234375,-0.3515625,-0.322265625
40836,1.1328125,1.123046875,-0.33203125,-0.419921875
40837,1.181640625,1.181640625,-0.17578125,-0.33203125
40838,1.142578125,1.181640625,-0.29296875,-0.4296875
40839,1.15234375,1.123046875,-0.458984375,-0.380859375
40840,1.162109375,1.044921875,-0.283203125,-0.390625
40841,1.171875,1.201171875,-0.33203125,-0.09765625
40842,1.1328125,1.162109375,-0.17578125,-0.41015625
40843,1.0546875,1.279296875,-0.1953125,-0.458984375
40844,1.015625,1.25,-0.234375,-0.29296875
40845,1.142578125,1.259765625,-0.322265625,-0.322265625
40846,1.15234375,1.220703125,-0.263671875,-0.3515625
40847,1.171875,1.23046875,-0.2734375,-0.52734375
40848,1.2890625,1.201171875,-0.283203125,-0.3515625
40849,1.2109375,1.005859375,-0.263671875,-0.419921875
40850,1.201171875,1.2109375,-0.283203125,-0.234375
40851,1.220703125,1.123046875,-0.2734375,-0.390625
40852,1.220703125,1.2109375,-0.283203125,-0.380859375
40853,1.23046875,1.19140625,-0.3125,-0.3515625
40854,1.142578125,1.240234375,-0.3515625,-0.380859375
40855,1.23046875,1.0546875,-0.341796875,-0.341796875
40856,1.162109375,1.171875,-0.244140625,-0.419921875
40857,1.083984375,1.240234375,-0.33203125,-0.3125
40858,1.30859375,1.2890625,-0.25390625,-0.4296875
40859,1.2109375,1.15234375,-0.3125,-0.439453125
40860,1.26953125,1.142578125,-0.263671875,-0.419921875
40861,1.171875,1.162109375,-0.224609375,-0.419921875
40862,1.064453125,1.279296875,-0.33203125,-0.46875
40863,1.26953125,1.2109375,-0.37109375,-0.41015625
40864,1.19140625,1.259765625,-0.205078125,-0.390625
40865,1.171875,1.2109375,-0.302734375,-0.3515625
40866,1.0546875,1.23046875,-0.166015625,-0.37109375
40867,1.181640625,1.07421875,-0.29296875,-0.4296875
40868,1.11328125,1.26953125,-0.3125,-0.419921875
40869,1.181640625,1.162109375,-0.205078125,-0.41015625
40870,1.142578125,1.0546875,-0.234375,-0.419921875
40871,1.15234375,1.2109375,-0.283203125,-0.44921875
40872,1.123046875,1.26953125,-0.17578125,-0.41015625
40873,1.162109375,1.1328125,-0.283203125,-0.44921875
40874,1.142578125,1.15234375,-0.29296875,-0.361328125
40875,1.07421875,1.15234375,-0.3125,-0.390625
40876,1.083984375,1.328125,-0.283203125,-0.361328125
40877,1.240234375,1.171875,-0.302734375,-0.419921875
40878,1.181640625,1.171875,-0.2734375,-0.46875
40879,1.30859375,1.240234375,-0.322265625,-0.41015625
40880,1.259765625,1.220703125,-0.21484375,-0.3125
40881,1.2109375,1.181640625,-0.25390625,-0.400390625
40882,1.23046875,1.015625,-0.21484375,-0.3125
40883,1.162109375,1.171875,-0.33203125,-0.3515625
40884,1.162109375,1.064453125,-0.21484375,-0.4296875
40885,1.044921875,1.201171875,-0.390625,-0.3515625
40886,1.201171875,1.318359375,-0.341796875,-0.41015625
40887,1.19140625,1.171875,-0.21484375,-0.3515625
40888,1.201171875,1.171875,-0.2734375,-0.361328125
40889,1.220703125,1.279296875,-0.263671875,-0.5078125
40890,1.181640625,1.181640625,-0.185546875,-0.341796875
40891,1.19140625,1.2109375,-0.1953125,-0.44921875
40892,1.220703125,1.083984375,-0.2734375,-0.361328125
40893,1.15234375,1.201171875,-0.25390625,-0.458984375
40894,1.19140625,1.19140625,-0.2734375,-0.400390625
40895,1.181640625,1.1328125,-0.205078125,-0.37109375
40896,1.337890625,1.15234375,-0.361328125,-0.44921875
40897,1.162109375,1.1328125,-0.29296875,-0.478515625
40898,1.240234375,1.11328125,-0.224609375,-0.419921875
40899,1.240234375,1.181640625,-0.25390625,-0.46875
40900,1.1328125,1.220703125,-0.166015625,-0.400390625
40901,1.19140625,1.201171875,-0.205078125,-0.3515625
40902,1.083984375,1.23046875,-0.2734375,-0.419921875
40903,1.259765625,1.103515625,-0.224609375,-0.41015625
40904,1.11328125,1.11328125,-0.185546875,-0.322265625
40905,1.171875,1.083984375,-0.21484375,-0.44921875
40906,1.07421875,1.064453125,-0.25390625,-0.37109375
40907,1.1328125,1.1328125,-0.283203125,-0.33203125
40908,1.0546875,1.1328125,-0.302734375,-0.498046875
40909,1.162109375,1.142578125,-0.2734375,-0.33203125
40910,1.1328125,1.240234375,-0.244140625,-0.439453125
40911,1.279296875,1.15234375,-0.21484375,-0.3125
40912,1.09375,1.11328125,-0.1953125,-0.400390625
40913,1.142578125,1.201171875,-0.29296875,-0.419921875
40914,1.103515625,1.083984375,-0.263671875,-0.41015625
40915,1.181640625,1.064453125,-0.283203125,-0.4296875
40916,1.162109375,0.95703125,-0.244140625,-0.400390625
40917,1.103515625,1.083984375,-0.224609375,-0.478515625
40918,1.181640625,1.25,-0.1953125,-0.37109375
40919,1.23046875,1.15234375,-0.263671875,-0.439453125
40920,1.142578125,1.30859375,-0.2734375,-0.302734375
40921,1.162109375,1.07421875,-0.29296875,-0.458984375
40922,1.201171875,1.064453125,-0.244140625,-0.4296875
40923,1.15234375,1.30859375,-0.263671875,-0.322265625
40924,1.279296875,1.1328125,-0.302734375,-0.537109375
40925,1.171875,1.240234375,-0.166015625,-0.478515625
40926,1.2109375,1.162109375,-0.234375,-0.546875
40927,1.2109375,1.123046875,-0.185546875,-0.400390625
40928,1.19140625,1.09375,-0.263671875,-0.44921875
40929,1.15234375,0.947265625,-0.224609375,-0.400390625
40930,1.259765625,1.123046875,-0.283203125,-0.3515625
40931,1.11328125,1.1328125,-0.0390625,-0.29296875
40932,1.044921875,1.123046875,-0.185546875,-0.556640625
40933,0.99609375,1.123046875,-0.244140625,-0.537109375
40934,1.181640625,1.09375,-0.01953125,-0.419921875
40935,1.162109375,1.181640625,-0.25390625,-0.341796875
40936,1.171875,1.07421875,-0.322265625,-0.400390625
40937,1.11328125,1.015625,-0.25390625,-0.341796875
40938,1.171875,1.09375,-0.3125,-0.37109375
40939,1.240234375,1.07421875,-0.29296875,-0.361328125
40940,1.09375,1.103515625,-0.302734375,-0.341796875
40941,1.171875,1.123046875,-0.244140625,-0.283203125
40942,1.11328125,1.171875,-0.263671875,-0.341796875
40943,1.11328125,1.142578125,-0.17578125,-0.439453125
40944,1.181640625,1.181640625,-0.33203125,-0.44921875
40945,1.11328125,1.201171875,-0.33203125,-0.33203125
40946,1.171875,1.1328125,-0.244140625,-0.3515625
40947,1.171875,1.07421875,-0.1953125,-0.2734375
40948,1.26953125,1.09375,-0.244140625,-0.419921875
40949,1.23046875,1.2109375,-0.322265625,-0.458984375
40950,1.201171875,1.123046875,-0.2734375,-0.390625
40951,1.240234375,1.103515625,-0.224609375,-0.4296875
40952,1.19140625,1.162109375,-0.37109375,-0.400390625
40953,1.171875,0.986328125,-0.166015625,-0.341796875
40954,1.259765625,1.142578125,-0.25390625,-0.537109375
40955,1.220703125,1.1328125,-0.126953125,-0.4296875
40956,1.23046875,1.11328125,-0.2734375,-0.361328125
40957,1.19140625,1.142578125,-0.087890625,-0.244140625
40958,1.337890625,1.142578125,-0.3125,-0.380859375
40959,1.19140625,1.0546875,-0.126953125,-0.5078125
40960,1.2890625,1.09375,-0.087890625,-0.41015625
40961,1.23046875,1.083984375,-0.17578125,-0.37109375
40962,1.25,1.123046875,-0.185546875,-0.263671875
40963,1.240234375,1.083984375,-0.126953125,-0.3515625
40964,1.220703125,1.162109375,-0.166015625,-0.361328125
40965,1.181640625,1.15234375,-0.146484375,-0.29296875
40966,1.15234375,1.083984375,-0.15625,-0.33203125
40967,1.064453125,1.123046875,-0.185546875,-0.37109375
40968,1.171875,1.142578125,-0.2734375,-0.439453125
40969,1.1328125,1.103515625,-0.3125,-0.419921875
40970,1.23046875,1.15234375,-0.2734375,-0.3125
40971,1.171875,1.123046875,-0.21484375,-0.302734375
40972,1.2109375,1.1328125,-0.283203125,-0.3125
40973,1.171875,1.171875,-0.21484375,-0.3515625
40974,1.171875,1.171875,-0.33203125,-0.380859375
40975,1.181640625,1.1328125,-0.2734375,-0.478515625
40976,1.201171875,1.142578125,-0.2734375,-0.322265625
40977,1.0546875,1.07421875,-0.224609375,-0.3515625
40978,1.259765625,1.162109375,-0.25390625,-0.37109375
40979,1.259765625,1.171875,-0.244140625,-0.263671875
40980,1.201171875,1.11328125,-0.33203125,-0.341796875
40981,1.03515625,1.1328125,-0.283203125,-0.3515625
40982,1.103515625,0.99609375,-0.341796875,-0.283203125
40983,1.220703125,1.279296875,-0.244140625,-0.361328125
40984,1.19140625,1.005859375,-0.3125,-0.48828125
40985,1.181640625,1.07421875,-0.224609375,-0.439453125
40986,1.2890625,1.083984375,-0.1953125,-0.498046875
40987,1.142578125,1.09375,-0.244140625,-0.56640625
40988,1.11328125,1.142578125,-0.244140625,-0.390625
40989,1.171875,1.025390625,-0.185546875,-0.41015625
40990,1.162109375,1.03515625,-0.224609375,-0.556640625
40991,1.083984375,1.044921875,-0.2734375,-0.41015625
40992,1.240234375,1.103515625,-0.15625,-0.33203125
40993,1.171875,1.123046875,-0.29296875,-0.48828125
40994,1.201171875,1.0546875,-0.21484375,-0.498046875
40995,1.26953125,1.025390625,-0.25390625,-0.400390625
40996,1.220703125,1.11328125,-0.166015625,-0.37109375
40997,1.07421875,1.11328125,-0.185546875,-0.478515625
40998,1.201171875,1.015625,-0.185546875,-0.302734375
40999,1.103515625,1.11328125,-0.107421875,-0.5078125
41000,1.181640625,1.0546875,-0.263671875,-0.537109375
41001,1.240234375,1.123046875,-0.263671875,-0.439453125
41002,1.2890625,1.123046875,-0.185546875,-0.166015625
41003,1.26953125,1.103515625,-0.263671875,-0.3125
41004,1.11328125,0.9375,-0.01953125,-0.390625
41005,1.30859375,1.240234375,-0.1953125,-0.078125
41006,1.240234375,1.103515625,-0.166015625,-0.37109375
41007,1.142578125,1.083984375,-0.1171875,-0.322265625
41008,1.26953125,1.259765625,-0.17578125,-0.3515625
41009,1.4453125,1.15234375,-0.263671875,-0.078125
41010,1.26953125,1.171875,-0.283203125,-0.322265625
41011,1.259765625,1.2109375,-0.234375,-0.263671875
41012,1.357421875,1.142578125,-0.29296875,-0.390625
41013,1.181640625,0.9765625,-0.234375,-0.380859375
41014,1.298828125,1.103515625,-0.41015625,-0.263671875
41015,1.484375,1.123046875,-0.244140625,-0.400390625
41016,1.07421875,0.986328125,-0.234375,-0.361328125
41017,1.171875,1.09375,-0.1953125,-0.400390625
41018,0.9765625,1.162109375,-0.166015625,-0.2734375
41019,1.181640625,1.201171875,-0.13671875,-0.380859375
41020,1.19140625,1.15234375,-0.205078125,-0.48828125
41021,1.123046875,1.142578125,-0.17578125,-0.419921875
41022,1.15234375,1.064453125,-0.263671875,-0.400390625
41023,1.15234375,0.95703125,-0.244140625,-0.41015625
41024,1.083984375,1.142578125,-0.283203125,-0.33203125
41025,1.0546875,1.240234375,-0.185546875,-0.341796875
41026,1.19140625,1.19140625,-0.244140625,-0.224609375
41027,1.07421875,1.123046875,-0.205078125,-0.400390625
41028,1.15234375,1.162109375,-0.283203125,-0.3125
41029,1.142578125,1.11328125,-0.15625,-0.400390625
41030,1.26953125,1.123046875,-0.09765625,-0.33203125
41031,1.240234375,1.11328125,-0.302734375,-0.37109375
41032,1.240234375,1.123046875,-0.29296875,-0.546875
41033,1.2109375,1.142578125,-0.205078125,-0.41015625
41034,1.26953125,1.162109375,-0.1171875,-0.380859375
41035,1.23046875,1.220703125,-0.1953125,-0.517578125
41036,1.220703125,1.162109375,-0.205078125,-0.341796875
41037,1.25,1.201171875,-0.3125,-0.37109375
41038,1.123046875,1.1328125,-0.29296875,-0.2734375
41039,1.26953125,1.103515625,-0.185546875,-0.46875
41040,1.181640625,1.19140625,-0.126953125,-0.361328125
41041,1.23046875,1.0546875,-0.263671875,-0.361328125
41042,1.142578125,1.083984375,-0.224609375,-0.380859375
41043,1.103515625,1.11328125,-0.29296875,-0.29296875
41044,1.25,1.162109375,-0.234375,-0.380859375
41045,1.162109375,1.15234375,-0.17578125,-0.380859375
41046,1.11328125,1.123046875,-0.166015625,-0.361328125
41047,1.181640625,1.07421875,-0.263671875,-0.283203125
41048,1.11328125,1.1328125,-0.2734375,-0.556640625
41049,1.240234375,1.09375,-0.283203125,-0.283203125
41050,1.083984375,1.11328125,-0.2734375,-0.302734375
41051,1.142578125,1.11328125,-0.21484375,-0.341796875
41052,1.142578125,1.044921875,-0.302734375,-0.3515625
41053,1.2109375,0.91796875,-0.15625,-0.390625
41054,1.11328125,1.15234375,-0.205078125,-0.3515625
41055,1.1328125,1.15234375,-0.13671875,-0.33203125
41056,1.171875,0.986328125,-0.244140625,-0.380859375
41057,1.220703125,0.9375,-0.17578125,-0.46875
41058,1.171875,1.064453125,-0.244140625,-0.3125
41059,1.25,1.25,-0.166015625,-0.33203125
41060,1.162109375,1.0546875,-0.126953125,-0.25390625
41061,1.123046875,1.123046875,-0.25390625,-0.48828125
41062,1.083984375,0.986328125,-0.322265625,-0.37109375
41063,1.220703125,1.0546875,-0.15625,-0.3125
41064,1.162109375,1.103515625,-0.25390625,-0.400390625
41065,1.142578125,1.11328125,-0.3125,-0.37109375
41066,1.181640625,1.181640625,-0.205078125,-0.400390625
41067,1.181640625,1.083984375,-0.205078125,-0.244140625
41068,1.298828125,1.15234375,-0.15625,-0.341796875
41069,1.19140625,1.2109375,-0.146484375,-0.37109375
41070,1.240234375,1.015625,-0.087890625,-0.29296875
41071,1.103515625,1.0546875,-0.146484375,-0.283203125
41072,1.19140625,1.064453125,-0.234375,-0.361328125
41073,1.201171875,1.07421875,-0.224609375,-0.361328125
41074,1.142578125,0.99609375,-0.25390625,-0.37109375
41075,1.171875,0.947265625,-0.2734375,-0.29296875
41076,1.0546875,1.03515625,-0.146484375,-0.3125
41077,1.181640625,1.03515625,-0.205078125,-0.2734375
41078,1.201171875,0.947265625,-0.205078125,-0.37109375
41079,1.142578125,1.0546875,-0.185546875,-0.244140625
41080,1.11328125,1.240234375,-0.25390625,-0.302734375
41081,1.19140625,1.09375,-0.302734375,-0.37109375
41082,1.15234375,1.07421875,-0.25390625,-0.46875
41083,1.337890625,1.123046875,-0.234375,-0.322265625
41084,1.19140625,1.09375,-0.234375,-0.322265625
41085,1.19140625,1.005859375,-0.29296875,-0.3515625
41086,1.015625,0.908203125,-0.322265625,-0.322265625
41087,1.142578125,0.947265625,-0.3125,-0.341796875
41088,1.181640625,1.103515625,-0.25390625,-0.341796875
41089,1.103515625,1.0546875,-0.283203125,-0.29296875
41090,1.1328125,1.15234375,-0.33203125,-0.2734375
41091,1.142578125,1.0546875,-0.322265625,-0.3515625
41092,1.162109375,0.986328125,-0.17578125,-0.302734375
41093,1.123046875,1.083984375,-0.09765625,-0.234375
41094,1.162109375,1.064453125,-0.107421875,-0.29296875
41095,1.142578125,1.103515625,-0.33203125,-0.25390625
41096,1.123046875,0.986328125,-0.3125,-0.263671875
41097,1.15234375,1.083984375,-0.234375,-0.29296875
41098,1.19140625,1.103515625,-0.146484375,-0.302734375
41099,1.181640625,1.064453125,-0.3515625,-0.283203125
41100,1.171875,1.083984375,-0.1953125,-0.2734375
41101,1.357421875,1.181640625,-0.322265625,-0.33203125
41102,1.142578125,0.8984375,-0.087890625,-0.380859375
41103,1.1328125,1.103515625,-0.1953125,-0.37109375
41104,1.23046875,0.99609375,-0.1171875,-0.322265625
41105,1.15234375,1.005859375,-0.146484375,-0.33203125
41106,1.103515625,1.044921875,-0.205078125,-0.244140625
41107,1.103515625,1.142578125,-0.263671875,-0.283203125
41108,1.171875,0.99609375,-0.322265625,-0.3125
41109,1.142578125,1.103515625,-0.126953125,-0.234375
41110,1.181640625,1.03515625,-0.3125,-0.234375
41111,1.220703125,1.015625,-0.21484375,-0.25390625
41112,1.142578125,1.103515625,-0.21484375,-0.15625
41113,1.2109375,1.0546875,-0.205078125,-0.244140625
41114,1.181640625,0.830078125,-0.146484375,-0.29296875
41115,1.162109375,1.103515625,-0.283203125,-0.087890625
41116,1.25,1.025390625,-0.126953125,-0.21484375
41117,1.2109375,1.30859375,-0.263671875,-0.185546875
41118,1.1328125,1.103515625,-0.25390625,-0.13671875
41119,1.142578125,1.083984375,-0.17578125,-0.185546875
41120,1.220703125,0.99609375,-0.0390625,-0.15625
41121,1.19140625,1.0546875,-0.1953125,-0.107421875
41122,1.123046875,1.103515625,-0.322265625,-0.52734375
41123,1.11328125,0.99609375,-0.146484375,-0.3125
41124,1.103515625,1.15234375,-0.21484375,-0.185546875
41125,1.2890625,1.0546875,-0.29296875,-0.21484375
41126,1.03515625,1.103515625,-0.244140625,-0.205078125
41127,1.162109375,1.09375,-0.1953125,-0.322265625
41128,1.09375,1.09375,-0.224609375,-0.341796875
41129,1.142578125,1.1328125,-0.263671875,-0.234375
41130,1.181640625,1.0546875,-0.25390625,-0.361328125
41131,1.083984375,1.09375,-0.1953125,-0.244140625
41132,1.26953125,1.19140625,-0.21484375,-0.25390625
41133,1.15234375,1.15234375,-0.205078125,-0.1953125
41134,1.162109375,1.083984375,-0.234375,-0.1953125
41135,1.2109375,1.1328125,-0.400390625,-0.2734375
41136,1.2109375,1.044921875,-0.478515625,-0.33203125
41137,1.1328125,1.083984375,-0.341796875,-0.244140625
41138,1.15234375,1.015625,-0.3515625,-0.21484375
41139,1.15234375,1.025390625,-0.33203125,-0.1953125
41140,1.23046875,1.103515625,-0.44921875,-0.224609375
41141,1.11328125,1.240234375,-0.3125,-0.25390625
41142,1.142578125,1.0546875,-0.29296875,-0.2734375
41143,1.162109375,1.11328125,-0.4296875,-0.33203125
41144,1.0546875,1.083984375,-0.244140625,-0.244140625
41145,1.171875,1.162109375,-0.44921875,-0.263671875
41146,1.318359375,1.11328125,-0.380859375,-0.21484375
41147,1.103515625,1.07421875,-0.380859375,-0.25390625
41148,1.181640625,1.171875,-0.458984375,-0.17578125
41149,1.142578125,1.044921875,-0.302734375,-0.1171875
41150,1.2109375,1.083984375,-0.244140625,-0.21484375
41151,1.1328125,1.201171875,-0.322265625,-0.33203125
41152,1.2109375,1.162109375,-0.29296875,-0.21484375
41153,1.15234375,1.171875,-0.322265625,-0.263671875
41154,1.123046875,1.005859375,-0.302734375,-0.166015625
41155,1.171875,1.09375,-0.33203125,-0.244140625
41156,1.26953125,1.181640625,-0.29296875,-0.283203125
41157,1.171875,1.162109375,-0.322265625,-0.25390625
41158,1.19140625,1.103515625,-0.3125,-0.224609375
41159,1.064453125,1.162109375,-0.263671875,-0.37109375
41160,1.26953125,1.103515625,-0.205078125,-0.302734375
41161,1.142578125,1.162109375,-0.3125,-0.37109375
41162,1.220703125,1.1328125,-0.341796875,-0.263671875
41163,1.220703125,1.19140625,-0.205078125,-0.205078125
41164,1.07421875,1.19140625,-0.2734375,-0.25390625
41165,1.328125,1.15234375,-0.244140625,-0.25390625
41166,1.123046875,1.142578125,-0.380859375,-0.21484375
41167,1.2890625,1.09375,-0.4296875,-0.244140625
41168,1.142578125,1.1328125,-0.341796875,-0.2734375
41169,1.2109375,1.2109375,-0.3515625,-0.29296875
41170,1.201171875,1.09375,-0.361328125,-0.15625
41171,1.2890625,1.103515625,-0.302734375,-0.263671875
41172,1.181640625,1.11328125,-0.322265625,-0.263671875
41173,1.181640625,1.064453125,-0.3515625,-0.205078125
41174,1.240234375,1.083984375,-0.400390625,-0.25390625
41175,1.201171875,1.279296875,-0.283203125,-0.224609375
41176,1.220703125,1.201171875,-0.29296875,-0.13671875
41177,1.2890625,1.1328125,-0.234375,-0.1953125
41178,1.25,0.95703125,-0.37109375,-0.380859375
41179,1.201171875,1.044921875,-0.25390625,-0.234375
41180,1.171875,1.07421875,-0.244140625,-0.15625
41181,1.2109375,1.15234375,-0.29296875,-0.263671875
41182,1.19140625,1.23046875,-0.3515625,-0.361328125
41183,1.23046875,1.181640625,-0.33203125,-0.341796875
41184,1.26953125,1.220703125,-0.234375,-0.263671875
41185,1.162109375,1.318359375,-0.205078125,-0.33203125
41186,1.123046875,1.1328125,-0.283203125,-0.322265625
41187,1.2109375,1.142578125,-0.37109375,-0.224609375
41188,1.240234375,1.03515625,-0.2734375,-0.458984375
41189,1.162109375,1.171875,-0.205078125,-0.33203125
41190,1.171875,1.25,-0.3515625,-0.263671875
41191,1.181640625,1.15234375,-0.380859375,-0.224609375
41192,1.19140625,1.15234375,-0.322265625,-0.283203125
41193,1.19140625,1.23046875,-0.25390625,-0.224609375
41194,1.201171875,1.2109375,-0.244140625,-0.166015625
41195,1.123046875,1.11328125,-0.33203125,-0.224609375
41196,1.298828125,1.015625,-0.341796875,-0.21484375
41197,1.1328125,1.181640625,-0.361328125,-0.263671875
41198,1.357421875,1.123046875,-0.341796875,-0.37109375
41199,1.25,1.005859375,-0.380859375,-0.2734375
41200,1.220703125,0.95703125,-0.234375,-0.146484375
41201,1.318359375,1.103515625,-0.25390625,-0.302734375
41202,1.181640625,1.0546875,-0.283203125,-0.3125
41203,1.19140625,1.07421875,-0.25390625,-0.341796875
41204,1.240234375,1.15234375,-0.2734375,-0.400390625
41205,1.2109375,1.083984375,-0.21484375,-0.25390625
41206,1.142578125,1.1328125,-0.244140625,-0.341796875
41207,1.171875,1.162109375,-0.234375,-0.234375
41208,1.318359375,1.201171875,-0.3515625,-0.283203125
41209,1.181640625,1.1328125,-0.2734375,-0.17578125
41210,1.26953125,1.181640625,-0.29296875,-0.283203125
41211,1.162109375,1.11328125,-0.29296875,-0.2734375
41212,1.2109375,1.123046875,-0.33203125,-0.283203125
41213,1.171875,1.142578125,-0.302734375,-0.29296875
41214,1.2109375,1.0546875,-0.3125,-0.29296875
41215,1.162109375,1.171875,-0.33203125,-0.37109375
41216,1.201171875,1.162109375,-0.33203125,-0.302734375
41217,1.1328125,1.1328125,-0.419921875,-0.3125
41218,1.201171875,1.171875,-0.224609375,-0.29296875
41219,1.2890625,1.15234375,-0.29296875,-0.234375
41220,1.2109375,1.2109375,-0.21484375,-0.263671875
41221,1.25,1.142578125,-0.41015625,-0.2734375
41222,1.240234375,1.171875,-0.3125,-0.1953125
41223,1.181640625,1.162109375,-0.361328125,-0.322265625
41224,1.07421875,1.123046875,-0.185546875,-0.3515625
41225,1.240234375,1.07421875,-0.322265625,-0.5078125
41226,1.240234375,1.005859375,-0.3515625,-0.322265625
41227,1.142578125,1.15234375,-0.263671875,-0.263671875
41228,1.181640625,1.083984375,-0.2734375,-0.302734375
41229,1.171875,1.044921875,-0.322265625,-0.322265625
41230,1.220703125,0.986328125,-0.4296875,-0.322265625
41231,1.15234375,1.03515625,-0.25390625,-0.2734375
41232,1.201171875,1.03515625,-0.302734375,-0.2734375
41233,1.09375,1.11328125,-0.166015625,-0.400390625
41234,1.171875,1.09375,-0.33203125,-0.244140625
41235,1.15234375,1.11328125,-0.283203125,-0.302734375
41236,1.240234375,1.142578125,-0.234375,-0.29296875
41237,1.103515625,1.26953125,-0.283203125,-0.3125
41238,1.064453125,1.19140625,-0.283203125,-0.361328125
41239,1.26953125,1.25,-0.146484375,-0.46875
41240,1.09375,1.15234375,-0.3125,-0.400390625
41241,1.09375,1.23046875,-0.33203125,-0.33203125
41242,1.240234375,1.30859375,-0.390625,-0.302734375
41243,1.123046875,1.15234375,-0.419921875,-0.44921875
41244,1.0546875,1.142578125,-0.234375,-0.537109375
41245,1.15234375,1.15234375,-0.29296875,-0.3125
41246,1.103515625,1.25,-0.1953125,-0.2734375
41247,1.142578125,1.1328125,-0.224609375,-0.224609375
41248,1.201171875,0.986328125,-0.205078125,-0.2734375
41249,1.171875,1.064453125,-0.244140625,-0.234375
41250,1.25,1.1328125,-0.25390625,-0.322265625
41251,1.171875,0.986328125,-0.185546875,-0.341796875
41252,1.15234375,1.015625,-0.234375,-0.302734375
41253,1.1328125,1.123046875,-0.185546875,-0.2734375
41254,1.171875,1.181640625,-0.2734375,-0.2734375
41255,1.1328125,1.03515625,-0.25390625,-0.3515625
41256,1.1328125,1.11328125,-0.244140625,-0.15625
41257,1.26953125,1.103515625,-0.29296875,-0.29296875
41258,1.1328125,1.11328125,-0.361328125,-0.37109375
41259,1.19140625,1.1328125,-0.1953125,-0.185546875
41260,1.19140625,1.0546875,-0.3515625,-0.2734375
41261,1.181640625,1.083984375,-0.33203125,-0.283203125
41262,1.23046875,1.123046875,-0.341796875,-0.498046875
41263,1.09375,1.103515625,-0.17578125,-0.37109375
41264,1.201171875,1.083984375,-0.33203125,-0.41015625
41265,1.162109375,1.1328125,-0.400390625,-0.419921875
41266,1.025390625,1.2109375,-0.25390625,-0.390625
41267,1.142578125,1.298828125,-0.341796875,-0.41015625
41268,1.07421875,1.25,-0.29296875,-0.224609375
41269,1.09375,1.201171875,-0.263671875,-0.41015625
41270,1.11328125,1.337890625,-0.29296875,-0.3125
41271,1.1328125,1.201171875,-0.361328125,-0.390625
41272,1.25,1.201171875,-0.29296875,-0.390625
41273,1.171875,1.38671875,-0.44921875,-0.46875
41274,1.09375,1.201171875,-0.2734375,-0.33203125
41275,1.142578125,1.201171875,-0.361328125,-0.400390625
41276,1.171875,1.201171875,-0.263671875,-0.458984375
41277,1.201171875,1.220703125,-0.2734375,-0.302734375
41278,1.337890625,1.2109375,-0.3125,-0.341796875
41279,1.171875,1.19140625,-0.25390625,-0.3125
41280,1.07421875,1.15234375,-0.21484375,-0.41015625
41281,1.2109375,1.1328125,-0.185546875,-0.322265625
41282,1.162109375,1.1328125,-0.205078125,-0.341796875
41283,1.201171875,1.19140625,-0.322265625,-0.595703125
41284,1.03515625,1.171875,-0.244140625,-0.341796875
41285,1.19140625,1.23046875,-0.29296875,-0.341796875
41286,1.142578125,1.240234375,-0.400390625,-0.29296875
41287,1.181640625,1.23046875,-0.283203125,-0.3125
41288,1.171875,1.181640625,-0.29296875,-0.3125
41289,1.26953125,1.103515625,-0.380859375,-0.3515625
41290,1.171875,1.15234375,-0.37109375,-0.3515625
41291,1.181640625,1.30859375,-0.341796875,-0.361328125
41292,1.044921875,1.220703125,-0.3125,-0.380859375
41293,1.044921875,1.123046875,-0.263671875,-0.400390625
41294,1.0546875,1.15234375,-0.25390625,-0.33203125
41295,1.015625,1.220703125,-0.29296875,-0.556640625
41296,1.19140625,1.19140625,-0.21484375,-0.44921875
41297,1.015625,1.259765625,-0.283203125,-0.5078125
41298,1.083984375,1.064453125,-0.244140625,-0.37109375
41299,1.083984375,1.220703125,-0.33203125,-0.4296875
41300,1.015625,1.083984375,-0.3515625,-0.4296875
41301,1.09375,1.2109375,-0.29296875,-0.419921875
41302,1.044921875,1.19140625,-0.25390625,-0.419921875
41303,1.083984375,1.201171875,-0.322265625,-0.400390625
41304,1.171875,1.23046875,-0.244140625,-0.3515625
41305,1.03515625,1.15234375,-0.185546875,-0.41015625
41306,1.240234375,1.25,-0.234375,-0.341796875
41307,1.23046875,1.25,-0.244140625,-0.478515625
41308,1.34765625,1.142578125,-0.283203125,-0.361328125
41309,1.19140625,1.1328125,-0.1953125,-0.3515625
41310,1.23046875,1.07421875,-0.33203125,-0.3515625
41311,1.142578125,1.15234375,-0.244140625,-0.458984375
41312,1.19140625,1.1328125,-0.224609375,-0.380859375
41313,1.240234375,1.201171875,-0.3125,-0.478515625
41314,1.162109375,1.15234375,-0.29296875,-0.29296875
41315,1.25,1.181640625,-0.1953125,-0.390625
41316,1.23046875,1.064453125,-0.13671875,-0.361328125
41317,1.0546875,1.1328125,-0.458984375,-0.400390625
41318,1.25,1.162109375,-0.1171875,-0.3515625
41319,1.11328125,1.083984375,-0.322265625,-0.380859375
41320,1.240234375,1.171875,-0.283203125,-0.37109375
41321,1.142578125,1.19140625,-0.419921875,-0.380859375
41322,1.26953125,1.123046875,-0.322265625,-0.390625
41323,1.09375,1.162109375,-0.283203125,-0.41015625
41324,1.044921875,1.201171875,-0.37109375,-0.41015625
41325,1.15234375,1.142578125,-0.322265625,-0.3515625
41326,1.15234375,1.181640625,-0.25390625,-0.13671875
41327,1.015625,1.1328125,-0.361328125,-0.390625
41328,1.181640625,1.171875,-0.13671875,-0.41015625
41329,1.09375,1.1328125,-0.234375,-0.41015625
41330,1.142578125,1.25,-0.263671875,-0.341796875
41331,1.171875,1.162109375,-0.380859375,-0.41015625
41332,1.11328125,1.220703125,-0.224609375,-0.52734375
41333,1.0546875,1.171875,-0.263671875,-0.37109375
41334,1.1328125,1.083984375,-0.185546875,-0.400390625
41335,1.171875,1.123046875,-0.283203125,-0.400390625
41336,1.0546875,1.123046875,-0.33203125,-0.48828125
41337,1.07421875,1.15234375,-0.234375,-0.33203125
41338,0.966796875,1.162109375,-0.283203125,-0.44921875
41339,0.859375,1.142578125,-0.33203125,-0.390625
41340,1.1328125,1.201171875,-0.263671875,-0.458984375
41341,1.123046875,1.162109375,-0.25390625,-0.458984375
41342,1.015625,1.123046875,-0.25390625,-0.400390625
41343,1.083984375,1.03515625,-0.322265625,-0.419921875
41344,1.15234375,1.15234375,-0.244140625,-0.56640625
41345,1.0546875,1.07421875,-0.1953125,-0.400390625
41346,1.0546875,1.162109375,-0.185546875,-0.44921875
41347,1.11328125,1.162109375,-0.17578125,-0.419921875
41348,1.083984375,1.142578125,-0.25390625,-0.439453125
41349,1.083984375,1.09375,-0.205078125,-0.390625
41350,1.09375,1.171875,-0.244140625,-0.48828125
41351,1.064453125,1.11328125,-0.2734375,-0.25390625
41352,1.1328125,1.123046875,-0.205078125,-0.400390625
41353,1.083984375,1.25,-0.25390625,-0.390625
41354,1.142578125,1.181640625,-0.17578125,-0.400390625
41355,1.07421875,1.19140625,-0.302734375,-0.380859375
41356,1.123046875,1.181640625,-0.302734375,-0.48828125
41357,1.1328125,1.171875,-0.283203125,-0.439453125
41358,1.064453125,1.07421875,-0.302734375,-0.41015625
41359,1.064453125,1.09375,-0.2734375,-0.48828125
41360,1.142578125,1.19140625,-0.205078125,-0.48828125
41361,1.123046875,1.201171875,-0.126953125,-0.37109375
41362,1.064453125,1.083984375,-0.1953125,-0.478515625
41363,0.986328125,1.07421875,-0.15625,-0.56640625
41364,1.005859375,1.1328125,-0.25390625,-0.419921875
41365,1.123046875,1.044921875,-0.244140625,-0.458984375
41366,1.09375,1.11328125,-0.33203125,-0.419921875
41367,1.11328125,1.083984375,-0.244140625,-0.3515625
41368,1.083984375,1.26953125,-0.283203125,-0.380859375
41369,1.0546875,1.142578125,-0.283203125,-0.322265625
41370,1.201171875,1.044921875,-0.3515625,-0.37109375
41371,1.11328125,1.005859375,-0.33203125,-0.21484375
41372,1.15234375,1.11328125,-0.224609375,-0.37109375
41373,1.03515625,1.123046875,-0.283203125,-0.322265625
41374,1.07421875,1.318359375,-0.302734375,-0.3125
41375,1.015625,1.005859375,-0.283203125,-0.341796875
41376,1.181640625,1.142578125,-0.224609375,-0.419921875
41377,1.19140625,1.11328125,-0.244140625,-0.380859375
41378,1.1328125,1.1328125,-0.185546875,-0.595703125
41379,1.30859375,1.083984375,-0.2734375,-0.400390625
41380,1.30859375,1.171875,-0.205078125,-0.37109375
41381,1.201171875,1.07421875,-0.244140625,-0.625
41382,1.171875,1.09375,-0.205078125,-0.419921875
41383,1.15234375,1.2109375,-0.166015625,-0.3125
41384,1.064453125,1.07421875,-0.166015625,-0.361328125
41385,1.103515625,1.142578125,-0.283203125,-0.419921875
41386,1.09375,1.123046875,-0.29296875,-0.44921875
41387,1.201171875,1.123046875,-0.205078125,-0.263671875
41388,1.1328125,1.044921875,-0.205078125,-0.41015625
41389,1.142578125,1.11328125,-0.224609375,-0.244140625
41390,1.11328125,1.181640625,-0.263671875,-0.400390625
41391,1.142578125,1.181640625,-0.224609375,-0.41015625
41392,1.142578125,1.044921875,-0.234375,-0.302734375
41393,1.03515625,1.09375,-0.2734375,-0.419921875
41394,1.171875,1.142578125,-0.15625,-0.322265625
41395,1.23046875,1.11328125,-0.185546875,-0.41015625
41396,1.2109375,1.15234375,-0.224609375,-0.322265625
41397,1.25,1.103515625,-0.224609375,-0.380859375
41398,1.181640625,1.025390625,-0.25390625,-0.478515625
41399,1.220703125,1.09375,-0.224609375,-0.380859375
41400,1.1328125,1.09375,-0.234375,-0.341796875
41401,1.19140625,1.083984375,-0.244140625,-0.44921875
41402,1.2109375,1.103515625,-0.205078125,-0.5078125
41403,1.240234375,1.11328125,-0.185546875,-0.341796875
41404,1.162109375,1.142578125,-0.1953125,-0.390625
41405,1.11328125,1.123046875,-0.2734375,-0.41015625
41406,1.181640625,1.123046875,-0.29296875,-0.37109375
41407,1.11328125,1.162109375,-0.3125,-0.41015625
41408,1.123046875,1.1328125,-0.21484375,-0.234375
41409,1.19140625,1.1328125,-0.21484375,-0.302734375
41410,1.1328125,1.15234375,-0.224609375,-0.400390625
41411,1.11328125,1.11328125,-0.25390625,-0.33203125
41412,1.064453125,1.09375,-0.263671875,-0.37109375
41413,1.09375,1.142578125,-0.244140625,-0.33203125
41414,1.09375,1.25,-0.224609375,-0.37109375
41415,1.103515625,1.1328125,-0.244140625,-0.29296875
41416,1.15234375,1.279296875,-0.205078125,-0.419921875
41417,1.103515625,1.279296875,-0.361328125,-0.33203125
41418,0.99609375,1.07421875,-0.224609375,-0.48828125
41419,1.171875,1.09375,-0.390625,-0.419921875
41420,1.19140625,1.181640625,-0.263671875,-0.5078125
41421,1.09375,1.09375,-0.166015625,-0.5078125
41422,1.1328125,1.220703125,-0.126953125,-0.400390625
41423,1.19140625,1.1328125,-0.25390625,-0.48828125
41424,1.15234375,1.162109375,-0.2734375,-0.361328125
41425,1.103515625,1.0546875,-0.185546875,-0.37109375
41426,1.171875,1.07421875,-0.185546875,-0.390625
41427,1.2890625,1.083984375,-0.224609375,-0.380859375
41428,1.240234375,0.947265625,-0.17578125,-0.44921875
41429,1.201171875,1.07421875,-0.1953125,-0.439453125
41430,1.083984375,1.11328125,-0.234375,-0.390625
41431,1.279296875,1.142578125,-0.1171875,-0.33203125
41432,1.2109375,1.103515625,-0.33203125,-0.244140625
41433,1.23046875,1.11328125,-0.21484375,-0.37109375
41434,1.328125,1.357421875,-0.3125,-0.341796875
41435,1.240234375,1.220703125,-0.283203125,-0.302734375
41436,1.19140625,1.142578125,-0.244140625,-0.322265625
41437,1.181640625,1.044921875,-0.15625,-0.400390625
41438,1.279296875,1.240234375,-0.126953125,-0.3515625
41439,1.142578125,1.123046875,-0.263671875,-0.361328125
41440,1.201171875,1.064453125,-0.126953125,-0.361328125
41441,1.259765625,1.03515625,-0.224609375,-0.244140625
41442,1.201171875,1.064453125,-0.224609375,-0.29296875
41443,1.2109375,1.1328125,-0.2734375,-0.3125
41444,1.259765625,1.181640625,-0.234375,-0.380859375
41445,1.142578125,1.09375,-0.15625,-0.41015625
41446,1.07421875,1.11328125,-0.185546875,-0.37109375
41447,1.181640625,1.083984375,-0.1953125,-0.41015625
41448,1.142578125,1.15234375,-0.21484375,-0.37109375
41449,1.044921875,1.162109375,-0.263671875,-0.4296875
41450,1.220703125,1.142578125,-0.283203125,-0.37109375
41451,1.220703125,1.19140625,-0.107421875,-0.3515625
41452,1.181640625,1.11328125,-0.1953125,-0.400390625
41453,1.181640625,1.15234375,-0.400390625,-0.46875
41454,1.1328125,1.19140625,-0.234375,-0.361328125
41455,1.298828125,1.201171875,-0.302734375,-0.390625
41456,1.181640625,1.09375,-0.15625,-0.44921875
41457,1.259765625,1.123046875,-0.25390625,-0.48828125
41458,1.3671875,1.044921875,0,-0.478515625
41459,1.15234375,1.19140625,-0.1171875,-0.390625
41460,1.2890625,1.15234375,-0.244140625,-0.380859375
41461,1.23046875,1.220703125,-0.263671875,-0.3515625
41462,1.15234375,1.3671875,-0.1171875,-0.380859375
41463,1.083984375,1.142578125,-0.21484375,-0.37109375
41464,1.259765625,1.201171875,-0.15625,-0.41015625
41465,1.19140625,1.083984375,-0.17578125,-0.458984375
41466,1.220703125,1.181640625,-0.3125,-0.380859375
41467,1.025390625,1.181640625,-0.234375,-0.419921875
41468,1.34765625,1.19140625,-0.29296875,-0.400390625
41469,1.181640625,1.142578125,-0.21484375,-0.419921875
41470,1.181640625,1.11328125,-0.166015625,-0.37109375
41471,1.19140625,1.279296875,-0.1953125,-0.380859375
41472,1.171875,1.123046875,-0.21484375,-0.458984375
41473,1.005859375,1.142578125,-0.15625,-0.33203125
41474,1.26953125,0.9765625,-0.341796875,-0.3515625
41475,1.142578125,1.11328125,-0.166015625,-0.546875
41476,1.23046875,1.0546875,-0.1953125,-0.478515625
41477,1.2109375,1.240234375,-0.37109375,-0.390625
41478,1.220703125,1.103515625,-0.234375,-0.4296875
41479,1.259765625,1.142578125,-0.17578125,-0.3125
41480,1.23046875,1.2109375,-0.380859375,-0.37109375
41481,1.15234375,1.162109375,-0.166015625,-0.478515625
41482,1.2109375,1.083984375,-0.29296875,-0.3125
41483,1.279296875,1.0546875,-0.3125,-0.390625
41484,1.09375,1.19140625,-0.3125,-0.341796875
41485,1.1328125,1.09375,-0.244140625,-0.44921875
41486,1.11328125,1.162109375,-0.29296875,-0.361328125
41487,1.181640625,1.142578125,-0.33203125,-0.322265625
41488,1.2890625,1.044921875,-0.2734375,-0.361328125
41489,1.064453125,0.95703125,-0.37109375,-0.341796875
41490,1.2109375,1.03515625,-0.17578125,-0.390625
41491,1.2109375,1.11328125,-0.29296875,-0.234375
41492,1.220703125,1.044921875,-0.185546875,-0.322265625
41493,1.181640625,0.9765625,-0.146484375,-0.3515625
41494,1.11328125,1.064453125,-0.244140625,-0.380859375
41495,1.259765625,1.083984375,-0.185546875,-0.37109375
41496,1.162109375,1.03515625,-0.146484375,-0.439453125
41497,1.064453125,1.103515625,-0.13671875,-0.25390625
41498,1.181640625,1.142578125,-0.3125,-0.341796875
41499,1.11328125,1.171875,-0.107421875,-0.263671875
41500,1.1328125,1.064453125,-0.302734375,-0.400390625
41501,1.1328125,1.09375,-0.185546875,-0.322265625
41502,1.15234375,1.09375,-0.29296875,-0.341796875
41503,1.181640625,1.09375,-0.25390625,-0.400390625
41504,1.240234375,0.947265625,-0.33203125,-0.302734375
41505,1.181640625,0.99609375,-0.205078125,-0.263671875
41506,1.279296875,1.005859375,-0.234375,-0.3125
41507,1.25,1.03515625,-0.146484375,-0.29296875
41508,1.19140625,1.083984375,-0.185546875,-0.37109375
41509,1.142578125,1.064453125,-0.29296875,-0.3515625
41510,1.11328125,0.986328125,-0.17578125,-0.3125
41511,1.19140625,1.162109375,-0.21484375,-0.3125
41512,1.083984375,1.083984375,-0.283203125,-0.380859375
41513,1.201171875,1.09375,-0.302734375,-0.283203125
41514,1.19140625,1.064453125,-0.21484375,-0.322265625
41515,1.064453125,1.015625,-0.224609375,-0.46875
41516,1.083984375,1.0546875,-0.25390625,-0.283203125
41517,1.07421875,1.1328125,-0.263671875,-0.25390625
41518,1.15234375,1.0546875,-0.1953125,-0.3125
41519,1.201171875,1.11328125,-0.341796875,-0.2734375
41520,1.1328125,1.015625,-0.205078125,-0.25390625
41521,1.142578125,1.11328125,-0.33203125,-0.244140625
41522,1.09375,0.95703125,-0.234375,-0.25390625
41523,1.103515625,1.09375,-0.263671875,-0.283203125
41524,1.2109375,1.025390625,-0.1953125,-0.322265625
41525,1.2109375,0.927734375,-0.15625,-0.283203125
41526,1.142578125,1.1328125,-0.13671875,-0.234375
41527,1.1328125,0.986328125,-0.21484375,-0.263671875
41528,1.015625,1.03515625,-0.33203125,-0.283203125
41529,1.171875,1.044921875,-0.15625,-0.283203125
41530,1.19140625,1.044921875,-0.1953125,-0.302734375
41531,1.26953125,1.07421875,-0.205078125,-0.322265625
41532,1.142578125,1.11328125,-0.185546875,-0.302734375
41533,1.19140625,1.0546875,-0.146484375,-0.3515625
41534,1.240234375,1.07421875,-0.166015625,-0.322265625
41535,1.162109375,1.123046875,-0.390625,-0.302734375
41536,1.19140625,1.123046875,-0.244140625,-0.3515625
41537,1.220703125,1.083984375,-0.1953125,-0.283203125
41538,1.162109375,1.15234375,-0.25390625,-0.29296875
41539,1.11328125,1.09375,-0.25390625,-0.13671875
41540,1.298828125,1.083984375,-0.390625,-0.29296875
41541,1.142578125,1.2109375,-0.1953125,-0.283203125
41542,1.1328125,0.99609375,-0.283203125,-0.29296875
41543,1.03515625,1.123046875,-0.3125,-0.224609375
41544,1.064453125,1.162109375,-0.21484375,-0.29296875
41545,1.142578125,1.07421875,-0.244140625,-0.244140625
41546,1.181640625,1.07421875,-0.224609375,-0.302734375
41547,1.162109375,0.95703125,-0.17578125,-0.205078125
41548,1.171875,1.07421875,-0.234375,-0.3125
41549,1.142578125,1.103515625,-0.234375,-0.263671875
41550,1.025390625,1.03515625,-0.283203125,-0.25390625
41551,1.11328125,1.03515625,-0.15625,-0.322265625
41552,1.171875,1.09375,-0.3125,-0.302734375
41553,1.181640625,1.103515625,-0.3125,-0.21484375
41554,1.19140625,1.201171875,-0.244140625,-0.2734375
41555,1.083984375,1.09375,-0.29296875,-0.380859375
41556,1.142578125,1.1328125,-0.439453125,-0.21484375
41557,1.220703125,1.142578125,-0.25390625,-0.17578125
41558,1.19140625,1.09375,-0.263671875,-0.17578125
41559,1.220703125,1.064453125,-0.234375,-0.244140625
41560,1.181640625,1.07421875,-0.29296875,-0.2734375
41561,1.25,1.09375,-0.244140625,-0.302734375
41562,1.044921875,1.259765625,-0.3125,-0.234375
41563,1.09375,1.025390625,-0.185546875,-0.17578125
41564,1.103515625,1.044921875,-0.29296875,-0.205078125
41565,1.07421875,1.044921875,-0.263671875,-0.244140625
41566,1.171875,1.123046875,-0.48828125,-0.25390625
41567,0.99609375,1.083984375,-0.390625,-0.25390625
41568,1.064453125,1.03515625,-0.4296875,-0.263671875
41569,1.19140625,1.142578125,-0.3125,-0.205078125
41570,1.162109375,1.07421875,-0.390625,-0.244140625
41571,1.025390625,1.162109375,-0.46875,-0.29296875
41572,1.142578125,0.908203125,-0.361328125,-0.1953125
41573,1.1328125,1.123046875,-0.341796875,-0.185546875
41574,1.025390625,1.142578125,-0.44921875,-0.205078125
41575,1.15234375,1.123046875,-0.33203125,-0.302734375
41576,1.171875,1.11328125,-0.380859375,-0.1171875
41577,1.2109375,1.142578125,-0.44921875,-0.205078125
41578,1.15234375,1.083984375,-0.44921875,-0.1953125
41579,1.064453125,1.142578125,-0.380859375,-0.25390625
41580,1.03515625,1.044921875,-0.3515625,-0.263671875
41581,1.15234375,1.15234375,-0.361328125,-0.166015625
41582,1.083984375,1.064453125,-0.390625,-0.185546875
41583,1.123046875,1.09375,-0.44921875,-0.224609375
41584,1.171875,1.142578125,-0.390625,-0.2734375
41585,1.09375,1.07421875,-0.41015625,-0.439453125
41586,1.15234375,1.1328125,-0.44921875,-0.224609375
41587,1.11328125,1.123046875,-0.478515625,-0.25390625
41588,1.103515625,1.123046875,-0.41015625,-0.17578125
41589,1.26953125,1.11328125,-0.37109375,-0.224609375
41590,1.123046875,1.2109375,-0.25390625,-0.3515625
41591,1.09375,1.1328125,-0.341796875,-0.224609375
41592,1.1328125,1.123046875,-0.341796875,-0.302734375
41593,1.09375,1.0546875,-0.244140625,-0.302734375
41594,1.1328125,1.025390625,-0.33203125,-0.29296875
41595,1.083984375,1.064453125,-0.37109375,-0.25390625
41596,1.2109375,1.083984375,-0.3515625,-0.2734375
41597,1.201171875,1.09375,-0.33203125,-0.3125
41598,1.083984375,1.07421875,-0.3125,-0.1953125
41599,1.279296875,1.220703125,-0.322265625,-0.263671875
41600,1.2109375,1.298828125,-0.29296875,-0.41015625
41601,1.171875,1.103515625,-0.263671875,-0.2734375
41602,1.201171875,1.03515625,-0.29296875,-0.17578125
41603,1.220703125,1.0546875,-0.341796875,-0.13671875
41604,1.171875,1.044921875,-0.341796875,-0.1953125
41605,1.181640625,1.15234375,-0.322265625,-0.29296875
41606,1.181640625,1.11328125,-0.2734375,-0.244140625
41607,1.201171875,1.083984375,-0.390625,-0.4296875
41608,1.103515625,1.171875,-0.322265625,-0.322265625
41609,1.201171875,1.15234375,-0.17578125,-0.390625
41610,1.123046875,1.11328125,-0.25390625,-0.234375
41611,1.19140625,1.11328125,-0.17578125,-0.185546875
41612,1.220703125,0.99609375,-0.05859375,-0.234375
41613,1.07421875,1.103515625,-0.234375,-0.15625
41614,1.171875,1.11328125,-0.263671875,-0.205078125
41615,1.171875,1.220703125,-0.166015625,-0.439453125
41616,1.19140625,1.19140625,-0.25390625,-0.1953125
41617,1.11328125,1.23046875,-0.25390625,-0.283203125
41618,1.142578125,1.2109375,-0.185546875,-0.3125
41619,1.09375,1.142578125,-0.25390625,-0.390625
41620,1.171875,1.201171875,-0.302734375,-0.283203125
41621,1.142578125,1.171875,-0.33203125,-0.29296875
41622,1.1328125,1.162109375,-0.29296875,-0.361328125
41623,1.23046875,1.162109375,-0.29296875,-0.244140625
41624,1.19140625,1.162109375,-0.341796875,-0.25390625
41625,1.181640625,1.162109375,-0.341796875,-0.4296875
41626,1.26953125,1.09375,-0.361328125,-0.322265625
41627,1.23046875,1.015625,-0.400390625,-0.185546875
41628,1.23046875,1.123046875,-0.341796875,-0.2734375
41629,1.103515625,1.025390625,-0.302734375,-0.244140625
41630,1.259765625,1.064453125,-0.33203125,-0.302734375
41631,1.220703125,1.083984375,-0.341796875,-0.224609375
41632,1.2109375,1.15234375,-0.37109375,-0.1953125
41633,1.2890625,1.064453125,-0.458984375,-0.234375
41634,1.142578125,1.123046875,-0.322265625,-0.234375
41635,1.259765625,1.162109375,-0.2734375,-0.234375
41636,1.25,1.07421875,-0.244140625,-0.3125
41637,1.298828125,1.083984375,-0.302734375,-0.283203125
41638,1.2890625,1.201171875,-0.244140625,-0.1953125
41639,1.328125,1.09375,-0.341796875,-0.341796875
41640,1.30859375,1.123046875,-0.263671875,-0.478515625
41641,1.240234375,1.181640625,-0.2734375,-0.322265625
41642,1.142578125,1.15234375,-0.3125,-0.3125
41643,1.19140625,1.19140625,-0.2734375,-0.25390625
41644,1.19140625,1.162109375,-0.302734375,-0.33203125
41645,1.171875,1.220703125,-0.244140625,-0.341796875
41646,1.15234375,1.171875,-0.3125,-0.107421875
41647,1.171875,1.1328125,-0.3515625,-0.29296875
41648,1.19140625,1.162109375,-0.361328125,-0.2734375
41649,1.259765625,1.19140625,-0.302734375,-0.302734375
41650,1.162109375,1.15234375,-0.29296875,-0.29296875
41651,1.2109375,1.181640625,-0.498046875,-0.263671875
41652,1.142578125,1.220703125,-0.361328125,-0.244140625
41653,1.162109375,1.15234375,-0.25390625,-0.25390625
41654,1.240234375,1.220703125,-0.234375,-0.25390625
41655,1.240234375,1.181640625,-0.25390625,-0.078125
41656,1.2890625,1.15234375,-0.302734375,-0.400390625
41657,1.240234375,1.025390625,-0.37109375,-0.3125
41658,1.2109375,1.083984375,-0.322265625,-0.25390625
41659,1.259765625,1.103515625,-0.302734375,-0.341796875
41660,1.220703125,1.123046875,-0.21484375,-0.25390625
41661,1.201171875,1.11328125,-0.3515625,-0.224609375
41662,1.171875,1.103515625,-0.2734375,-0.2734375
41663,1.3671875,1.03515625,-0.361328125,-0.283203125
41664,1.15234375,1.142578125,-0.17578125,-0.283203125
41665,1.19140625,1.142578125,-0.302734375,-0.29296875
41666,1.220703125,1.083984375,-0.439453125,-0.2734375
41667,1.201171875,1.15234375,-0.263671875,-0.302734375
41668,1.19140625,1.171875,-0.341796875,-0.17578125
41669,1.09375,1.171875,-0.41015625,-0.361328125
41670,1.220703125,1.2109375,-0.390625,-0.341796875
41671,1.09375,1.15234375,-0.25390625,-0.302734375
41672,1.162109375,1.025390625,-0.322265625,-0.341796875
41673,1.1328125,1.15234375,-0.41015625,-0.341796875
41674,0.9765625,1.171875,-0.263671875,-0.361328125
41675,1.1328125,1.259765625,-0.380859375,-0.322265625
41676,1.15234375,1.181640625,-0.263671875,-0.3125
41677,1.240234375,1.220703125,-0.3125,-0.380859375
41678,1.11328125,1.171875,-0.205078125,-0.283203125
41679,1.123046875,1.201171875,-0.341796875,-0.3515625
41680,1.1328125,1.19140625,-0.302734375,-0.37109375
41681,1.123046875,1.240234375,-0.380859375,-0.3125
41682,1.103515625,1.083984375,-0.2734375,-0.361328125
41683,1.07421875,1.201171875,-0.244140625,-0.4296875
41684,1.171875,1.23046875,-0.2734375,-0.322265625
41685,1.142578125,1.083984375,-0.33203125,-0.33203125
41686,1.11328125,1.103515625,-0.341796875,-0.5078125
41687,1.171875,1.240234375,-0.33203125,-0.29296875
41688,1.1328125,1.11328125,-0.283203125,-0.322265625
41689,1.181640625,1.123046875,-0.341796875,-0.21484375
41690,1.15234375,1.162109375,-0.341796875,-0.224609375
41691,1.15234375,1.181640625,-0.244140625,-0.33203125
41692,1.181640625,1.201171875,-0.263671875,-0.380859375
41693,1.23046875,1.181640625,-0.361328125,-0.341796875
41694,1.142578125,1.181640625,-0.283203125,-0.25390625
41695,1.11328125,1.201171875,-0.244140625,-0.419921875
41696,1.25,1.09375,-0.25390625,-0.322265625
41697,1.142578125,1.162109375,-0.283203125,-0.3125
41698,1.23046875,1.201171875,-0.2734375,-0.2734375
41699,1.103515625,1.2109375,-0.380859375,-0.380859375
41700,1.1328125,1.15234375,-0.29296875,-0.390625
41701,1.142578125,1.171875,-0.283203125,-0.390625
41702,1.19140625,1.23046875,-0.244140625,-0.361328125
41703,1.083984375,1.2890625,-0.283203125,-0.37109375
41704,1.07421875,1.23046875,-0.224609375,-0.302734375
41705,1.083984375,1.19140625,-0.2734375,-0.390625
41706,1.123046875,1.4453125,-0.25390625,-0.498046875
41707,1.09375,1.15234375,-0.1953125,-0.37109375
41708,1.26953125,1.19140625,-0.234375,-0.37109375
41709,1.103515625,1.19140625,-0.205078125,-0.33203125
41710,1.11328125,1.201171875,-0.21484375,-0.380859375
41711,0.9765625,1.19140625,-0.33203125,-0.361328125
41712,1.162109375,1.201171875,-0.107421875,-0.3515625
41713,1.142578125,1.201171875,-0.29296875,-0.537109375
41714,1.162109375,1.2109375,-0.13671875,-0.390625
41715,1.1328125,1.142578125,-0.185546875,-0.2734375
41716,1.19140625,1.240234375,-0.283203125,-0.390625
41717,1.09375,1.201171875,-0.21484375,-0.44921875
41718,1.044921875,1.19140625,-0.29296875,-0.41015625
41719,1.064453125,1.2109375,-0.302734375,-0.263671875
41720,1.1328125,1.162109375,-0.17578125,-0.37109375
41721,1.1328125,1.1328125,-0.234375,-0.37109375
41722,1.1328125,1.064453125,-0.33203125,-0.44921875
41723,1.2109375,1.23046875,-0.25390625,-0.498046875
41724,1.11328125,1.201171875,-0.33203125,-0.419921875
41725,1.103515625,1.259765625,-0.380859375,-0.361328125
41726,1.09375,1.220703125,-0.283203125,-0.185546875
41727,1.142578125,1.279296875,-0.302734375,-0.400390625
41728,1.15234375,1.162109375,-0.37109375,-0.44921875
41729,0.966796875,1.11328125,-0.244140625,-0.390625
41730,1.103515625,1.25,-0.322265625,-0.390625
41731,1.142578125,1.38671875,-0.341796875,-0.419921875
41732,1.181640625,1.162109375,-0.341796875,-0.4296875
41733,1.123046875,1.19140625,-0.205078125,-0.400390625
41734,1.064453125,1.259765625,-0.234375,-0.283203125
41735,1.142578125,1.201171875,-0.29296875,-0.4296875
41736,1.240234375,1.1328125,-0.3515625,-0.4296875
41737,1.1328125,1.142578125,-0.29296875,-0.3125
41738,1.279296875,1.220703125,-0.21484375,-0.400390625
41739,1.328125,1.259765625,-0.400390625,-0.37109375
41740,1.19140625,1.34765625,-0.2734375,-0.46875
41741,1.07421875,1.201171875,-0.3125,-0.380859375
41742,1.25,1.279296875,-0.302734375,-0.37109375
41743,1.201171875,1.220703125,-0.2734375,-0.400390625
41744,1.03515625,1.19140625,-0.283203125,-0.3125
41745,1.240234375,1.181640625,-0.25390625,-0.3515625
41746,1.1328125,1.044921875,-0.107421875,-0.390625
41747,0.966796875,1.2109375,-0.2734375,-0.419921875
41748,1.23046875,1.25,-0.341796875,-0.37109375
41749,1.171875,1.318359375,-0.3515625,-0.302734375
41750,1.064453125,1.2109375,-0.341796875,-0.390625
41751,1.1328125,1.09375,-0.234375,-0.322265625
41752,1.09375,1.162109375,-0.234375,-0.400390625
41753,1.09375,1.162109375,-0.302734375,-0.44921875
41754,1.123046875,1.15234375,-0.29296875,-0.458984375
41755,1.11328125,1.2109375,-0.33203125,-0.390625
41756,1.171875,1.19140625,-0.29296875,-0.419921875
41757,1.11328125,1.201171875,-0.244140625,-0.37109375
41758,1.142578125,1.298828125,-0.3125,-0.390625
41759,1.181640625,1.220703125,-0.283203125,-0.37109375
41760,1.123046875,1.181640625,-0.107421875,-0.380859375
41761,1.11328125,1.11328125,-0.15625,-0.3515625
41762,1.0546875,1.171875,-0.244140625,-0.3125
41763,1.201171875,1.2890625,-0.205078125,-0.390625
41764,1.044921875,1.181640625,-0.302734375,-0.41015625
41765,1.1328125,1.171875,-0.302734375,-0.205078125
41766,1.083984375,1.064453125,-0.361328125,-0.302734375
41767,1.11328125,1.03515625,-0.263671875,-0.439453125
41768,1.142578125,1.181640625,-0.33203125,-0.33203125
41769,1.103515625,1.123046875,-0.1171875,-0.322265625
41770,1.11328125,1.318359375,-0.263671875,-0.41015625
41771,1.07421875,1.03515625,-0.126953125,-0.46875
41772,1.181640625,1.1328125,-0.21484375,-0.37109375
41773,1.09375,1.328125,-0.322265625,-0.400390625
41774,1.123046875,1.0546875,-0.263671875,-0.283203125
41775,1.03515625,1.123046875,-0.205078125,-0.37109375
41776,1.123046875,1.15234375,-0.361328125,-0.3515625
41777,1.083984375,1.171875,-0.244140625,-0.341796875
41778,1.162109375,1.181640625,-0.2734375,-0.361328125
41779,1.07421875,0.91796875,0.068359375,-0.33203125
41780,1.162109375,1.318359375,-0.283203125,-0.41015625
41781,0.9765625,1.181640625,-0.234375,-0.41015625
41782,1.083984375,1.142578125,-0.322265625,-0.458984375
41783,1.1328125,1.162109375,-0.205078125,-0.41015625
41784,1.044921875,1.1328125,-0.244140625,-0.37109375
41785,1.19140625,1.044921875,-0.17578125,-0.439453125
41786,1.064453125,1.09375,-0.21484375,-0.478515625
41787,1.181640625,1.142578125,-0.341796875,-0.419921875
41788,1.044921875,1.279296875,-0.29296875,-0.458984375
41789,1.103515625,1.220703125,-0.185546875,-0.478515625
41790,1.11328125,1.2109375,-0.263671875,-0.458984375
41791,1.1328125,1.11328125,-0.29296875,-0.46875
41792,1.123046875,1.220703125,-0.25390625,-0.390625
41793,1.123046875,1.220703125,-0.3515625,-0.46875
41794,1.1328125,1.025390625,-0.234375,-0.400390625
41795,1.142578125,1.259765625,-0.3515625,-0.361328125
41796,1.123046875,1.07421875,-0.33203125,-0.25390625
41797,1.23046875,1.09375,-0.244140625,-0.419921875
41798,1.103515625,1.015625,-0.224609375,-0.361328125
41799,1.064453125,1.123046875,-0.21484375,-0.3125
41800,1.03515625,1.083984375,-0.302734375,-0.37109375
41801,1.1328125,1.044921875,-0.185546875,-0.458984375
41802,1.07421875,1.171875,-0.1953125,-0.341796875
41803,1.044921875,1.11328125,-0.2734375,-0.41015625
41804,1.083984375,1.083984375,-0.2734375,-0.322265625
41805,1.142578125,1.1328125,-0.2734375,-0.46875
41806,1.0546875,1.103515625,-0.283203125,-0.400390625
41807,1.1328125,1.044921875,-0.05859375,-0.458984375
41808,1.103515625,1.123046875,-0.185546875,-0.322265625
41809,1.220703125,1.142578125,-0.263671875,-0.41015625
41810,1.103515625,1.2109375,-0.21484375,-0.341796875
41811,1.0546875,1.162109375,-0.283203125,-0.3515625
41812,1.03515625,1.171875,-0.3125,-0.37109375
41813,1.171875,1.11328125,-0.1953125,-0.37109375
41814,1.318359375,1.181640625,-0.263671875,-0.185546875
41815,1.09375,1.0546875,-0.380859375,-0.44921875
41816,1.142578125,1.162109375,-0.29296875,-0.390625
41817,1.09375,1.1328125,-0.263671875,-0.234375
41818,1.142578125,1.1328125,-0.361328125,-0.41015625
41819,1.083984375,1.19140625,-0.1171875,-0.4296875
41820,1.2109375,1.123046875,-0.2734375,-0.37109375
41821,1.328125,1.1328125,-0.205078125,-0.380859375
41822,1.171875,1.220703125,-0.3125,-0.380859375
41823,1.162109375,1.2109375,-0.29296875,-0.302734375
41824,1.123046875,1.083984375,-0.2734375,-0.3125
41825,1.07421875,1.19140625,-0.263671875,-0.33203125
41826,1.26953125,1.083984375,-0.21484375,-0.244140625
41827,1.19140625,1.11328125,-0.3125,-0.3125
41828,1.064453125,1.25,-0.33203125,-0.3125
41829,1.03515625,1.064453125,-0.185546875,-0.46875
41830,1.09375,1.123046875,-0.341796875,-0.400390625
41831,1.181640625,1.201171875,-0.15625,-0.224609375
41832,1.123046875,1.123046875,-0.25390625,-0.400390625
41833,1.1328125,1.142578125,-0.234375,-0.3515625
41834,1.162109375,1.083984375,-0.205078125,-0.3515625
41835,1.162109375,1.1328125,-0.234375,-0.3125
41836,1.064453125,1.181640625,-0.341796875,-0.400390625
41837,1.240234375,1.162109375,-0.283203125,-0.361328125
41838,1.162109375,1.142578125,-0.21484375,-0.41015625
41839,1.142578125,1.064453125,-0.1953125,-0.25390625
41840,1.259765625,1.201171875,-0.205078125,-0.361328125
41841,1.201171875,1.19140625,-0.263671875,-0.263671875
41842,1.15234375,1.123046875,-0.263671875,-0.419921875
41843,1.0546875,1.19140625,-0.322265625,-0.44921875
41844,1.220703125,1.142578125,-0.21484375,-0.400390625
41845,1.1328125,1.142578125,-0.244140625,-0.1953125
41846,1.064453125,1.15234375,-0.322265625,-0.341796875
41847,1.1328125,1.083984375,-0.126953125,-0.322265625
41848,1.0546875,1.162109375,-0.3125,-0.3125
41849,1.25,1.162109375,-0.3515625,-0.361328125
41850,1.181640625,1.15234375,-0.29296875,-0.244140625
41851,1.23046875,1.123046875,-0.234375,-0.322265625
41852,1.2109375,1.26953125,-0.390625,-0.361328125
41853,1.23046875,1.005859375,-0.283203125,-0.361328125
41854,1.044921875,1.11328125,-0.234375,-0.400390625
41855,1.279296875,1.09375,-0.2734375,-0.4296875
41856,1.162109375,1.2109375,-0.146484375,-0.263671875
41857,1.162109375,1.103515625,-0.185546875,-0.361328125
41858,1.064453125,1.220703125,-0.3125,-0.380859375
41859,1.19140625,1.15234375,-0.361328125,-0.400390625
41860,1.103515625,1.15234375,-0.205078125,-0.390625
41861,1.142578125,1.005859375,-0.244140625,-0.3515625
41862,1.142578125,1.201171875,-0.263671875,-0.322265625
41863,1.1328125,1.103515625,-0.21484375,-0.302734375
41864,1.240234375,1.201171875,-0.17578125,-0.4296875
41865,1.23046875,1.15234375,-0.2734375,-0.361328125
41866,1.30859375,1.11328125,-0.21484375,-0.244140625
41867,1.2109375,1.11328125,-0.29296875,-0.29296875
41868,1.201171875,1.005859375,-0.17578125,-0.37109375
41869,1.142578125,1.171875,-0.21484375,-0.322265625
41870,1.0546875,1.2109375,-0.107421875,-0.283203125
41871,1.171875,1.015625,-0.1953125,-0.3515625
41872,1.123046875,1.171875,-0.25390625,-0.263671875
41873,1.201171875,1.19140625,-0.21484375,-0.2734375
41874,1.162109375,1.005859375,-0.17578125,-0.390625
41875,1.201171875,1.103515625,-0.224609375,-0.400390625
41876,1.171875,1.171875,-0.15625,-0.341796875
41877,1.11328125,0.966796875,-0.29296875,-0.3125
41878,1.26953125,1.142578125,-0.25390625,-0.390625
41879,1.2109375,1.220703125,-0.244140625,-0.390625
41880,1.240234375,1.201171875,-0.126953125,-0.3515625
41881,1.25,1.03515625,-0.146484375,-0.478515625
41882,1.142578125,1.15234375,-0.185546875,-0.400390625
41883,1.142578125,1.0546875,-0.2734375,-0.361328125
41884,1.181640625,1.15234375,-0.224609375,-0.224609375
41885,1.2109375,1.123046875,-0.21484375,-0.361328125
41886,1.181640625,1.19140625,-0.224609375,-0.33203125
41887,1.220703125,1.123046875,-0.21484375,-0.4296875
41888,1.30859375,1.1328125,-0.390625,-0.37109375
41889,1.181640625,1.2890625,-0.302734375,-0.4296875
41890,1.181640625,1.083984375,-0.21484375,-0.400390625
41891,1.015625,1.142578125,-0.1953125,-0.41015625
41892,1.181640625,1.19140625,-0.1171875,-0.478515625
41893,1.181640625,1.23046875,-0.185546875,-0.4296875
41894,1.0546875,1.123046875,-0.205078125,-0.400390625
41895,1.1328125,1.26953125,-0.17578125,-0.33203125
41896,1.162109375,1.142578125,-0.244140625,-0.234375
41897,1.162109375,1.201171875,-0.380859375,-0.400390625
41898,1.26953125,1.171875,-0.13671875,-0.37109375
41899,1.240234375,1.025390625,-0.185546875,-0.29296875
41900,1.279296875,1.11328125,-0.1953125,-0.400390625
41901,1.181640625,1.201171875,0.126953125,-0.458984375
41902,1.220703125,1.005859375,-0.146484375,-0.3515625
41903,1.123046875,1.11328125,-0.205078125,-0.25390625
41904,1.1328125,1.201171875,-0.068359375,-0.419921875
41905,1.15234375,1.142578125,-0.205078125,-0.234375
41906,1.103515625,1.103515625,-0.17578125,-0.46875
41907,1.19140625,1.03515625,-0.1953125,-0.302734375
41908,1.23046875,1.142578125,-0.17578125,-0.33203125
41909,1.083984375,1.1328125,-0.1953125,-0.29296875
41910,1.171875,1.11328125,-0.205078125,-0.3125
41911,1.171875,1.220703125,-0.029296875,-0.37109375
41912,1.19140625,1.142578125,-0.15625,-0.341796875
41913,1.171875,1.259765625,-0.4296875,-0.33203125
41914,1.19140625,1.025390625,-0.166015625,-0.33203125
41915,1.005859375,1.201171875,-0.17578125,-0.458984375
41916,1.201171875,1.15234375,-0.205078125,-0.3515625
41917,1.1328125,1.30859375,-0.1953125,-0.400390625
41918,1.220703125,1.0546875,-0.166015625,-0.29296875
41919,1.171875,1.064453125,-0.21484375,-0.3515625
41920,1.162109375,1.083984375,-0.15625,-0.361328125
41921,1.1328125,1.123046875,-0.15625,-0.107421875
41922,1.11328125,1.083984375,-0.15625,-0.3515625
41923,1.15234375,1.11328125,-0.29296875,-0.41015625
41924,1.15234375,1.07421875,-0.25390625,-0.361328125
41925,1.298828125,1.123046875,-0.234375,-0.37109375
41926,1.142578125,1.11328125,-0.3125,-0.380859375
41927,1.162109375,1.162109375,-0.2734375,-0.33203125
41928,1.26953125,1.11328125,-0.25390625,-0.29296875
41929,1.11328125,1.044921875,-0.33203125,-0.3515625
41930,1.2890625,1.0546875,-0.263671875,-0.400390625
41931,1.201171875,1.09375,-0.3125,-0.390625
41932,1.162109375,1.07421875,-0.205078125,-0.390625
41933,1.171875,1.142578125,-0.205078125,-0.205078125
41934,1.083984375,0.947265625,-0.33203125,-0.29296875
41935,1.15234375,1.064453125,-0.244140625,-0.341796875
41936,1.171875,1.0546875,-0.283203125,-0.341796875
41937,1.2109375,1.07421875,-0.224609375,-0.322265625
41938,1.142578125,1.11328125,-0.17578125,-0.380859375
41939,1.09375,1.09375,-0.263671875,-0.3515625
41940,1.1328125,1.1328125,-0.302734375,-0.3515625
41941,1.1328125,1.064453125,-0.3125,-0.33203125
41942,1.181640625,1.083984375,-0.224609375,-0.2734375
41943,1.259765625,1.064453125,-0.25390625,-0.3125
41944,0.99609375,1.15234375,-0.302734375,-0.29296875
41945,1.30859375,1.044921875,-0.33203125,-0.322265625
41946,1.181640625,1.09375,-0.234375,-0.361328125
41947,1.220703125,1.044921875,-0.263671875,-0.3515625
41948,1.171875,1.03515625,-0.244140625,-0.1953125
41949,1.259765625,0.966796875,-0.205078125,-0.283203125
41950,1.15234375,1.03515625,-0.33203125,-0.3515625
41951,1.181640625,1.044921875,-0.166015625,-0.361328125
41952,1.328125,1.064453125,-0.33203125,-0.126953125
41953,1.1328125,1.09375,-0.15625,-0.2734375
41954,1.25,1.015625,-0.1953125,-0.205078125
41955,1.19140625,1.103515625,-0.146484375,-0.283203125
41956,1.0546875,0.947265625,-0.21484375,-0.302734375
41957,1.123046875,1.0546875,-0.13671875,-0.263671875
41958,1.2109375,0.9765625,-0.15625,-0.283203125
41959,1.2109375,0.95703125,-0.09765625,-0.2734375
41960,1.162109375,0.908203125,-0.146484375,-0.322265625
41961,1.220703125,1.015625,-0.302734375,-0.283203125
41962,1.142578125,1.07421875,-0.1171875,-0.3515625
41963,1.23046875,1.1328125,-0.21484375,-0.419921875
41964,1.259765625,1.083984375,-0.244140625,-0.25390625
41965,1.259765625,1.005859375,-0.166015625,-0.3125
41966,1.2109375,1.240234375,-0.2734375,-0.302734375
41967,1.298828125,1.083984375,-0.263671875,-0.302734375
41968,1.11328125,1.2109375,-0.322265625,-0.302734375
41969,1.26953125,1.03515625,-0.224609375,-0.380859375
41970,1.26953125,1.0546875,-0.25390625,-0.2734375
41971,1.201171875,1.181640625,-0.3125,-0.234375
41972,1.220703125,1.240234375,-0.3515625,-0.419921875
41973,1.15234375,1.083984375,-0.234375,-0.341796875
41974,1.19140625,1.064453125,-0.15625,-0.302734375
41975,1.171875,1.064453125,-0.263671875,-0.302734375
41976,1.2109375,1.11328125,-0.078125,-0.380859375
41977,1.279296875,1.03515625,-0.361328125,-0.302734375
41978,1.181640625,1.0546875,-0.361328125,-0.234375
41979,1.3671875,1.083984375,-0.2734375,-0.3515625
41980,1.11328125,1.123046875,-0.2734375,-0.361328125
41981,1.23046875,1.103515625,-0.3515625,-0.17578125
41982,1.19140625,1.123046875,-0.3515625,-0.17578125
41983,1.23046875,1.162109375,-0.3125,-0.3125
41984,1.25,1.123046875,-0.283203125,-0.419921875
41985,1.318359375,1.0546875,-0.33203125,-0.21484375
41986,1.064453125,1.103515625,-0.361328125,-0.302734375
41987,1.19140625,1.11328125,-0.21484375,-0.439453125
41988,1.23046875,1.103515625,-0.302734375,-0.25390625
41989,1.220703125,1.142578125,-0.234375,-0.29296875
41990,1.162109375,1.044921875,-0.234375,-0.3125
41991,1.11328125,1.03515625,-0.302734375,-0.3515625
41992,1.201171875,1.03515625,-0.263671875,-0.21484375
41993,1.201171875,1.1328125,-0.341796875,-0.3515625
41994,1.279296875,1.083984375,-0.341796875,-0.078125
41995,1.03515625,1.07421875,-0.3125,-0.302734375
41996,1.19140625,1.064453125,-0.21484375,-0.283203125
41997,1.15234375,1.09375,-0.322265625,-0.29296875
41998,1.2109375,1.044921875,-0.439453125,-0.283203125
41999,1.142578125,1.015625,-0.126953125,-0.29296875
42000,1.142578125,1.15234375,-0.2734375,-0.17578125
42001,1.1328125,1.083984375,-0.283203125,-0.25390625
42002,1.162109375,1.0546875,-0.33203125,-0.263671875
42003,1.279296875,1.07421875,-0.33203125,-0.302734375
42004,1.19140625,1.015625,-0.244140625,-0.1953125
42005,1.103515625,1.11328125,-0.1953125,-0.234375
42006,1.083984375,1.123046875,-0.33203125,-0.1953125
42007,1.23046875,1.0546875,-0.46875,-0.205078125
42008,1.15234375,1.09375,-0.46875,-0.224609375
42009,1.171875,1.044921875,-0.322265625,-0.1171875
42010,1.15234375,1.11328125,-0.3515625,-0.244140625
42011,1.171875,1.11328125,-0.361328125,-0.1171875
42012,1.142578125,1.19140625,-0.341796875,-0.146484375
42013,0.99609375,1.123046875,-0.361328125,-0.1953125
42014,1.201171875,1.15234375,-0.419921875,-0.25390625
42015,1.201171875,0.91796875,-0.3125,-0.1953125
42016,1.03515625,1.162109375,-0.302734375,-0.25390625
42017,1.1328125,1.103515625,-0.33203125,-0.41015625
42018,1.19140625,1.09375,-0.2734375,-0.29296875
42019,1.30859375,1.09375,-0.37109375,-0.2734375
42020,1.279296875,1.07421875,-0.390625,-0.2734375
42021,1.162109375,1.103515625,-0.341796875,-0.322265625
42022,1.2109375,1.044921875,-0.322265625,-0.263671875
42023,1.201171875,1.103515625,-0.25390625,-0.283203125
42024,1.162109375,1.171875,-0.25390625,-0.244140625
42025,1.11328125,1.044921875,-0.283203125,-0.234375
42026,1.201171875,1.220703125,-0.341796875,-0.29296875
42027,1.1328125,1.09375,-0.33203125,-0.400390625
42028,1.181640625,1.09375,-0.302734375,-0.234375
42029,1.15234375,1.103515625,-0.146484375,-0.234375
42030,1.142578125,0.99609375,-0.380859375,-0.09765625
42031,1.171875,1.171875,-0.302734375,-0.33203125
42032,1.15234375,1.26953125,-0.263671875,-0.341796875
42033,1.123046875,1.15234375,-0.302734375,-0.234375
42034,1.1328125,1.15234375,-0.224609375,-0.068359375
42035,1.328125,1.181640625,-0.302734375,-0.3125
42036,1.171875,1.123046875,-0.29296875,-0.263671875
42037,1.0546875,1.11328125,-0.205078125,-0.3125
42038,1.142578125,1.103515625,-0.29296875,-0.400390625
42039,1.123046875,1.0546875,-0.283203125,-0.283203125
42040,1.142578125,1.103515625,-0.244140625,-0.3125
42041,1.162109375,1.11328125,-0.244140625,-0.29296875
42042,1.23046875,1.2109375,-0.302734375,-0.29296875
42043,1.279296875,1.11328125,-0.3125,-0.302734375
42044,1.181640625,1.11328125,-0.1953125,-0.3125
42045,1.259765625,1.025390625,-0.302734375,-0.33203125
42046,1.23046875,1.083984375,-0.3125,-0.205078125
42047,1.328125,1.142578125,-0.33203125,-0.205078125
42048,1.220703125,1.19140625,-0.3125,-0.361328125
42049,1.279296875,1.15234375,-0.302734375,-0.25390625
42050,1.162109375,1.142578125,-0.322265625,-0.25390625
42051,1.201171875,1.123046875,-0.322265625,-0.322265625
42052,1.25,1.171875,-0.322265625,-0.2734375
42053,1.240234375,1.162109375,-0.341796875,-0.322265625
42054,1.181640625,1.162109375,-0.283203125,-0.29296875
42055,1.201171875,1.15234375,-0.33203125,-0.25390625
42056,1.201171875,1.19140625,-0.341796875,-0.25390625
42057,1.23046875,1.11328125,-0.380859375,-0.263671875
42058,1.279296875,1.240234375,-0.283203125,-0.361328125
42059,1.2109375,1.142578125,-0.4296875,-0.25390625
42060,1.240234375,1.083984375,-0.37109375,-0.21484375
42061,1.26953125,1.123046875,-0.380859375,-0.322265625
42062,1.23046875,1.11328125,-0.361328125,-0.2734375
42063,1.201171875,1.162109375,-0.400390625,-0.185546875
42064,1.23046875,1.09375,-0.25390625,-0.21484375
42065,1.19140625,1.162109375,-0.390625,-0.263671875
42066,1.240234375,1.357421875,-0.322265625,-0.2734375
42067,1.30859375,1.142578125,-0.3125,-0.2734375
42068,1.103515625,1.09375,-0.283203125,-0.283203125
42069,1.15234375,1.162109375,-0.263671875,-0.21484375
42070,1.1328125,1.083984375,-0.2734375,-0.4296875
42071,1.201171875,1.201171875,-0.25390625,-0.234375
42072,1.201171875,1.064453125,-0.283203125,-0.205078125
42073,1.19140625,1.220703125,-0.29296875,-0.37109375
42074,1.201171875,1.201171875,-0.361328125,-0.3515625
42075,1.259765625,1.142578125,-0.263671875,-0.33203125
42076,1.15234375,1.103515625,-0.33203125,-0.244140625
42077,1.015625,1.19140625,-0.185546875,-0.29296875
42078,1.181640625,1.1328125,-0.224609375,-0.341796875
42079,1.201171875,1.240234375,-0.283203125,-0.302734375
42080,1.162109375,1.181640625,-0.234375,-0.2734375
42081,1.162109375,1.11328125,-0.380859375,-0.205078125
42082,1.201171875,1.201171875,-0.263671875,-0.48828125
42083,1.064453125,1.181640625,-0.4296875,-0.498046875
42084,1.2109375,1.220703125,-0.283203125,-0.21484375
42085,1.123046875,1.15234375,-0.3515625,-0.458984375
42086,1.171875,1.142578125,-0.302734375,-0.302734375
42087,1.09375,1.30859375,-0.15625,-0.302734375
42088,1.201171875,1.09375,-0.283203125,-0.224609375
42089,1.259765625,1.064453125,-0.263671875,-0.25390625
42090,1.19140625,1.34765625,-0.419921875,-0.2734375
42091,1.23046875,1.25,-0.302734375,-0.302734375
42092,1.181640625,1.09375,-0.283203125,-0.283203125
42093,1.201171875,1.15234375,-0.17578125,-0.322265625
42094,1.259765625,1.083984375,-0.205078125,-0.25390625
42095,1.025390625,1.103515625,-0.224609375,-0.322265625
42096,1.3671875,1.123046875,-0.29296875,-0.2734375
42097,1.181640625,1.083984375,-0.2734375,-0.283203125
42098,1.09375,1.103515625,-0.302734375,-0.126953125
42099,1.171875,1.2109375,-0.341796875,-0.380859375
42100,1.142578125,1.07421875,-0.3515625,-0.41015625
42101,1.103515625,1.11328125,-0.341796875,-0.3125
42102,1.171875,1.11328125,-0.25390625,-0.29296875
42103,1.1328125,1.142578125,-0.21484375,-0.25390625
42104,1.328125,1.15234375,-0.37109375,-0.400390625
42105,1.318359375,1.15234375,-0.302734375,-0.380859375
42106,1.220703125,1.240234375,-0.37109375,-0.283203125
42107,1.103515625,1.171875,-0.263671875,-0.33203125
42108,1.2109375,1.259765625,-0.224609375,-0.33203125
42109,1.1328125,1.357421875,-0.185546875,-0.2734375
42110,1.181640625,1.181640625,-0.283203125,-0.3125
42111,1.2109375,1.162109375,-0.2734375,-0.33203125
42112,1.123046875,1.337890625,-0.29296875,-0.2734375
42113,1.162109375,1.201171875,-0.283203125,-0.52734375
42114,1.162109375,1.240234375,-0.25390625,-0.3125
42115,1.103515625,1.181640625,-0.25390625,-0.3515625
42116,1.0546875,1.123046875,-0.263671875,-0.41015625
42117,1.123046875,1.0546875,-0.1953125,-0.29296875
42118,1.11328125,1.07421875,-0.25390625,-0.361328125
42119,1.240234375,1.142578125,-0.302734375,-0.283203125
42120,1.240234375,1.162109375,-0.21484375,-0.25390625
42121,1.162109375,1.09375,-0.146484375,-0.33203125
42122,1.103515625,1.142578125,-0.25390625,-0.46875
42123,1.181640625,1.025390625,-0.185546875,-0.29296875
42124,1.15234375,1.19140625,-0.25390625,-0.244140625
42125,1.1328125,1.15234375,-0.263671875,-0.166015625
42126,1.162109375,1.1328125,-0.224609375,-0.341796875
42127,1.123046875,1.11328125,-0.302734375,-0.25390625
42128,1.15234375,1.142578125,-0.234375,-0.25390625
42129,1.09375,1.2109375,-0.25390625,-0.37109375
42130,1.103515625,1.259765625,-0.29296875,-0.44921875
42131,1.064453125,1.25,-0.15625,-0.5078125
42132,1.142578125,1.162109375,-0.166015625,-0.400390625
42133,1.123046875,1.318359375,-0.107421875,-0.3515625
42134,1.044921875,1.220703125,-0.322265625,-0.576171875
42135,1.1328125,1.171875,-0.29296875,-0.37109375
42136,1.123046875,1.19140625,-0.25390625,-0.400390625
42137,1.103515625,1.181640625,-0.33203125,-0.302734375
42138,1.025390625,1.279296875,-0.21484375,-0.400390625
42139,1.162109375,1.015625,-0.361328125,-0.390625
42140,1.083984375,1.298828125,-0.302734375,-0.400390625
42141,1.25,1.181640625,-0.244140625,-0.3125
42142,1.2109375,1.240234375,-0.234375,-0.439453125
42143,1.181640625,1.162109375,-0.361328125,-0.3515625
42144,1.259765625,1.2109375,-0.1953125,-0.390625
42145,1.328125,1.2109375,-0.283203125,-0.37109375
42146,1.1328125,1.259765625,-0.244140625,-0.498046875
42147,1.005859375,1.181640625,-0.322265625,-0.302734375
42148,1.123046875,1.376953125,-0.25390625,-0.361328125
42149,1.201171875,1.240234375,-0.2734375,-0.361328125
42150,1.0546875,1.259765625,-0.37109375,-0.458984375
42151,1.15234375,1.11328125,-0.341796875,-0.3515625
42152,1.142578125,1.2109375,-0.33203125,-0.46875
42153,0.99609375,1.240234375,-0.244140625,-0.37109375
42154,1.181640625,1.162109375,-0.107421875,-0.41015625
42155,1.19140625,1.162109375,-0.205078125,-0.458984375
42156,1.03515625,1.220703125,-0.302734375,-0.341796875
42157,1.15234375,1.19140625,-0.263671875,-0.400390625
42158,1.220703125,1.298828125,-0.390625,-0.322265625
42159,1.19140625,1.123046875,-0.21484375,-0.458984375
42160,1.26953125,1.064453125,-0.37109375,-0.390625
42161,1.142578125,1.279296875,-0.13671875,-0.400390625
42162,1.26953125,1.220703125,-0.283203125,-0.33203125
42163,1.279296875,1.142578125,-0.3515625,-0.400390625
42164,1.220703125,1.103515625,-0.390625,-0.419921875
42165,1.162109375,1.2109375,-0.322265625,-0.263671875
42166,1.181640625,1.07421875,-0.361328125,-0.33203125
42167,1.181640625,1.15234375,-0.322265625,-0.439453125
42168,1.064453125,1.201171875,-0.302734375,-0.390625
42169,1.07421875,1.19140625,-0.244140625,-0.380859375
42170,1.103515625,1.25,-0.3515625,-0.400390625
42171,1.162109375,1.201171875,-0.3125,-0.341796875
42172,1.11328125,1.23046875,-0.41015625,-0.380859375
42173,1.162109375,1.171875,-0.419921875,-0.400390625
42174,1.162109375,1.162109375,-0.29296875,-0.458984375
42175,1.09375,1.23046875,-0.41015625,-0.390625
42176,1.0546875,1.15234375,-0.21484375,-0.41015625
42177,1.15234375,1.142578125,-0.3125,-0.341796875
42178,1.09375,1.19140625,-0.244140625,-0.41015625
42179,1.15234375,1.337890625,-0.166015625,-0.361328125
42180,1.07421875,1.19140625,-0.302734375,-0.44921875
42181,1.142578125,1.1328125,-0.2734375,-0.46875
42182,1.0546875,1.259765625,-0.380859375,-0.380859375
42183,1.083984375,1.23046875,-0.29296875,-0.6640625
42184,1.19140625,1.11328125,-0.29296875,-0.361328125
42185,1.015625,1.201171875,-0.126953125,-0.380859375
42186,1.142578125,1.15234375,-0.2734375,-0.37109375
42187,1.1328125,1.11328125,-0.3515625,-0.400390625
42188,1.123046875,1.220703125,-0.322265625,-0.322265625
42189,1.025390625,1.162109375,-0.283203125,-0.322265625
42190,1.044921875,1.123046875,-0.2734375,-0.341796875
42191,1.123046875,0.99609375,-0.3515625,-0.37109375
42192,1.1328125,1.181640625,-0.244140625,-0.3125
42193,1.025390625,1.220703125,-0.146484375,-0.390625
42194,1.142578125,1.2109375,-0.2734375,-0.37109375
42195,1.11328125,1.19140625,-0.263671875,-0.25390625
42196,1.15234375,1.162109375,-0.224609375,-0.244140625
42197,1.162109375,1.025390625,-0.302734375,-0.283203125
42198,1.181640625,1.11328125,-0.263671875,-0.341796875
42199,0.986328125,1.1328125,-0.244140625,-0.390625
42200,1.15234375,1.162109375,-0.29296875,-0.390625
42201,1.103515625,1.181640625,-0.244140625,-0.2734375
42202,1.03515625,1.142578125,-0.2734375,-0.390625
42203,1.0546875,1.083984375,-0.400390625,-0.37109375
42204,1.1328125,1.142578125,-0.25390625,-0.283203125
42205,1.103515625,1.15234375,-0.2734375,-0.361328125
42206,1.123046875,1.181640625,-0.322265625,-0.390625
42207,1.103515625,1.07421875,-0.263671875,-0.361328125
42208,1.025390625,1.162109375,-0.283203125,-0.390625
42209,1.044921875,1.15234375,-0.15625,-0.380859375
42210,1.11328125,1.1328125,-0.25390625,-0.244140625
42211,1.07421875,1.142578125,-0.283203125,-0.341796875
42212,1.162109375,1.259765625,-0.3515625,-0.44921875
42213,1.11328125,1.064453125,-0.263671875,-0.361328125
42214,1.064453125,1.103515625,-0.244140625,-0.46875
42215,1.142578125,1.123046875,-0.224609375,-0.48828125
42216,1.044921875,1.1328125,-0.185546875,-0.419921875
42217,1.162109375,1.15234375,-0.302734375,-0.46875
42218,1.03515625,1.083984375,-0.341796875,-0.5078125
42219,1.044921875,1.220703125,-0.322265625,-0.48828125
42220,1.005859375,1.19140625,-0.21484375,-0.37109375
42221,1.142578125,1.220703125,-0.302734375,-0.458984375
42222,1.15234375,1.181640625,-0.302734375,-0.21484375
42223,1.083984375,1.142578125,-0.283203125,-0.3515625
42224,1.142578125,1.162109375,-0.263671875,-0.44921875
42225,1.162109375,1.181640625,-0.234375,-0.361328125
42226,1.044921875,1.15234375,-0.29296875,-0.498046875
42227,1.03515625,1.064453125,-0.1953125,-0.380859375
42228,1.064453125,1.201171875,-0.2734375,-0.33203125
42229,0.95703125,1.11328125,-0.283203125,-0.46875
42230,1.09375,1.1328125,-0.3125,-0.3125
42231,1.07421875,1.279296875,-0.1953125,-0.3515625
42232,0.966796875,1.142578125,-0.1953125,-0.21484375
42233,1.03515625,1.171875,-0.224609375,-0.439453125
42234,1.083984375,1.015625,-0.361328125,-0.322265625
42235,1.162109375,1.142578125,-0.205078125,-0.048828125
42236,0.927734375,1.064453125,-0.322265625,-0.41015625
42237,1.15234375,0.966796875,-0.15625,-0.3125
42238,1.03515625,1.171875,-0.3125,-0.37109375
42239,1.123046875,1.064453125,-0.244140625,-0.380859375
42240,1.044921875,1.083984375,-0.2734375,-0.537109375
42241,1.1328125,1.103515625,-0.234375,-0.283203125
42242,1.142578125,1.162109375,-0.322265625,-0.400390625
42243,1.09375,0.830078125,-0.263671875,-0.41015625
42244,1.123046875,1.123046875,-0.224609375,-0.537109375
42245,1.103515625,1.171875,-0.146484375,-0.458984375
42246,1.103515625,1.1328125,-0.146484375,-0.419921875
42247,1.11328125,1.142578125,-0.1953125,-0.4296875
42248,1.03515625,1.171875,-0.2734375,-0.390625
42249,1.123046875,1.03515625,-0.361328125,-0.44921875
42250,1.025390625,1.11328125,-0.2734375,-0.25390625
42251,1.044921875,1.103515625,-0.283203125,-0.380859375
42252,1.19140625,1.220703125,-0.3125,-0.48828125
42253,1.19140625,1.162109375,-0.1953125,-0.341796875
42254,1.26953125,1.103515625,-0.2734375,-0.400390625
42255,1.162109375,1.23046875,-0.17578125,-0.41015625
42256,1.19140625,1.09375,-0.33203125,-0.44921875
42257,1.09375,1.181640625,-0.33203125,-0.3515625
42258,1.162109375,1.07421875,-0.302734375,-0.44921875
42259,1.26953125,1.162109375,-0.41015625,-0.41015625
42260,1.337890625,1.162109375,-0.17578125,-0.341796875
42261,1.15234375,1.083984375,-0.41015625,-0.341796875
42262,1.162109375,1.083984375,-0.33203125,-0.4296875
42263,1.19140625,1.09375,-0.25390625,-0.400390625
42264,1.142578125,1.123046875,-0.1171875,-0.390625
42265,1.142578125,1.09375,-0.244140625,-0.341796875
42266,1.07421875,1.1328125,-0.263671875,-0.37109375
42267,1.19140625,1.142578125,-0.33203125,-0.33203125
42268,1.162109375,1.220703125,-0.234375,-0.3515625
42269,1.2109375,1.044921875,-0.25390625,-0.3125
42270,1.181640625,1.142578125,-0.3125,-0.322265625
42271,1.19140625,1.181640625,-0.283203125,-0.361328125
42272,1.005859375,1.064453125,-0.29296875,-0.419921875
42273,1.19140625,1.123046875,-0.185546875,-0.41015625
42274,1.23046875,1.09375,-0.1953125,-0.4296875
42275,1.259765625,1.103515625,-0.283203125,-0.458984375
42276,1.162109375,1.220703125,-0.25390625,-0.41015625
42277,1.171875,1.142578125,-0.224609375,-0.419921875
42278,1.064453125,1.103515625,-0.302734375,-0.302734375
42279,1.15234375,0.888671875,-0.390625,-0.3125
42280,1.181640625,1.240234375,-0.224609375,-0.302734375
42281,1.1328125,1.15234375,-0.234375,-0.380859375
42282,1.171875,1.03515625,-0.17578125,-0.361328125
42283,1.103515625,1.07421875,-0.322265625,-0.322265625
42284,1.15234375,1.0546875,-0.263671875,-0.419921875
42285,1.298828125,1.09375,-0.25390625,-0.390625
42286,1.15234375,1.03515625,-0.322265625,-0.322265625
42287,1.171875,1.103515625,-0.2734375,-0.595703125
42288,1.103515625,1.103515625,-0.2734375,-0.3515625
42289,1.11328125,1.15234375,-0.185546875,-0.33203125
42290,1.201171875,1.064453125,-0.283203125,-0.5078125
42291,1.123046875,1.171875,-0.25390625,-0.37109375
42292,1.083984375,1.1328125,-0.302734375,-0.41015625
42293,1.07421875,1.103515625,-0.25390625,-0.380859375
42294,1.142578125,1.142578125,-0.29296875,-0.400390625
42295,1.123046875,1.103515625,-0.25390625,-0.44921875
42296,1.162109375,1.07421875,-0.205078125,-0.283203125
42297,1.0546875,1.044921875,-0.33203125,-0.361328125
42298,1.1328125,1.103515625,-0.263671875,-0.400390625
42299,1.171875,1.11328125,-0.234375,-0.283203125
42300,1.103515625,1.15234375,-0.224609375,-0.322265625
42301,1.142578125,1.0546875,0,-0.341796875
42302,1.181640625,1.09375,-0.205078125,-0.4296875
42303,1.142578125,1.1328125,-0.244140625,-0.33203125
42304,1.19140625,1.11328125,-0.205078125,-0.400390625
42305,1.044921875,1.09375,-0.224609375,-0.263671875
42306,1.123046875,1.103515625,-0.283203125,-0.3515625
42307,1.220703125,1.220703125,-0.185546875,-0.361328125
42308,1.171875,1.11328125,-0.21484375,-0.263671875
42309,1.23046875,1.15234375,-0.17578125,-0.2734375
42310,1.23046875,1.25,-0.322265625,-0.41015625
42311,1.171875,1.123046875,-0.234375,-0.29296875
42312,1.30859375,1.11328125,-0.107421875,-0.3515625
42313,1.220703125,1.162109375,-0.322265625,-0.361328125
42314,1.279296875,1.123046875,-0.205078125,-0.390625
42315,1.259765625,1.09375,-0.283203125,-0.400390625
42316,1.259765625,1.201171875,-0.09765625,-0.2734375
42317,1.240234375,1.044921875,-0.3125,-0.341796875
42318,1.162109375,1.103515625,-0.283203125,-0.3515625
42319,1.181640625,1.1328125,-0.3125,-0.380859375
42320,1.162109375,1.103515625,-0.234375,-0.146484375
42321,1.201171875,1.103515625,-0.3515625,-0.4296875
42322,1.19140625,1.083984375,-0.13671875,-0.283203125
42323,1.181640625,1.123046875,-0.29296875,-0.37109375
42324,1.25,1.123046875,-0.29296875,-0.390625
42325,1.318359375,1.357421875,-0.33203125,-0.37109375
42326,1.19140625,1.2890625,-0.244140625,-0.263671875
42327,1.220703125,1.142578125,-0.244140625,-0.390625
42328,1.083984375,1.19140625,-0.25390625,-0.380859375
42329,1.23046875,1.181640625,-0.1171875,-0.458984375
42330,1.34765625,1.07421875,-0.1953125,-0.380859375
42331,1.201171875,1.15234375,-0.3125,-0.400390625
42332,1.171875,1.220703125,-0.302734375,-0.458984375
42333,1.11328125,1.240234375,-0.2734375,-0.3125
42334,1.337890625,1.171875,-0.224609375,-0.439453125
42335,1.23046875,1.142578125,-0.146484375,-0.224609375
42336,1.07421875,1.11328125,-0.13671875,-0.390625
42337,1.162109375,1.1328125,-0.263671875,-0.2734375
42338,1.201171875,1.083984375,-0.087890625,-0.21484375
42339,1.2109375,1.11328125,-0.185546875,-0.185546875
42340,1.259765625,1.09375,-0.0390625,-0.283203125
42341,1.15234375,1.07421875,-0.3125,-0.302734375
42342,1.220703125,1.123046875,-0.2734375,-0.44921875
42343,1.26953125,1.142578125,-0.166015625,-0.3125
42344,1.171875,1.1328125,-0.17578125,-0.283203125
42345,1.064453125,1.064453125,-0.205078125,-0.546875
42346,1.123046875,1.09375,-0.302734375,-0.29296875
42347,1.201171875,1.171875,-0.2734375,-0.17578125
42348,1.15234375,1.142578125,-0.2734375,-0.29296875
42349,1.09375,0.986328125,-0.15625,-0.33203125
42350,1.162109375,1.11328125,-0.283203125,-0.380859375
42351,1.142578125,1.07421875,-0.21484375,-0.1953125
42352,1.103515625,1.181640625,-0.15625,-0.380859375
42353,1.19140625,1.044921875,-0.224609375,-0.322265625
42354,1.220703125,1.083984375,-0.29296875,-0.37109375
42355,1.142578125,1.181640625,-0.234375,-0.419921875
42356,1.19140625,1.0546875,-0.15625,-0.322265625
42357,1.09375,1.11328125,-0.126953125,-0.341796875
42358,1.162109375,1.064453125,-0.0390625,-0.390625
42359,1.171875,1.064453125,-0.234375,-0.33203125
42360,1.07421875,1.07421875,-0.166015625,-0.361328125
42361,1.142578125,1.09375,-0.146484375,-0.390625
42362,1.162109375,1.298828125,-0.322265625,-0.390625
42363,1.142578125,1.083984375,-0.185546875,-0.322265625
42364,1.171875,1.142578125,-0.205078125,-0.380859375
42365,1.11328125,1.025390625,-0.322265625,-0.4296875
42366,1.181640625,1.005859375,-0.146484375,-0.33203125
42367,1.240234375,1.03515625,-0.2734375,-0.341796875
42368,1.15234375,1.0546875,-0.205078125,-0.29296875
42369,1.15234375,1.201171875,0.009765625,-0.205078125
42370,1.09375,1.025390625,-0.2734375,-0.29296875
42371,1.123046875,1.03515625,-0.1171875,-0.390625
42372,1.142578125,1.064453125,-0.322265625,-0.33203125
42373,1.279296875,1.0546875,-0.263671875,-0.33203125
42374,1.15234375,0.849609375,-0.234375,-0.21484375
42375,1.171875,1.1328125,-0.283203125,-0.29296875
42376,1.240234375,1.025390625,-0.1953125,-0.3125
42377,1.123046875,1.201171875,-0.29296875,-0.380859375
42378,1.103515625,1.07421875,-0.4296875,-0.25390625
42379,1.23046875,1.064453125,-0.3125,-0.29296875
42380,1.09375,1.083984375,-0.166015625,-0.29296875
42381,1.07421875,1.0546875,-0.15625,-0.01953125
42382,1.23046875,0.986328125,-0.21484375,-0.25390625
42383,1.15234375,1.240234375,-0.1953125,-0.263671875
42384,1.11328125,1.015625,-0.3125,-0.29296875
42385,1.181640625,1.03515625,-0.1953125,-0.302734375
42386,1.142578125,1.123046875,-0.322265625,-0.2734375
42387,1.123046875,1.1328125,-0.263671875,-0.25390625
42388,1.11328125,1.044921875,-0.25390625,-0.439453125
42389,1.162109375,1.03515625,-0.263671875,-0.3125
42390,1.201171875,1.162109375,-0.205078125,-0.302734375
42391,1.259765625,1.005859375,-0.1953125,-0.146484375
42392,1.19140625,1.19140625,-0.205078125,-0.33203125
42393,1.19140625,1.015625,-0.21484375,-0.361328125
42394,1.123046875,1.015625,-0.263671875,-0.3515625
42395,1.11328125,1.064453125,-0.361328125,-0.361328125
42396,1.162109375,1.123046875,-0.1171875,-0.322265625
42397,1.19140625,1.083984375,-0.244140625,-0.1953125
42398,1.11328125,1.09375,-0.1953125,-0.361328125
42399,1.171875,1.015625,-0.234375,-0.263671875
42400,1.142578125,1.03515625,-0.29296875,-0.5078125
42401,1.123046875,1.0546875,-0.244140625,-0.244140625
42402,1.15234375,1.083984375,-0.21484375,-0.283203125
42403,1.23046875,1.09375,-0.234375,-0.390625
42404,1.142578125,1.044921875,-0.263671875,-0.322265625
42405,1.3671875,1.11328125,-0.33203125,-0.2734375
42406,1.240234375,1.11328125,-0.244140625,-0.3515625
42407,1.2109375,0.986328125,-0.283203125,-0.224609375
42408,1.19140625,1.23046875,-0.302734375,-0.29296875
42409,1.103515625,1.11328125,-0.283203125,-0.283203125
42410,1.26953125,1.1328125,-0.3125,-0.25390625
42411,1.1328125,1.220703125,-0.361328125,-0.302734375
42412,1.259765625,1.103515625,-0.29296875,-0.3515625
42413,1.064453125,1.15234375,-0.263671875,-0.234375
42414,1.201171875,1.171875,-0.33203125,-0.302734375
42415,1.318359375,1.07421875,-0.341796875,-0.126953125
42416,1.162109375,1.142578125,-0.341796875,-0.205078125
42417,1.19140625,1.005859375,-0.244140625,-0.21484375
42418,1.259765625,1.11328125,-0.3515625,-0.283203125
42419,1.19140625,1.1328125,-0.390625,-0.224609375
42420,1.15234375,1.09375,-0.322265625,-0.283203125
42421,1.142578125,1.07421875,-0.33203125,-0.546875
42422,1.2109375,1.1328125,-0.33203125,-0.302734375
42423,1.19140625,1.09375,-0.263671875,-0.234375
42424,1.19140625,1.025390625,-0.33203125,-0.33203125
42425,1.162109375,1.07421875,-0.25390625,-0.3125
42426,1.181640625,0.986328125,-0.380859375,-0.33203125
42427,1.1328125,1.123046875,-0.322265625,-0.29296875
42428,1.298828125,1.103515625,-0.205078125,-0.263671875
42429,1.201171875,0.91796875,-0.302734375,-0.234375
42430,1.15234375,1.07421875,-0.341796875,-0.33203125
42431,1.15234375,1.162109375,-0.29296875,-0.234375
42432,1.15234375,0.947265625,-0.283203125,-0.224609375
42433,1.15234375,0.966796875,-0.3125,-0.25390625
42434,1.11328125,0.947265625,-0.2734375,-0.224609375
42435,1.123046875,1.0546875,-0.439453125,-0.302734375
42436,1.201171875,1.15234375,-0.41015625,-0.15625
42437,1.181640625,1.142578125,-0.44921875,-0.21484375
42438,1.1328125,1.07421875,-0.41015625,-0.21484375
42439,1.142578125,1.1328125,-0.37109375,-0.3125
42440,1.09375,1.162109375,-0.2734375,-0.244140625
42441,1.15234375,1.171875,-0.283203125,-0.29296875
42442,1.2109375,0.9375,-0.341796875,-0.283203125
42443,1.171875,1.083984375,-0.41015625,-0.29296875
42444,1.11328125,1.25,-0.2734375,-0.302734375
42445,1.1328125,1.103515625,-0.390625,-0.166015625
42446,1.142578125,1.11328125,-0.419921875,-0.05859375
42447,1.142578125,1.171875,-0.263671875,-0.224609375
42448,1.201171875,1.005859375,-0.41015625,-0.361328125
42449,1.171875,1.11328125,-0.322265625,-0.33203125
42450,1.220703125,1.044921875,-0.3125,-0.244140625
42451,1.1328125,1.083984375,-0.283203125,-0.3125
42452,1.201171875,1.142578125,-0.283203125,-0.185546875
42453,1.259765625,1.2109375,-0.3125,-0.224609375
42454,1.181640625,1.09375,-0.244140625,-0.380859375
42455,1.103515625,1.1328125,-0.244140625,-0.224609375
42456,1.1328125,1.09375,-0.419921875,-0.205078125
42457,1.19140625,1.23046875,-0.1171875,-0.244140625
42458,1.11328125,1.15234375,-0.341796875,-0.29296875
42459,1.09375,0.99609375,-0.3125,-0.302734375
42460,1.1328125,1.064453125,-0.185546875,-0.2734375
42461,1.2109375,1.142578125,-0.29296875,-0.33203125
42462,1.11328125,0.986328125,-0.283203125,-0.3125
42463,1.11328125,1.0546875,-0.302734375,-0.107421875
42464,1.07421875,1.1328125,-0.29296875,-0.25390625
42465,1.103515625,1.123046875,-0.234375,-0.3125
42466,1.142578125,1.19140625,-0.29296875,-0.205078125
42467,1.181640625,1.11328125,-0.283203125,-0.234375
42468,0.927734375,1.19140625,-0.263671875,-0.205078125
42469,1.15234375,1.279296875,-0.400390625,-0.3125
42470,1.2109375,1.044921875,-0.3125,-0.224609375
42471,1.11328125,1.064453125,-0.1953125,-0.322265625
42472,1.25,1.162109375,-0.126953125,-0.302734375
42473,1.25,1.064453125,-0.37109375,-0.244140625
42474,1.279296875,1.23046875,-0.263671875,-0.234375
42475,1.2109375,1.201171875,-0.2734375,-0.25390625
42476,1.171875,1.171875,-0.302734375,-0.244140625
42477,1.123046875,1.181640625,-0.15625,-0.263671875
42478,1.19140625,1.162109375,-0.29296875,-0.25390625
42479,1.259765625,1.11328125,-0.341796875,-0.33203125
42480,1.15234375,1.11328125,-0.302734375,-0.302734375
42481,1.19140625,1.103515625,-0.341796875,-0.33203125
42482,1.11328125,1.103515625,-0.3515625,-0.3125
42483,1.162109375,1.15234375,-0.283203125,-0.244140625
42484,1.19140625,1.19140625,-0.341796875,-0.234375
42485,1.15234375,1.142578125,-0.3125,-0.29296875
42486,1.19140625,1.064453125,-0.302734375,-0.283203125
42487,1.09375,1.123046875,-0.283203125,-0.283203125
42488,1.220703125,1.15234375,-0.3125,-0.283203125
42489,1.2890625,1.103515625,-0.21484375,-0.234375
42490,1.15234375,1.26953125,-0.361328125,-0.263671875
42491,1.19140625,1.15234375,-0.29296875,-0.234375
42492,1.26953125,1.15234375,-0.244140625,-0.234375
42493,1.162109375,1.103515625,-0.322265625,-0.244140625
42494,1.15234375,1.123046875,-0.3515625,-0.185546875
42495,1.201171875,1.09375,-0.25390625,-0.263671875
42496,1.103515625,1.064453125,-0.1953125,-0.25390625
42497,1.201171875,1.083984375,-0.322265625,-0.166015625
42498,1.26953125,1.09375,-0.322265625,-0.25390625
42499,1.162109375,1.09375,-0.302734375,-0.1953125
42500,1.162109375,1.1328125,-0.3125,-0.25390625
42501,1.240234375,1.1328125,-0.33203125,-0.25390625
42502,1.220703125,1.03515625,-0.341796875,-0.263671875
42503,1.23046875,1.171875,-0.224609375,-0.234375
42504,1.0546875,1.123046875,-0.244140625,-0.21484375
42505,1.298828125,1.15234375,-0.205078125,-0.29296875
42506,1.23046875,1.142578125,-0.185546875,-0.41015625
42507,1.201171875,1.15234375,-0.283203125,-0.21484375
42508,1.201171875,1.259765625,-0.41015625,-0.33203125
42509,1.181640625,1.23046875,-0.283203125,-0.341796875
42510,1.2890625,1.15234375,-0.33203125,-0.400390625
42511,1.2109375,1.40625,-0.33203125,-0.302734375
42512,1.23046875,1.123046875,-0.29296875,-0.244140625
42513,1.259765625,1.1328125,-0.21484375,-0.29296875
42514,1.103515625,1.0546875,-0.458984375,-0.361328125
42515,1.240234375,1.09375,-0.3515625,-0.17578125
42516,1.2109375,1.181640625,-0.302734375,-0.25390625
42517,1.15234375,1.07421875,-0.244140625,-0.29296875
42518,1.19140625,1.2890625,-0.146484375,-0.185546875
42519,1.2109375,1.11328125,-0.302734375,-0.29296875
42520,1.103515625,1.162109375,-0.380859375,-0.33203125
42521,1.220703125,1.171875,-0.322265625,-0.341796875
42522,1.279296875,1.07421875,-0.283203125,-0.37109375
42523,1.201171875,1.0546875,-0.458984375,-0.283203125
42524,1.19140625,0.99609375,-0.234375,-0.263671875
42525,1.25,1.11328125,-0.3125,-0.380859375
42526,1.064453125,1.07421875,-0.283203125,-0.302734375
42527,1.201171875,1.07421875,-0.458984375,-0.146484375
42528,1.123046875,1.123046875,-0.41015625,-0.322265625
42529,1.142578125,1.123046875,-0.25390625,-0.1953125
42530,1.142578125,1.15234375,-0.400390625,-0.234375
42531,1.142578125,1.1328125,-0.400390625,-0.322265625
42532,1.220703125,1.162109375,-0.419921875,-0.283203125
42533,1.1328125,1.123046875,-0.29296875,-0.3125
42534,1.181640625,1.171875,-0.37109375,-0.322265625
42535,0.99609375,1.142578125,-0.2734375,-0.2734375
42536,1.15234375,1.15234375,-0.146484375,-0.3125
42537,1.201171875,1.15234375,-0.244140625,-0.322265625
42538,1.07421875,1.15234375,-0.400390625,-0.3515625
42539,1.142578125,1.142578125,-0.283203125,-0.283203125
42540,1.259765625,1.171875,-0.224609375,-0.33203125
42541,1.240234375,1.142578125,-0.3125,-0.3125
42542,1.11328125,1.220703125,-0.302734375,-0.3125
42543,1.181640625,1.1328125,-0.3125,-0.341796875
42544,1.044921875,1.123046875,-0.234375,-0.390625
42545,1.09375,1.26953125,-0.3515625,-0.302734375
42546,1.103515625,1.15234375,-0.3125,-0.3515625
42547,1.09375,1.2109375,-0.322265625,-0.29296875
42548,1.162109375,1.279296875,-0.341796875,-0.263671875
42549,1.162109375,1.162109375,-0.263671875,-0.400390625
42550,1.298828125,1.123046875,-0.1171875,-0.29296875
42551,1.09375,1.064453125,-0.224609375,-0.283203125
42552,1.07421875,1.162109375,-0.2734375,-0.380859375
42553,1.123046875,1.19140625,-0.25390625,-0.234375
42554,1.171875,0.986328125,-0.25390625,-0.263671875
42555,1.162109375,1.11328125,-0.25390625,-0.283203125
42556,1.142578125,1.201171875,-0.224609375,-0.3125
42557,1.142578125,1.259765625,-0.234375,-0.322265625
42558,1.103515625,1.2109375,-0.283203125,-0.44921875
42559,1.1328125,1.19140625,-0.37109375,-0.322265625
42560,1.19140625,1.328125,-0.21484375,-0.46875
42561,1.19140625,1.2109375,-0.234375,-0.52734375
42562,1.181640625,1.2109375,-0.283203125,-0.37109375
42563,0.9765625,1.23046875,-0.21484375,-0.322265625
42564,1.025390625,1.220703125,-0.1953125,-0.44921875
42565,1.005859375,1.259765625,-0.341796875,-0.390625
42566,1.005859375,1.2109375,-0.546875,-0.33203125
42567,1.15234375,1.11328125,-0.419921875,-0.400390625
42568,1.11328125,1.2109375,-0.283203125,-0.37109375
42569,1.083984375,1.103515625,-0.224609375,-0.263671875
42570,1.09375,1.42578125,-0.33203125,-0.458984375
42571,1.123046875,1.25,-0.322265625,-0.44921875
42572,1.142578125,1.318359375,-0.322265625,-0.3515625
42573,1.11328125,1.2109375,-0.263671875,-0.37109375
42574,1.005859375,1.19140625,-0.361328125,-0.4296875
42575,1.181640625,1.171875,-0.302734375,-0.322265625
42576,1.11328125,1.337890625,-0.283203125,-0.390625
42577,1.064453125,1.181640625,-0.3125,-0.419921875
42578,1.1328125,1.337890625,-0.302734375,-0.302734375
42579,1.11328125,1.171875,-0.205078125,-0.380859375
42580,1.005859375,1.240234375,-0.3515625,-0.224609375
42581,1.064453125,1.07421875,-0.3125,-0.3515625
42582,1.15234375,1.201171875,-0.2734375,-0.5078125
42583,1.123046875,1.23046875,-0.2734375,-0.380859375
42584,1.162109375,1.171875,-0.244140625,-0.263671875
42585,1.142578125,1.318359375,-0.263671875,-0.419921875
42586,1.23046875,1.220703125,-0.3125,-0.302734375
42587,1.142578125,1.162109375,-0.224609375,-0.380859375
42588,1.1328125,1.1328125,-0.29296875,-0.33203125
42589,1.181640625,1.19140625,-0.244140625,-0.33203125
42590,1.220703125,1.162109375,-0.146484375,-0.37109375
42591,1.162109375,1.0546875,-0.2734375,-0.37109375
42592,1.03515625,1.162109375,-0.263671875,-0.478515625
42593,1.15234375,1.318359375,-0.3125,-0.390625
42594,1.201171875,1.328125,-0.283203125,-0.37109375
42595,1.142578125,1.220703125,-0.2734375,-0.3515625
42596,1.181640625,1.25,-0.400390625,-0.41015625
42597,1.083984375,1.279296875,-0.341796875,-0.4296875
42598,1.044921875,1.15234375,-0.302734375,-0.5859375
42599,0.947265625,1.26953125,-0.25390625,-0.37109375
42600,1.123046875,1.162109375,-0.078125,-0.419921875
42601,1.171875,1.23046875,-0.33203125,-0.322265625
42602,1.09375,1.23046875,-0.33203125,-0.439453125
42603,1.03515625,1.09375,-0.126953125,-0.380859375
42604,1.03515625,1.181640625,-0.2734375,-0.25390625
42605,1.103515625,1.23046875,-0.390625,-0.400390625
42606,1.11328125,1.11328125,-0.341796875,-0.37109375
42607,1.09375,1.1328125,-0.302734375,-0.576171875
42608,1.162109375,1.19140625,-0.322265625,-0.390625
42609,1.07421875,1.15234375,-0.517578125,-0.4296875
42610,1.142578125,1.015625,-0.234375,-0.41015625
42611,1.201171875,1.23046875,-0.21484375,-0.419921875
42612,1.162109375,1.171875,-0.21484375,-0.46875
42613,1.220703125,1.171875,-0.3125,-0.3125
42614,1.15234375,1.220703125,-0.2734375,-0.380859375
42615,1.2109375,1.259765625,-0.17578125,-0.29296875
42616,1.15234375,1.07421875,-0.234375,-0.556640625
42617,1.2890625,1.142578125,-0.234375,-0.419921875
42618,1.2109375,1.11328125,-0.29296875,-0.46875
42619,1.162109375,1.025390625,-0.302734375,-0.283203125
42620,1.34765625,1.123046875,-0.283203125,-0.390625
42621,1.142578125,1.19140625,-0.3125,-0.400390625
42622,1.15234375,1.15234375,-0.2734375,-0.25390625
42623,1.103515625,1.142578125,-0.2734375,-0.44921875
42624,1.162109375,1.19140625,-0.29296875,-0.361328125
42625,1.220703125,1.23046875,-0.244140625,-0.322265625
42626,1.23046875,1.142578125,-0.263671875,-0.33203125
42627,1.142578125,1.142578125,-0.283203125,-0.3125
42628,1.11328125,1.23046875,-0.1953125,-0.5078125
42629,1.025390625,1.171875,-0.29296875,-0.458984375
42630,1.26953125,1.181640625,-0.4296875,-0.390625
42631,1.1328125,1.025390625,-0.224609375,-0.33203125
42632,1.23046875,1.15234375,-0.283203125,-0.380859375
42633,1.064453125,1.044921875,-0.302734375,-0.380859375
42634,1.123046875,1.064453125,-0.302734375,-0.478515625
42635,1.240234375,1.171875,-0.224609375,-0.546875
42636,1.103515625,1.220703125,-0.21484375,-0.322265625
42637,1.1328125,1.11328125,-0.263671875,-0.25390625
42638,1.220703125,1.1328125,-0.234375,-0.205078125
42639,1.11328125,1.15234375,-0.322265625,-0.37109375
42640,1.064453125,1.162109375,-0.3125,-0.3125
42641,1.083984375,1.162109375,-0.166015625,-0.458984375
42642,0.9375,1.044921875,-0.17578125,-0.361328125
42643,1.064453125,1.103515625,-0.322265625,-0.439453125
42644,1.064453125,1.1328125,-0.25390625,-0.44921875
42645,1.11328125,1.181640625,-0.234375,-0.37109375
42646,1.0546875,1.07421875,-0.3125,-0.419921875
42647,1.07421875,1.171875,-0.2734375,-0.390625
42648,1.03515625,1.142578125,-0.33203125,-0.41015625
42649,1.09375,1.25,-0.33203125,-0.361328125
42650,0.908203125,1.11328125,-0.263671875,-0.52734375
42651,1.1328125,1.162109375,-0.244140625,-0.478515625
42652,1.064453125,1.09375,-0.234375,-0.5078125
42653,1.25,1.1328125,-0.283203125,-0.3515625
42654,1.09375,1.220703125,-0.244140625,-0.4296875
42655,1.09375,1.220703125,-0.302734375,-0.458984375
42656,1.07421875,1.103515625,-0.361328125,-0.390625
42657,1.171875,1.15234375,-0.302734375,-0.44921875
42658,1.142578125,1.259765625,-0.33203125,-0.498046875
42659,1.025390625,1.162109375,-0.3125,-0.517578125
42660,1.123046875,1.123046875,-0.263671875,-0.361328125
42661,1.103515625,1.1328125,-0.283203125,-0.37109375
42662,1.142578125,1.171875,-0.25390625,-0.439453125
42663,1.083984375,1.044921875,-0.2734375,-0.33203125
42664,1.09375,1.26953125,-0.263671875,-0.380859375
42665,1.083984375,1.220703125,-0.25390625,-0.302734375
42666,0.966796875,1.15234375,-0.224609375,-0.478515625
42667,1.11328125,1.142578125,-0.166015625,-0.37109375
42668,1.09375,1.181640625,-0.185546875,-0.37109375
42669,1.123046875,1.11328125,-0.25390625,-0.37109375
42670,1.259765625,1.142578125,-0.1953125,-0.361328125
42671,1.09375,1.15234375,-0.21484375,-0.380859375
42672,1.220703125,1.083984375,-0.244140625,-0.380859375
42673,1.123046875,1.162109375,-0.244140625,-0.41015625
42674,1.171875,1.1328125,-0.224609375,-0.546875
42675,1.064453125,1.09375,-0.322265625,-0.439453125
42676,1.1328125,1.0546875,-0.390625,-0.380859375
42677,1.181640625,1.15234375,-0.29296875,-0.478515625
42678,1.2109375,1.171875,-0.185546875,-0.380859375
42679,1.171875,1.298828125,-0.33203125,-0.41015625
42680,1.142578125,1.201171875,-0.244140625,-0.595703125
42681,1.220703125,1.142578125,-0.302734375,-0.380859375
42682,1.23046875,1.083984375,-0.234375,-0.517578125
42683,1.123046875,1.220703125,-0.400390625,-0.478515625
42684,1.142578125,1.103515625,-0.283203125,-0.3125
42685,1.1328125,1.337890625,-0.1953125,-0.400390625
42686,1.123046875,1.123046875,-0.283203125,-0.4296875
42687,1.25,1.064453125,-0.283203125,-0.361328125
42688,1.03515625,1.103515625,-0.3515625,-0.283203125
42689,1.15234375,1.09375,-0.29296875,-0.46875
42690,1.240234375,1.171875,-0.263671875,-0.4296875
42691,1.025390625,1.11328125,-0.244140625,-0.322265625
42692,1.1328125,1.171875,-0.244140625,-0.361328125
42693,1.103515625,1.07421875,-0.263671875,-0.33203125
42694,1.171875,1.015625,-0.126953125,-0.33203125
42695,1.171875,1.083984375,-0.3125,-0.4296875
42696,1.11328125,1.09375,-0.224609375,-0.517578125
42697,1.181640625,1.09375,-0.263671875,-0.37109375
42698,1.181640625,1.07421875,-0.166015625,-0.322265625
42699,1.171875,1.11328125,-0.224609375,-0.341796875
42700,1.328125,1.083984375,-0.21484375,-0.4296875
42701,1.171875,1.064453125,-0.224609375,-0.283203125
42702,1.181640625,1.103515625,-0.302734375,-0.380859375
42703,1.162109375,1.103515625,-0.390625,-0.41015625
42704,1.142578125,1.025390625,-0.361328125,-0.5078125
42705,1.142578125,1.1328125,-0.33203125,-0.41015625
42706,1.240234375,1.1328125,-0.322265625,-0.400390625
42707,1.11328125,1.044921875,-0.322265625,-0.302734375
42708,1.103515625,1.181640625,-0.2734375,-0.46875
42709,1.181640625,1.181640625,-0.341796875,-0.390625
42710,1.162109375,1.005859375,-0.380859375,-0.37109375
42711,1.240234375,1.103515625,-0.3515625,-0.458984375
42712,1.181640625,1.162109375,-0.439453125,-0.33203125
42713,1.181640625,1.11328125,-0.224609375,-0.283203125
42714,1.142578125,1.09375,-0.361328125,-0.517578125
42715,1.2109375,1.103515625,-0.3515625,-0.380859375
42716,1.142578125,1.123046875,-0.33203125,-0.41015625
42717,1.15234375,1.0546875,-0.29296875,-0.244140625
42718,1.181640625,1.09375,-0.33203125,-0.361328125
42719,1.15234375,1.11328125,-0.1953125,-0.37109375
42720,1.083984375,1.03515625,-0.2734375,-0.380859375
42721,1.23046875,1.07421875,-0.25390625,-0.41015625
42722,1.171875,1.0546875,-0.3515625,-0.380859375
42723,1.103515625,1.15234375,-0.3125,-0.458984375
42724,1.15234375,1.123046875,-0.283203125,-0.380859375
42725,1.1328125,1.044921875,-0.244140625,-0.419921875
42726,1.123046875,1.103515625,-0.341796875,-0.546875
42727,0.966796875,1.123046875,-0.302734375,-0.37109375
42728,1.123046875,1.0546875,-0.263671875,-0.2734375
42729,1.15234375,1.123046875,-0.341796875,-0.302734375
42730,1.083984375,1.0546875,-0.224609375,-0.361328125
42731,1.11328125,1.123046875,-0.29296875,-0.2734375
42732,1.11328125,1.07421875,-0.234375,-0.380859375
42733,1.15234375,1.083984375,-0.3125,-0.361328125
42734,1.25,1.1328125,-0.29296875,-0.4296875
42735,1.0546875,1.083984375,-0.25390625,-0.44921875
42736,1.328125,1.123046875,-0.263671875,-0.3125
42737,1.298828125,1.162109375,-0.29296875,-0.37109375
42738,1.25,1.26953125,-0.3125,-0.302734375
42739,1.23046875,1.123046875,-0.4296875,-0.419921875
42740,1.201171875,1.044921875,-0.146484375,-0.283203125
42741,1.23046875,1.07421875,-0.13671875,-0.322265625
42742,1.4453125,1.11328125,-0.166015625,-0.3125
42743,1.220703125,1.181640625,-0.3125,-0.3515625
42744,1.2109375,1.201171875,-0.185546875,-0.37109375
42745,1.240234375,1.15234375,-0.1953125,-0.3515625
42746,1.19140625,1.162109375,-0.2734375,-0.419921875
42747,1.181640625,1.220703125,-0.25390625,-0.498046875
42748,1.11328125,1.181640625,-0.244140625,-0.390625
42749,1.279296875,0.9375,-0.13671875,-0.4296875
42750,1.240234375,1.142578125,-0.361328125,-0.41015625
42751,1.181640625,1.07421875,-0.224609375,-0.3515625
42752,0.99609375,1.201171875,-0.166015625,-0.419921875
42753,1.23046875,1.103515625,-0.224609375,-0.341796875
42754,1.3671875,1.142578125,-0.263671875,-0.3515625
42755,1.2109375,1.220703125,-0.29296875,-0.361328125
42756,1.19140625,1.07421875,-0.078125,-0.400390625
42757,1.162109375,1.103515625,-0.234375,-0.537109375
42758,1.279296875,1.09375,-0.107421875,-0.380859375
42759,1.220703125,1.11328125,-0.224609375,-0.361328125
42760,1.26953125,1.142578125,-0.33203125,-0.380859375
42761,1.142578125,1.015625,-0.224609375,-0.361328125
42762,1.162109375,1.2109375,-0.302734375,-0.302734375
42763,1.15234375,1.201171875,-0.322265625,-0.41015625
42764,1.181640625,1.23046875,-0.185546875,-0.380859375
42765,1.162109375,0.95703125,-0.263671875,-0.439453125
42766,1.259765625,1.07421875,-0.185546875,-0.46875
42767,1.25,1.0546875,-0.234375,-0.361328125
42768,1.240234375,1.162109375,-0.25390625,-0.48828125
42769,1.181640625,1.103515625,-0.205078125,-0.37109375
42770,1.123046875,1.123046875,-0.166015625,-0.322265625
42771,1.220703125,1.1328125,-0.3125,-0.302734375
42772,1.171875,1.142578125,-0.3515625,-0.439453125
42773,1.279296875,1.03515625,-0.322265625,-0.3125
42774,1.23046875,1.005859375,-0.380859375,-0.3125
42775,1.2109375,1.07421875,-0.2734375,-0.302734375
42776,1.2109375,1.09375,-0.2734375,-0.302734375
42777,1.15234375,1.083984375,-0.3515625,-0.244140625
42778,1.162109375,1.1328125,-0.37109375,-0.3515625
42779,1.201171875,0.99609375,-0.2734375,-0.33203125
42780,1.142578125,1.044921875,-0.1953125,-0.400390625
42781,1.025390625,1.083984375,-0.33203125,-0.361328125
42782,1.171875,1.09375,-0.361328125,-0.341796875
42783,1.1328125,1.044921875,-0.2734375,-0.380859375
42784,1.103515625,1.064453125,-0.33203125,-0.498046875
42785,1.181640625,1.083984375,-0.234375,-0.361328125
42786,1.171875,1.181640625,-0.205078125,-0.341796875
42787,1.181640625,1.123046875,-0.17578125,-0.390625
42788,1.240234375,1.142578125,-0.244140625,-0.37109375
42789,1.11328125,1.123046875,-0.234375,-0.33203125
42790,1.2109375,1.09375,-0.205078125,-0.400390625
42791,1.19140625,1.1328125,-0.234375,-0.361328125
42792,1.220703125,1.103515625,-0.322265625,-0.390625
42793,1.25,1.103515625,-0.13671875,-0.263671875
42794,1.2890625,1.083984375,-0.21484375,-0.380859375
42795,1.19140625,1.201171875,-0.13671875,-0.458984375
42796,1.240234375,1.103515625,-0.21484375,-0.25390625
42797,1.171875,1.123046875,-0.146484375,-0.3125
42798,1.181640625,1.09375,-0.33203125,-0.341796875
42799,1.19140625,1.15234375,-0.3125,-0.380859375
42800,1.23046875,1.025390625,-0.205078125,-0.15625
42801,1.23046875,0.9765625,-0.166015625,-0.29296875
42802,1.201171875,1.11328125,-0.234375,-0.33203125
42803,1.240234375,1.044921875,-0.224609375,-0.15625
42804,1.162109375,0.947265625,-0.3125,-0.322265625
42805,1.142578125,1.0546875,-0.146484375,-0.41015625
42806,1.103515625,1.025390625,-0.166015625,-0.2734375
42807,1.19140625,1.0546875,-0.205078125,-0.341796875
42808,1.103515625,1.064453125,-0.166015625,-0.17578125
42809,1.26953125,1.064453125,-0.15625,-0.3125
42810,1.07421875,1.03515625,-0.13671875,-0.361328125
42811,1.181640625,0.986328125,-0.13671875,-0.4296875
42812,1.162109375,0.99609375,-0.234375,-0.3515625
42813,1.25,1.0546875,-0.224609375,-0.322265625
42814,1.19140625,0.986328125,-0.419921875,-0.2734375
42815,1.23046875,1.103515625,-0.25390625,-0.205078125
42816,1.23046875,0.99609375,-0.263671875,-0.3515625
42817,1.220703125,1.015625,-0.302734375,-0.1171875
42818,1.11328125,1.044921875,-0.302734375,-0.224609375
42819,1.123046875,1.03515625,-0.21484375,-0.322265625
42820,1.15234375,1.015625,-0.33203125,-0.3515625
42821,1.240234375,1.064453125,-0.302734375,-0.21484375
42822,1.162109375,1.025390625,-0.322265625,-0.29296875
42823,1.181640625,1.259765625,-0.185546875,-0.3125
42824,1.30859375,0.986328125,-0.3125,-0.341796875
42825,1.07421875,1.005859375,-0.25390625,-0.341796875
42826,1.1328125,1.064453125,-0.283203125,-0.361328125
42827,1.2890625,1.123046875,-0.283203125,-0.13671875
42828,1.171875,1.044921875,-0.302734375,-0.341796875
42829,1.142578125,1.005859375,-0.244140625,-0.2734375
42830,1.201171875,1.083984375,-0.21484375,-0.341796875
42831,1.23046875,0.966796875,-0.25390625,-0.3515625
42832,1.171875,0.9765625,-0.146484375,-0.29296875
42833,1.123046875,1.07421875,-0.205078125,-0.263671875
42834,1.3671875,1.0546875,-0.341796875,-0.302734375
42835,1.19140625,1.0546875,-0.166015625,-0.302734375
42836,1.23046875,1.123046875,-0.25390625,-0.15625
42837,1.162109375,1.103515625,-0.234375,-0.25390625
42838,1.09375,1.123046875,-0.380859375,-0.322265625
42839,1.181640625,0.966796875,-0.234375,-0.25390625
42840,1.123046875,1.044921875,-0.1171875,-0.185546875
42841,1.15234375,1.005859375,-0.37109375,-0.25390625
42842,1.15234375,1.083984375,-0.29296875,-0.283203125
42843,1.25,1.142578125,-0.263671875,-0.185546875
42844,1.15234375,1.103515625,-0.390625,-0.2734375
42845,1.1328125,1.083984375,-0.322265625,-0.146484375
42846,1.171875,1.044921875,-0.37109375,-0.302734375
42847,1.23046875,1.07421875,-0.341796875,-0.263671875
42848,1.171875,0.95703125,-0.361328125,-0.107421875
42849,1.171875,1.142578125,-0.29296875,-0.2734375
42850,1.220703125,1.083984375,-0.234375,-0.244140625
42851,1.2890625,1.103515625,-0.33203125,-0.341796875
42852,1.26953125,1.11328125,-0.33203125,-0.21484375
42853,1.201171875,0.95703125,-0.2734375,-0.244140625
42854,1.201171875,1.0546875,-0.29296875,-0.15625
42855,1.201171875,1.09375,-0.41015625,-0.224609375
42856,1.240234375,1.083984375,-0.419921875,-0.1953125
42857,1.23046875,1.09375,-0.3515625,-0.263671875
42858,1.396484375,1.142578125,-0.341796875,-0.244140625
42859,1.25,1.03515625,-0.546875,-0.2734375
42860,1.23046875,0.966796875,-0.302734375,-0.29296875
42861,1.25,1.083984375,-0.33203125,-0.302734375
42862,1.15234375,0.9765625,-0.25390625,-0.3125
42863,1.15234375,1.142578125,-0.361328125,-0.29296875
42864,1.279296875,1.0546875,-0.3515625,-0.25390625
42865,1.15234375,1.015625,-0.166015625,-0.263671875
42866,1.201171875,1.11328125,-0.33203125,-0.13671875
42867,1.220703125,1.09375,-0.361328125,-0.244140625
42868,1.083984375,1.396484375,-0.380859375,-0.224609375
42869,1.19140625,1.015625,-0.3125,-0.25390625
42870,1.19140625,1.123046875,-0.37109375,-0.234375
42871,1.162109375,1.025390625,-0.33203125,-0.25390625
42872,1.201171875,1.09375,-0.390625,-0.185546875
42873,1.0546875,1.064453125,-0.44921875,-0.4296875
42874,1.25,1.2109375,-0.3515625,-0.244140625
42875,1.2109375,1.123046875,-0.2734375,-0.29296875
42876,1.220703125,1.181640625,-0.37109375,-0.244140625
42877,1.07421875,1.064453125,-0.4296875,-0.2734375
42878,1.142578125,1.083984375,-0.3125,-0.283203125
42879,1.220703125,1.142578125,-0.380859375,-0.1953125
42880,1.201171875,1.142578125,-0.634765625,-0.25390625
42881,1.2109375,1.123046875,-0.4296875,-0.21484375
42882,1.171875,1.162109375,-0.4296875,-0.341796875
42883,1.142578125,1.07421875,-0.400390625,-0.2734375
42884,1.19140625,1.11328125,-0.234375,-0.244140625
42885,1.220703125,1.103515625,-0.234375,-0.380859375
42886,1.162109375,1.220703125,-0.3125,-0.234375
42887,1.171875,1.25,-0.13671875,-0.263671875
42888,1.2109375,1.15234375,-0.244140625,-0.341796875
42889,1.19140625,1.1328125,-0.29296875,-0.234375
42890,1.162109375,1.0546875,-0.390625,-0.283203125
42891,1.201171875,1.11328125,-0.234375,-0.263671875
42892,1.259765625,1.03515625,-0.263671875,-0.234375
42893,1.181640625,1.123046875,-0.283203125,-0.29296875
42894,1.171875,1.1328125,-0.25390625,-0.048828125
42895,1.09375,1.123046875,-0.234375,-0.2734375
42896,1.142578125,1.142578125,-0.400390625,-0.33203125
42897,1.171875,1.171875,-0.33203125,-0.263671875
42898,1.2890625,1.19140625,-0.322265625,-0.2734375
42899,1.1328125,1.142578125,-0.419921875,-0.2734375
42900,1.1328125,1.162109375,-0.283203125,-0.322265625
42901,1.103515625,1.1328125,-0.322265625,-0.283203125
42902,1.220703125,0.9375,-0.25390625,-0.263671875
42903,1.201171875,1.142578125,-0.361328125,-0.322265625
42904,1.162109375,1.15234375,-0.234375,-0.2734375
42905,1.171875,1.142578125,-0.33203125,-0.21484375
42906,1.171875,1.15234375,-0.322265625,-0.17578125
42907,1.30859375,1.171875,-0.400390625,-0.263671875
42908,1.201171875,1.181640625,-0.322265625,-0.185546875
42909,1.181640625,1.123046875,-0.3515625,-0.244140625
42910,1.15234375,1.171875,-0.302734375,-0.2734375
42911,1.181640625,0.947265625,-0.205078125,-0.21484375
42912,1.19140625,1.162109375,-0.322265625,-0.2734375
42913,1.298828125,1.142578125,-0.263671875,-0.29296875
42914,1.142578125,1.181640625,-0.126953125,-0.1953125
42915,1.171875,1.162109375,-0.1953125,-0.234375
42916,1.26953125,1.15234375,-0.302734375,-0.263671875
42917,1.2109375,1.03515625,-0.244140625,-0.21484375
42918,1.201171875,1.103515625,-0.25390625,-0.302734375
42919,1.171875,1.19140625,-0.263671875,-0.21484375
42920,1.15234375,1.09375,-0.29296875,-0.224609375
42921,1.201171875,1.220703125,-0.263671875,-0.25390625
42922,1.240234375,1.162109375,-0.361328125,-0.05859375
42923,1.09375,1.11328125,-0.2734375,-0.234375
42924,1.240234375,1.15234375,-0.234375,-0.322265625
42925,1.240234375,1.123046875,-0.361328125,-0.21484375
42926,1.162109375,1.171875,-0.244140625,-0.234375
42927,1.2109375,1.123046875,-0.25390625,-0.205078125
42928,1.38671875,1.162109375,-0.21484375,-0.185546875
42929,1.19140625,1.201171875,-0.25390625,-0.33203125
42930,1.220703125,1.07421875,-0.25390625,-0.234375
42931,1.220703125,1.142578125,-0.2734375,-0.21484375
42932,1.240234375,1.162109375,-0.361328125,-0.263671875
42933,1.2109375,1.025390625,-0.302734375,-0.322265625
42934,1.181640625,1.162109375,-0.244140625,-0.234375
42935,1.279296875,1.15234375,-0.37109375,-0.2734375
42936,1.181640625,1.083984375,-0.3515625,-0.1953125
42937,1.201171875,1.123046875,-0.3515625,-0.263671875
42938,1.171875,1.044921875,-0.283203125,-0.302734375
42939,1.201171875,1.15234375,-0.341796875,-0.302734375
42940,1.15234375,1.181640625,-0.224609375,-0.17578125
42941,1.220703125,1.2109375,-0.244140625,-0.283203125
42942,1.19140625,1.26953125,-0.419921875,-0.224609375
42943,1.171875,1.15234375,-0.263671875,-0.283203125
42944,1.240234375,1.083984375,-0.3125,-0.283203125
42945,1.171875,1.259765625,-0.126953125,-0.244140625
42946,1.220703125,1.171875,-0.263671875,-0.25390625
42947,1.220703125,1.201171875,-0.283203125,-0.244140625
42948,1.259765625,1.2109375,-0.33203125,-0.41015625
42949,1.1328125,1.240234375,-0.341796875,-0.380859375
42950,1.23046875,1.259765625,-0.263671875,-0.2734375
42951,1.2109375,1.40625,-0.185546875,-0.224609375
42952,1.2890625,1.1328125,-0.283203125,-0.361328125
42953,1.259765625,1.07421875,-0.400390625,-0.33203125
42954,1.2890625,1.171875,-0.41015625,-0.3125
42955,1.23046875,1.07421875,-0.361328125,-0.341796875
42956,1.1328125,1.15234375,-0.380859375,-0.2734375
42957,1.23046875,1.171875,-0.390625,-0.224609375
42958,1.318359375,1.15234375,-0.322265625,-0.21484375
42959,1.15234375,1.162109375,-0.302734375,-0.263671875
42960,1.181640625,1.083984375,-0.4296875,-0.1953125
42961,1.240234375,1.123046875,-0.2734375,-0.41015625
42962,1.220703125,1.083984375,-0.44921875,-0.361328125
42963,1.23046875,1.103515625,-0.322265625,-0.322265625
42964,1.220703125,1.09375,-0.2734375,-0.44921875
42965,1.162109375,1.1328125,-0.185546875,-0.2734375
42966,1.25,1.2109375,-0.1953125,-0.29296875
42967,1.171875,1.171875,-0.2734375,-0.341796875
42968,1.328125,1.171875,-0.21484375,-0.29296875
42969,1.171875,1.171875,-0.234375,-0.322265625
42970,1.2109375,1.19140625,-0.322265625,-0.478515625
42971,1.005859375,1.171875,-0.322265625,-0.29296875
42972,1.171875,1.142578125,-0.205078125,-0.283203125
42973,1.2109375,1.19140625,-0.283203125,-0.283203125
42974,1.181640625,1.15234375,-0.341796875,-0.3125
42975,1.23046875,1.142578125,-0.166015625,-0.21484375
42976,1.201171875,1.162109375,-0.302734375,-0.224609375
42977,1.09375,1.142578125,-0.234375,-0.33203125
42978,1.162109375,1.298828125,-0.37109375,-0.341796875
42979,1.15234375,1.03515625,-0.244140625,-0.302734375
42980,1.2109375,1.15234375,-0.263671875,-0.2734375
42981,1.162109375,1.19140625,-0.3125,-0.33203125
42982,1.162109375,1.123046875,-0.283203125,-0.41015625
42983,1.23046875,1.142578125,-0.263671875,-0.29296875
42984,1.083984375,1.23046875,-0.3125,-0.29296875
42985,1.201171875,1.0546875,-0.224609375,-0.185546875
42986,1.2890625,1.162109375,-0.15625,-0.2734375
42987,1.0546875,1.259765625,-0.322265625,-0.29296875
42988,1.07421875,1.123046875,-0.15625,-0.390625
42989,1.162109375,1.142578125,-0.205078125,-0.341796875
42990,1.1328125,1.298828125,-0.1171875,-0.3125
42991,1.162109375,1.103515625,-0.15625,-0.33203125
42992,1.1328125,1.15234375,-0.244140625,-0.400390625
42993,1.19140625,1.1328125,-0.205078125,-0.322265625
42994,1.1328125,1.23046875,-0.41015625,-0.29296875
42995,1.26953125,1.171875,-0.244140625,-0.390625
42996,1.162109375,1.103515625,-0.234375,-0.41015625
42997,1.1328125,1.23046875,-0.25390625,-0.44921875
42998,1.2109375,1.23046875,-0.283203125,-0.4296875
42999,1.142578125,1.3671875,-0.33203125,-0.380859375
43000,1.201171875,1.26953125,-0.244140625,-0.361328125
43001,1.162109375,1.240234375,-0.2734375,-0.341796875
43002,1.142578125,1.240234375,-0.1953125,-0.361328125
43003,1.103515625,1.2890625,-0.322265625,-0.322265625
43004,1.19140625,1.259765625,-0.2734375,-0.2734375
43005,1.07421875,1.376953125,-0.3125,-0.380859375
43006,1.142578125,1.162109375,-0.302734375,-0.380859375
43007,1.171875,1.240234375,-0.283203125,-0.322265625
43008,1.162109375,1.2890625,-0.302734375,-0.361328125
43009,1.15234375,1.162109375,-0.3125,-0.41015625
43010,1.09375,1.23046875,-0.25390625,-0.234375
43011,1.19140625,1.181640625,-0.234375,-0.380859375
43012,1.1328125,1.201171875,-0.283203125,-0.302734375
43013,1.142578125,1.220703125,-0.2734375,-0.41015625
43014,1.162109375,1.240234375,-0.322265625,-0.341796875
43015,1.19140625,1.1328125,-0.283203125,-0.44921875
43016,1.142578125,1.23046875,-0.25390625,-0.29296875
43017,1.09375,1.19140625,-0.3125,-0.322265625
43018,1.1328125,1.220703125,-0.283203125,-0.341796875
43019,1.15234375,1.15234375,-0.2734375,-0.46875
43020,1.19140625,1.30859375,-0.283203125,-0.41015625
43021,1.181640625,1.19140625,-0.2734375,-0.37109375
43022,1.279296875,1.201171875,-0.3125,-0.37109375
43023,1.23046875,1.15234375,-0.263671875,-0.41015625
43024,1.2109375,1.240234375,-0.302734375,-0.380859375
43025,1.15234375,1.142578125,-0.2734375,-0.234375
43026,1.19140625,1.23046875,-0.244140625,-0.419921875
43027,1.11328125,1.162109375,-0.302734375,-0.400390625
43028,1.11328125,1.2109375,-0.29296875,-0.46875
43029,1.15234375,1.220703125,-0.2734375,-0.52734375
43030,1.044921875,1.26953125,-0.263671875,-0.439453125
43031,1.025390625,1.23046875,-0.341796875,-0.556640625
43032,1.0546875,1.19140625,-0.302734375,-0.361328125
43033,1.103515625,1.171875,-0.302734375,-0.25390625
43034,1.03515625,1.171875,-0.263671875,-0.458984375
43035,1.23046875,1.23046875,-0.29296875,-0.419921875
43036,1.11328125,1.181640625,-0.25390625,-0.41015625
43037,1.11328125,1.181640625,-0.283203125,-0.390625
43038,1.1328125,1.259765625,-0.234375,-0.390625
43039,1.083984375,1.1328125,-0.234375,-0.419921875
43040,1.171875,1.181640625,-0.263671875,-0.302734375
43041,1.26953125,1.23046875,-0.283203125,-0.341796875
43042,1.19140625,1.15234375,-0.29296875,-0.4296875
43043,1.23046875,1.07421875,-0.33203125,-0.478515625
43044,1.25,1.23046875,-0.205078125,-0.4296875
43045,1.25,1.11328125,-0.1953125,-0.4296875
43046,1.25,1.318359375,-0.244140625,-0.322265625
43047,1.357421875,1.2109375,-0.21484375,-0.419921875
43048,1.181640625,1.279296875,-0.29296875,-0.400390625
43049,1.19140625,1.162109375,-0.2734375,-0.400390625
43050,1.2109375,1.201171875,-0.244140625,-0.283203125
43051,1.318359375,1.25,-0.302734375,-0.361328125
43052,1.26953125,1.11328125,-0.380859375,-0.44921875
43053,1.11328125,1.15234375,-0.322265625,-0.419921875
43054,1.201171875,1.171875,-0.3125,-0.37109375
43055,1.162109375,1.015625,-0.224609375,-0.3515625
43056,1.142578125,1.15234375,-0.322265625,-0.419921875
43057,1.064453125,1.09375,-0.244140625,-0.400390625
43058,1.220703125,1.201171875,-0.361328125,-0.380859375
43059,1.11328125,1.171875,-0.283203125,-0.25390625
43060,1.15234375,1.083984375,-0.15625,-0.380859375
43061,1.083984375,1.23046875,-0.3515625,-0.2734375
43062,1.123046875,1.181640625,-0.263671875,-0.419921875
43063,1.15234375,1.103515625,-0.25390625,-0.44921875
43064,1.19140625,1.103515625,-0.263671875,-0.4296875
43065,1.11328125,1.162109375,-0.224609375,-0.322265625
43066,1.162109375,1.103515625,-0.263671875,-0.4296875
43067,1.162109375,1.240234375,-0.263671875,-0.41015625
43068,1.19140625,1.181640625,-0.283203125,-0.283203125
43069,1.142578125,1.171875,-0.21484375,-0.3515625
43070,1.11328125,1.23046875,-0.3125,-0.3125
43071,1.064453125,1.162109375,-0.2734375,-0.25390625
43072,1.005859375,1.15234375,-0.1953125,-0.400390625
43073,1.07421875,1.03515625,-0.3125,-0.400390625
43074,0.91796875,1.171875,-0.29296875,-0.33203125
43075,1.162109375,1.240234375,-0.25390625,-0.37109375
43076,1.11328125,1.171875,-0.29296875,-0.244140625
43077,1.09375,1.142578125,-0.341796875,-0.33203125
43078,0.947265625,1.2109375,-0.234375,-0.478515625
43079,1.083984375,1.201171875,-0.15625,-0.419921875
43080,1.123046875,1.30859375,-0.3125,-0.380859375
43081,0.9765625,1.11328125,-0.15625,-0.41015625
43082,1.015625,1.025390625,-0.2734375,-0.439453125
43083,1.03515625,1.171875,-0.21484375,-0.41015625
43084,1.11328125,1.19140625,-0.1171875,-0.419921875
43085,1.201171875,1.171875,-0.263671875,-0.380859375
43086,1.142578125,1.15234375,-0.263671875,-0.419921875
43087,1.171875,1.181640625,-0.2734375,-0.400390625
43088,1.142578125,1.38671875,-0.400390625,-0.46875
43089,1.103515625,1.0546875,-0.29296875,-0.44921875
43090,1.2109375,1.123046875,-0.244140625,-0.400390625
43091,1.064453125,1.171875,-0.29296875,-0.380859375
43092,1.19140625,1.162109375,-0.2734375,-0.341796875
43093,1.07421875,1.220703125,-0.244140625,-0.3515625
43094,1.1328125,1.240234375,-0.302734375,-0.3515625
43095,1.171875,1.376953125,-0.263671875,-0.33203125
43096,1.220703125,1.142578125,-0.244140625,-0.41015625
43097,1.279296875,1.15234375,-0.126953125,-0.244140625
43098,1.15234375,1.259765625,-0.25390625,-0.33203125
43099,1.19140625,1.171875,-0.283203125,-0.37109375
43100,1.220703125,1.298828125,-0.15625,-0.37109375
43101,1.103515625,1.11328125,-0.390625,-0.29296875
43102,0.99609375,1.201171875,-0.2734375,-0.380859375
43103,1.2109375,1.23046875,-0.1171875,-0.29296875
43104,1.240234375,1.2890625,-0.37109375,-0.3125
43105,1.123046875,1.171875,-0.29296875,-0.537109375
43106,0.99609375,1.044921875,-0.361328125,-0.439453125
43107,1.11328125,1.0546875,-0.263671875,-0.60546875
43108,1.123046875,1.162109375,-0.234375,-0.44921875
43109,1.2109375,1.142578125,-0.380859375,-0.439453125
43110,1.23046875,1.0546875,-0.205078125,-0.400390625
43111,1.2890625,1.15234375,-0.263671875,-0.419921875
43112,1.03515625,1.15234375,-0.3125,-0.458984375
43113,1.171875,1.201171875,-0.244140625,-0.33203125
43114,1.23046875,1.1328125,-0.263671875,-0.46875
43115,1.240234375,1.181640625,-0.3515625,-0.517578125
43116,1.103515625,1.025390625,-0.224609375,-0.341796875
43117,1.25,1.07421875,-0.380859375,-0.46875
43118,1.005859375,1.162109375,-0.224609375,-0.46875
43119,1.19140625,1.123046875,-0.21484375,-0.390625
43120,1.25,1.162109375,-0.29296875,-0.3125
43121,1.123046875,1.015625,-0.17578125,-0.3125
43122,1.171875,1.083984375,-0.29296875,-0.3125
43123,1.19140625,1.171875,-0.234375,-0.5078125
43124,1.396484375,1.142578125,-0.078125,-0.400390625
43125,1.181640625,1.171875,-0.17578125,-0.37109375
43126,1.142578125,1.1328125,-0.1171875,-0.17578125
43127,1.259765625,1.142578125,-0.244140625,-0.380859375
43128,1.2109375,1.181640625,-0.25390625,-0.390625
43129,1.23046875,1.1328125,-0.234375,-0.341796875
43130,1.201171875,1.005859375,-0.2734375,-0.322265625
43131,1.19140625,1.103515625,-0.263671875,-0.458984375
43132,1.103515625,1.11328125,-0.15625,-0.341796875
43133,1.240234375,1.259765625,-0.25390625,-0.341796875
43134,1.220703125,1.064453125,-0.21484375,-0.478515625
43135,1.123046875,1.103515625,-0.263671875,-0.478515625
43136,1.123046875,1.123046875,-0.25390625,-0.400390625
43137,1.201171875,1.259765625,-0.3515625,-0.46875
43138,1.1328125,1.181640625,-0.3515625,-0.439453125
43139,1.09375,1.142578125,-0.3125,-0.41015625
43140,1.181640625,1.09375,-0.1953125,-0.361328125
43141,1.11328125,1.15234375,-0.302734375,-0.478515625
43142,1.279296875,1.07421875,-0.283203125,-0.41015625
43143,1.240234375,1.1328125,-0.234375,-0.439453125
43144,1.07421875,1.2109375,-0.29296875,-0.46875
43145,1.279296875,1.142578125,-0.3125,-0.4296875
43146,1.09375,1.26953125,-0.361328125,-0.380859375
43147,1.23046875,1.142578125,-0.341796875,-0.458984375
43148,1.15234375,1.083984375,-0.234375,-0.380859375
43149,1.201171875,1.103515625,-0.380859375,-0.390625
43150,1.240234375,1.103515625,-0.322265625,-0.478515625
43151,1.23046875,1.15234375,-0.2734375,-0.400390625
43152,1.123046875,0.927734375,-0.3125,-0.44921875
43153,1.083984375,1.15234375,-0.2734375,-0.439453125
43154,0.966796875,1.142578125,-0.166015625,-0.478515625
43155,1.142578125,0.986328125,-0.3125,-0.478515625
43156,1.220703125,1.123046875,-0.263671875,-0.498046875
43157,1.162109375,1.11328125,-0.283203125,-0.361328125
43158,1.0546875,1.201171875,-0.302734375,-0.37109375
43159,1.1328125,1.181640625,-0.2734375,-0.33203125
43160,1.220703125,1.123046875,-0.302734375,-0.283203125
43161,1.142578125,1.103515625,-0.46875,-0.322265625
43162,1.19140625,1.25,-0.263671875,-0.37109375
43163,1.1328125,1.09375,-0.2734375,-0.419921875
43164,1.23046875,1.162109375,-0.15625,-0.283203125
43165,1.2109375,1.1328125,-0.3515625,-0.361328125
43166,1.25,1.123046875,-0.263671875,-0.2734375
43167,1.19140625,0.95703125,-0.3125,-0.3515625
43168,1.298828125,1.083984375,-0.380859375,-0.33203125
43169,1.337890625,1.09375,-0.361328125,-0.17578125
43170,1.3671875,1.15234375,-0.244140625,-0.37109375
43171,1.279296875,1.09375,-0.263671875,-0.3515625
43172,1.142578125,1.1328125,-0.21484375,-0.322265625
43173,1.259765625,1.123046875,-0.400390625,-0.3125
43174,1.220703125,1.513671875,-0.341796875,-0.380859375
43175,1.15234375,1.07421875,-0.2734375,-0.41015625
43176,1.171875,0.986328125,-0.25390625,-0.322265625
43177,1.240234375,1.083984375,-0.21484375,-0.302734375
43178,1.162109375,1.142578125,-0.33203125,-0.458984375
43179,1.240234375,1.142578125,-0.2734375,-0.400390625
43180,1.2109375,1.103515625,-0.263671875,-0.234375
43181,1.171875,1.142578125,-0.224609375,-0.44921875
43182,1.2109375,1.15234375,-0.4296875,-0.4296875
43183,1.26953125,1.11328125,-0.341796875,-0.15625
43184,1.201171875,1.103515625,-0.25390625,-0.341796875
43185,1.162109375,1.0546875,-0.3125,-0.419921875
43186,1.181640625,1.11328125,-0.21484375,-0.5078125
43187,1.2109375,1.1328125,-0.3125,-0.25390625
43188,1.220703125,1.23046875,-0.322265625,-0.380859375
43189,1.171875,1.07421875,-0.2734375,-0.419921875
43190,1.19140625,1.15234375,-0.244140625,-0.4296875
43191,1.357421875,1.23046875,-0.3125,-0.380859375
43192,1.201171875,1.083984375,-0.224609375,-0.3125
43193,1.181640625,1.15234375,-0.25390625,-0.37109375
43194,1.2109375,1.1328125,-0.263671875,-0.390625
43195,1.220703125,1.11328125,-0.244140625,-0.380859375
43196,1.318359375,1.07421875,-0.2734375,-0.3515625
43197,1.34765625,1.162109375,-0.146484375,-0.419921875
43198,1.30859375,1.201171875,-0.2734375,-0.3125
43199,1.23046875,1.1328125,-0.17578125,-0.29296875
43200,1.259765625,1.181640625,-0.263671875,-0.302734375
43201,1.259765625,1.220703125,-0.361328125,-0.361328125
43202,1.40625,1.1328125,-0.244140625,-0.400390625
43203,1.220703125,1.103515625,-0.283203125,-0.361328125
43204,1.201171875,1.044921875,-0.263671875,-0.263671875
43205,1.25,1.142578125,-0.2734375,-0.283203125
43206,1.259765625,1.103515625,-0.224609375,-0.361328125
43207,1.23046875,1.171875,-0.1953125,-0.380859375
43208,1.328125,1.0546875,-0.283203125,-0.2734375
43209,1.15234375,1.064453125,-0.234375,-0.341796875
43210,1.09375,0.927734375,-0.3515625,-0.33203125
43211,1.181640625,1.15234375,-0.29296875,-0.263671875
43212,1.2890625,1.123046875,-0.224609375,-0.322265625
43213,1.2109375,0.986328125,-0.263671875,-0.3515625
43214,1.26953125,1.19140625,-0.244140625,-0.166015625
43215,1.2890625,1.07421875,-0.341796875,-0.322265625
43216,1.19140625,1.1328125,-0.322265625,-0.498046875
43217,1.23046875,1.044921875,-0.25390625,-0.498046875
43218,1.23046875,1.181640625,-0.15625,-0.322265625
43219,1.220703125,0.95703125,-0.263671875,-0.41015625
43220,1.201171875,1.09375,-0.078125,-0.52734375
43221,1.142578125,1.103515625,-0.205078125,-0.44921875
43222,1.23046875,1.181640625,-0.1953125,-0.41015625
43223,1.171875,1.044921875,-0.29296875,-0.341796875
43224,1.162109375,1.123046875,-0.2734375,-0.380859375
43225,1.34765625,0.95703125,-0.3125,-0.33203125
43226,1.162109375,1.1328125,-0.2734375,-0.29296875
43227,1.201171875,1.103515625,-0.234375,-0.419921875
43228,1.1328125,1.083984375,-0.25390625,-0.4296875
43229,1.201171875,1.103515625,-0.205078125,-0.44921875
43230,1.240234375,1.103515625,-0.224609375,-0.322265625
43231,1.2109375,1.1328125,-0.126953125,-0.3125
43232,1.220703125,1.123046875,-0.185546875,-0.302734375
43233,1.123046875,1.0546875,-0.2734375,-0.546875
43234,1.23046875,1.103515625,-0.380859375,-0.263671875
43235,1.318359375,0.966796875,-0.25390625,-0.29296875
43236,1.201171875,1.103515625,-0.263671875,-0.390625
43237,1.181640625,1.064453125,-0.17578125,-0.283203125
43238,1.2109375,1.103515625,-0.1171875,-0.341796875
43239,1.298828125,1.083984375,-0.234375,-0.21484375
43240,1.240234375,1.044921875,-0.2734375,-0.361328125
43241,1.19140625,1.11328125,-0.107421875,-0.37109375
43242,1.181640625,1.0546875,-0.185546875,-0.4296875
43243,1.201171875,1.064453125,-0.302734375,-0.302734375
43244,1.23046875,1.064453125,-0.205078125,-0.302734375
43245,1.09375,1.025390625,-0.283203125,-0.234375
43246,1.2109375,1.15234375,-0.3125,-0.3125
43247,1.220703125,1.09375,-0.283203125,-0.322265625
43248,1.0546875,1.0546875,-0.283203125,-0.33203125
43249,1.240234375,1.11328125,-0.224609375,-0.29296875
43250,1.171875,1.083984375,-0.234375,-0.322265625
43251,1.044921875,1.064453125,-0.263671875,-0.283203125
43252,1.123046875,1.044921875,-0.33203125,-0.302734375
43253,1.171875,1.083984375,-0.283203125,-0.29296875
43254,1.1328125,1.064453125,-0.283203125,-0.33203125
43255,1.142578125,1.083984375,-0.33203125,-0.33203125
43256,1.181640625,1.083984375,-0.2734375,-0.302734375
43257,1.15234375,1.083984375,-0.341796875,-0.380859375
43258,1.162109375,1.07421875,-0.126953125,-0.283203125
43259,1.181640625,1.23046875,-0.17578125,-0.2734375
43260,1.15234375,0.99609375,-0.17578125,-0.3125
43261,1.181640625,1.083984375,-0.068359375,-0.29296875
43262,1.171875,1.15234375,-0.224609375,-0.3125
43263,1.328125,1.07421875,-0.263671875,-0.48828125
43264,1.07421875,1.0546875,-0.17578125,-0.2734375
43265,1.1328125,1.083984375,-0.283203125,-0.341796875
43266,1.220703125,1.064453125,-0.166015625,-0.2734375
43267,1.25,1.083984375,-0.15625,-0.29296875
43268,1.220703125,1.025390625,-0.185546875,-0.361328125
43269,1.23046875,1.083984375,-0.263671875,-0.244140625
43270,1.142578125,1.103515625,-0.224609375,-0.302734375
43271,1.220703125,0.87890625,-0.263671875,-0.1953125
43272,1.23046875,1.11328125,-0.13671875,-0.244140625
43273,1.279296875,1.103515625,-0.29296875,-0.302734375
43274,1.26953125,1.0546875,-0.087890625,-0.3125
43275,1.220703125,1.09375,-0.361328125,-0.2734375
43276,1.15234375,1.0546875,-0.33203125,-0.15625
43277,1.19140625,1.03515625,-0.41015625,-0.185546875
43278,1.201171875,1.09375,-0.341796875,-0.234375
43279,1.083984375,1.11328125,-0.361328125,-0.234375
43280,1.181640625,1.279296875,-0.3125,-0.283203125
43281,1.19140625,1.15234375,-0.302734375,-0.166015625
43282,1.07421875,1.09375,-0.25390625,-0.21484375
43283,1.25,1.11328125,-0.234375,-0.244140625
43284,1.19140625,1.11328125,-0.25390625,-0.078125
43285,0.947265625,1.064453125,-0.33203125,-0.224609375
43286,1.09375,1.07421875,-0.3515625,-0.17578125
43287,1.2109375,1.083984375,-0.341796875,-0.205078125
43288,1.162109375,1.07421875,-0.341796875,-0.3515625
43289,1.171875,0.83984375,-0.322265625,-0.283203125
43290,1.25,1.025390625,-0.361328125,-0.3125
43291,1.201171875,1.0546875,-0.380859375,-0.341796875
43292,1.15234375,1.083984375,-0.283203125,-0.1171875
43293,1.19140625,0.9765625,-0.302734375,-0.21484375
43294,1.201171875,1.083984375,-0.263671875,-0.3125
43295,1.220703125,1.044921875,-0.33203125,-0.263671875
43296,1.171875,1.07421875,-0.3515625,-0.205078125
43297,1.19140625,1.142578125,-0.37109375,-0.322265625
43298,1.201171875,0.9765625,-0.361328125,-0.244140625
43299,1.25,1.005859375,-0.380859375,-0.15625
43300,1.07421875,1.064453125,-0.4296875,-0.224609375
43301,1.240234375,0.99609375,-0.41015625,-0.244140625
43302,1.142578125,1.064453125,-0.41015625,-0.3125
43303,1.11328125,1.15234375,-0.361328125,-0.390625
43304,1.30859375,1.142578125,-0.537109375,-0.234375
43305,1.123046875,1.044921875,-0.37109375,-0.17578125
43306,1.2109375,1.123046875,-0.37109375,-0.13671875
43307,1.23046875,1.142578125,-0.322265625,-0.283203125
43308,1.2109375,1.005859375,-0.3515625,-0.2734375
43309,1.25,1.15234375,-0.361328125,-0.341796875
43310,1.2109375,1.11328125,-0.33203125,-0.263671875
43311,1.15234375,1.0546875,-0.390625,-0.283203125
43312,1.201171875,1.123046875,-0.400390625,-0.21484375
43313,1.0546875,1.123046875,-0.341796875,-0.244140625
43314,1.181640625,1.142578125,-0.244140625,-0.263671875
43315,1.171875,1.15234375,-0.341796875,-0.322265625
43316,1.09375,1.19140625,-0.380859375,-0.29296875
43317,1.142578125,1.142578125,-0.29296875,-0.185546875
43318,1.181640625,1.19140625,-0.234375,-0.244140625
43319,1.240234375,1.103515625,-0.205078125,-0.234375
43320,1.142578125,1.171875,-0.25390625,-0.25390625
43321,1.19140625,1.09375,-0.25390625,-0.234375
43322,1.181640625,1.07421875,-0.2734375,-0.2734375
43323,1.220703125,1.044921875,-0.2734375,-0.29296875
43324,1.201171875,1.07421875,-0.33203125,-0.166015625
43325,1.23046875,1.103515625,-0.341796875,-0.2734375
43326,1.201171875,1.103515625,-0.341796875,-0.2734375
43327,1.201171875,1.09375,-0.234375,-0.263671875
43328,1.279296875,1.1328125,-0.33203125,-0.263671875
43329,1.201171875,1.19140625,-0.4296875,-0.17578125
43330,1.240234375,1.15234375,-0.234375,-0.166015625
43331,1.337890625,1.11328125,-0.33203125,-0.25390625
43332,1.220703125,1.015625,-0.33203125,-0.17578125
43333,1.162109375,1.220703125,-0.283203125,-0.205078125
43334,1.328125,1.1328125,-0.302734375,-0.17578125
43335,1.19140625,1.025390625,-0.234375,-0.205078125
43336,1.201171875,0.947265625,-0.283203125,-0.380859375
43337,1.240234375,1.11328125,-0.302734375,-0.29296875
43338,1.25,1.123046875,-0.2734375,-0.283203125
43339,1.171875,1.083984375,-0.224609375,-0.1953125
43340,1.240234375,1.142578125,-0.244140625,-0.3125
43341,1.181640625,1.142578125,-0.2734375,-0.25390625
43342,1.2109375,1.220703125,-0.263671875,-0.13671875
43343,1.1328125,1.142578125,-0.244140625,-0.2734375
43344,1.259765625,1.123046875,-0.302734375,-0.263671875
43345,1.259765625,1.2109375,-0.25390625,-0.185546875
43346,1.181640625,1.1328125,-0.302734375,-0.2734375
43347,1.25,1.005859375,-0.263671875,-0.25390625
43348,1.201171875,1.162109375,-0.21484375,-0.21484375
43349,1.298828125,1.15234375,-0.263671875,-0.322265625
43350,1.162109375,1.123046875,-0.25390625,-0.29296875
43351,1.181640625,0.927734375,-0.3125,-0.234375
43352,1.1328125,1.142578125,-0.244140625,-0.234375
43353,1.25,1.15234375,-0.205078125,-0.234375
43354,1.2109375,1.123046875,-0.283203125,-0.302734375
43355,1.26953125,1.11328125,-0.283203125,-0.244140625
43356,1.201171875,1.015625,-0.283203125,-0.234375
43357,1.15234375,1.19140625,-0.33203125,-0.263671875
43358,1.181640625,1.11328125,-0.234375,-0.15625
43359,1.259765625,1.044921875,-0.17578125,-0.224609375
43360,1.26953125,1.083984375,-0.283203125,-0.1953125
43361,1.2890625,1.171875,-0.283203125,-0.263671875
43362,1.30859375,1.162109375,-0.17578125,-0.244140625
43363,1.240234375,1.201171875,-0.3125,-0.2734375
43364,1.26953125,1.220703125,-0.2734375,-0.244140625
43365,1.15234375,1.162109375,-0.2734375,-0.205078125
43366,1.220703125,1.171875,-0.2734375,-0.302734375
43367,1.34765625,1.11328125,-0.3515625,-0.322265625
43368,1.396484375,1.07421875,-0.234375,-0.263671875
43369,1.2109375,1.1328125,-0.29296875,-0.302734375
43370,1.171875,1.19140625,-0.380859375,-0.4296875
43371,1.201171875,1.162109375,-0.29296875,-0.341796875
43372,1.2890625,1.15234375,-0.166015625,-0.361328125
43373,1.279296875,1.162109375,-0.29296875,-0.29296875
43374,1.259765625,1.142578125,-0.283203125,-0.3125
43375,1.25,1.240234375,-0.2734375,-0.3515625
43376,1.201171875,1.181640625,-0.224609375,-0.44921875
43377,1.26953125,1.23046875,-0.263671875,-0.341796875
43378,1.25,1.1328125,-0.283203125,-0.3515625
43379,1.19140625,1.142578125,-0.21484375,-0.25390625
43380,1.15234375,1.1328125,-0.380859375,-0.341796875
43381,1.2109375,1.2109375,-0.37109375,-0.322265625
43382,1.19140625,1.171875,-0.2734375,-0.09765625
43383,1.19140625,1.1328125,-0.283203125,-0.263671875
43384,1.181640625,1.30859375,-0.2734375,-0.341796875
43385,1.318359375,1.201171875,-0.3125,-0.25390625
43386,1.220703125,1.123046875,-0.224609375,-0.2734375
43387,1.279296875,1.07421875,-0.25390625,-0.302734375
43388,1.181640625,1.142578125,-0.263671875,-0.283203125
43389,1.2109375,1.220703125,-0.263671875,-0.263671875
43390,1.318359375,1.171875,-0.302734375,-0.29296875
43391,1.23046875,1.162109375,-0.302734375,-0.263671875
43392,1.201171875,1.162109375,-0.322265625,-0.3125
43393,1.181640625,0.947265625,-0.224609375,-0.185546875
43394,1.26953125,1.328125,-0.224609375,-0.302734375
43395,1.337890625,1.220703125,-0.185546875,-0.283203125
43396,1.298828125,1.162109375,-0.244140625,-0.25390625
43397,1.220703125,1.162109375,-0.361328125,-0.244140625
43398,1.2890625,1.1328125,-0.390625,-0.546875
43399,1.25,1.103515625,-0.37109375,-0.29296875
43400,1.2109375,1.201171875,-0.33203125,-0.244140625
43401,1.2890625,1.1328125,-0.29296875,-0.244140625
43402,1.3671875,1.15234375,-0.3125,-0.29296875
43403,1.162109375,1.15234375,-0.302734375,-0.3125
43404,1.181640625,1.15234375,-0.29296875,-0.146484375
43405,1.240234375,1.220703125,-0.33203125,-0.3125
43406,1.11328125,0.99609375,-0.33203125,-0.29296875
43407,1.26953125,1.142578125,-0.283203125,-0.33203125
43408,1.1328125,1.171875,-0.21484375,-0.33203125
43409,1.162109375,1.015625,-0.37109375,-0.1171875
43410,1.2890625,1.142578125,-0.3515625,-0.380859375
43411,1.220703125,1.357421875,-0.3515625,-0.29296875
43412,1.162109375,1.083984375,-0.244140625,-0.41015625
43413,1.220703125,1.181640625,-0.322265625,-0.3125
43414,1.2109375,1.337890625,-0.185546875,-0.2734375
43415,1.19140625,1.103515625,-0.33203125,-0.2734375
43416,1.25,1.2109375,-0.25390625,-0.41015625
43417,1.171875,1.201171875,-0.3515625,-0.283203125
43418,1.142578125,1.220703125,-0.302734375,-0.283203125
43419,1.11328125,1.171875,-0.234375,-0.2734375
43420,1.23046875,1.26953125,-0.244140625,-0.341796875
43421,1.1328125,1.103515625,-0.25390625,-0.390625
43422,1.23046875,1.181640625,-0.302734375,-0.37109375
43423,1.103515625,1.15234375,-0.244140625,-0.3515625
43424,1.1328125,1.201171875,-0.390625,-0.37109375
43425,1.142578125,1.201171875,-0.3125,-0.419921875
43426,1.123046875,1.318359375,-0.3125,-0.390625
43427,1.171875,1.162109375,-0.2734375,-0.29296875
43428,1.15234375,1.298828125,-0.3515625,-0.322265625
43429,1.201171875,1.23046875,-0.302734375,-0.302734375
43430,1.103515625,1.298828125,-0.234375,-0.419921875
43431,1.279296875,1.23046875,-0.33203125,-0.380859375
43432,1.240234375,1.23046875,-0.205078125,-0.341796875
43433,1.142578125,1.142578125,-0.419921875,-0.3125
43434,1.171875,1.259765625,-0.263671875,-0.29296875
43435,1.171875,1.279296875,-0.341796875,-0.400390625
43436,1.2109375,1.220703125,-0.458984375,-0.44921875
43437,1.142578125,1.26953125,-0.263671875,-0.41015625
43438,1.1328125,1.2890625,-0.341796875,-0.380859375
43439,1.142578125,1.2109375,-0.1953125,-0.205078125
43440,1.083984375,1.220703125,-0.25390625,-0.3125
43441,1.26953125,1.25,-0.25390625,-0.361328125
43442,1.171875,1.19140625,-0.205078125,-0.3515625
43443,1.103515625,1.2890625,-0.234375,-0.361328125
43444,1.19140625,1.279296875,-0.283203125,-0.3515625
43445,1.220703125,1.240234375,-0.21484375,-0.302734375
43446,1.181640625,1.23046875,-0.263671875,-0.361328125
43447,1.259765625,1.201171875,-0.29296875,-0.33203125
43448,1.1328125,1.38671875,-0.37109375,-0.41015625
43449,1.162109375,1.23046875,-0.29296875,-0.33203125
43450,1.15234375,1.201171875,-0.15625,-0.380859375
43451,1.09375,1.201171875,-0.205078125,-0.400390625
43452,1.220703125,1.171875,-0.2734375,-0.283203125
43453,1.11328125,1.181640625,-0.234375,-0.4296875
43454,1.181640625,1.181640625,-0.283203125,-0.37109375
43455,1.2109375,1.09375,-0.1953125,-0.439453125
43456,1.25,1.26953125,-0.25390625,-0.3125
43457,1.171875,1.23046875,-0.341796875,-0.498046875
43458,1.1328125,1.0546875,-0.224609375,-0.458984375
43459,1.0546875,1.240234375,-0.3125,-0.37109375
43460,1.123046875,1.23046875,-0.3515625,-0.4296875
43461,1.1328125,1.09375,-0.25390625,-0.3515625
43462,1.171875,1.162109375,-0.17578125,-0.390625
43463,1.171875,1.19140625,-0.244140625,-0.44921875
43464,1.123046875,1.240234375,-0.244140625,-0.263671875
43465,0.9765625,1.23046875,-0.29296875,-0.41015625
43466,1.2109375,1.337890625,-0.234375,-0.439453125
43467,1.123046875,1.11328125,-0.234375,-0.341796875
43468,1.220703125,1.220703125,-0.2734375,-0.60546875
43469,1.162109375,1.09375,-0.390625,-0.498046875
43470,1.1328125,1.044921875,-0.166015625,-0.419921875
43471,1.2109375,1.201171875,-0.185546875,-0.302734375
43472,1.171875,1.416015625,-0.3515625,-0.361328125
43473,1.2109375,1.2109375,-0.21484375,-0.400390625
43474,1.201171875,1.201171875,-0.244140625,-0.46875
43475,1.34765625,1.328125,-0.15625,-0.361328125
43476,1.201171875,1.201171875,-0.25390625,-0.322265625
43477,1.201171875,1.23046875,-0.322265625,-0.4296875
43478,1.2109375,0.986328125,-0.283203125,-0.37109375
43479,1.23046875,1.220703125,-0.1171875,-0.283203125
43480,1.23046875,1.2109375,-0.234375,-0.322265625
43481,1.23046875,1.15234375,-0.25390625,-0.48828125
43482,1.220703125,1.201171875,-0.44921875,-0.3125
43483,1.396484375,1.19140625,-0.25390625,-0.5078125
43484,1.1328125,1.19140625,-0.15625,-0.41015625
43485,1.103515625,1.064453125,-0.1953125,-0.380859375
43486,0.99609375,1.123046875,-0.29296875,-0.37109375
43487,1.0546875,1.142578125,-0.302734375,-0.37109375
43488,1.19140625,1.181640625,-0.244140625,-0.41015625
43489,1.2109375,1.162109375,-0.263671875,-0.3515625
43490,1.11328125,1.123046875,-0.224609375,-0.37109375
43491,1.181640625,1.40625,-0.1171875,-0.380859375
43492,1.2109375,1.181640625,-0.263671875,-0.380859375
43493,1.064453125,1.15234375,-0.419921875,-0.4296875
43494,1.19140625,1.181640625,-0.05859375,-0.341796875
43495,1.11328125,1.181640625,-0.2734375,-0.4296875
43496,1.103515625,1.201171875,-0.302734375,-0.29296875
43497,1.220703125,1.1328125,-0.185546875,-0.224609375
43498,1.15234375,1.181640625,-0.322265625,-0.37109375
43499,1.181640625,1.23046875,-0.2734375,-0.33203125
43500,1.1328125,1.259765625,-0.4296875,-0.390625
43501,1.142578125,1.181640625,-0.3125,-0.390625
43502,1.19140625,1.26953125,-0.21484375,-0.37109375
43503,1.123046875,1.171875,-0.302734375,-0.341796875
43504,1.1328125,1.15234375,-0.29296875,-0.439453125
43505,1.083984375,1.1328125,-0.2734375,-0.400390625
43506,1.181640625,1.064453125,-0.29296875,-0.400390625
43507,1.123046875,1.171875,-0.283203125,-0.439453125
43508,1.162109375,1.171875,-0.3125,-0.390625
43509,1.025390625,1.181640625,-0.2734375,-0.361328125
43510,1.171875,1.181640625,-0.283203125,-0.390625
43511,1.03515625,1.123046875,-0.322265625,-0.41015625
43512,1.142578125,1.07421875,-0.185546875,-0.478515625
43513,1.044921875,1.162109375,-0.263671875,-0.48828125
43514,1.2109375,1.025390625,-0.244140625,-0.439453125
43515,1.23046875,1.1328125,-0.37109375,-0.3515625
43516,1.19140625,1.171875,-0.224609375,-0.390625
43517,1.337890625,1.1328125,-0.234375,-0.37109375
43518,1.201171875,1.171875,-0.263671875,-0.341796875
43519,1.240234375,1.171875,-0.29296875,-0.33203125
43520,1.07421875,1.1328125,-0.2734375,-0.419921875
43521,1.162109375,1.19140625,-0.361328125,-0.400390625
43522,1.19140625,1.162109375,-0.25390625,-0.46875
43523,1.1328125,1.181640625,-0.25390625,-0.361328125
43524,1.1328125,1.19140625,-0.361328125,-0.3515625
43525,1.09375,1.03515625,-0.283203125,-0.576171875
43526,1.0546875,1.15234375,-0.29296875,-0.380859375
43527,1.171875,1.1328125,-0.3125,-0.4296875
43528,1.103515625,1.2109375,-0.361328125,-0.341796875
43529,1.2109375,1.181640625,-0.263671875,-0.390625
43530,1.15234375,1.220703125,-0.15625,-0.3515625
43531,1.15234375,1.201171875,-0.2734375,-0.390625
43532,1.15234375,1.11328125,-0.1953125,-0.3515625
43533,1.15234375,1.201171875,-0.146484375,-0.439453125
43534,1.123046875,1.015625,-0.322265625,-0.41015625
43535,1.123046875,1.259765625,-0.302734375,-0.41015625
43536,1.064453125,1.142578125,-0.15625,-0.390625
43537,1.15234375,1.240234375,-0.107421875,-0.400390625
43538,1.240234375,1.2109375,-0.2734375,-0.44921875
43539,1.09375,1.298828125,-0.224609375,-0.419921875
43540,1.181640625,1.181640625,-0.44921875,-0.400390625
43541,1.064453125,1.171875,-0.244140625,-0.654296875
43542,1.1328125,1.181640625,-0.21484375,-0.400390625
43543,1.181640625,1.1328125,-0.283203125,-0.546875
43544,1.11328125,1.181640625,-0.29296875,-0.44921875
43545,1.15234375,1.07421875,-0.29296875,-0.458984375
43546,1.19140625,1.015625,-0.29296875,-0.439453125
43547,1.259765625,1.201171875,-0.263671875,-0.390625
43548,1.123046875,1.123046875,-0.1953125,-0.458984375
43549,1.123046875,1.064453125,-0.25390625,-0.498046875
43550,1.0546875,1.162109375,-0.234375,-0.41015625
43551,1.2109375,1.03515625,-0.166015625,-0.3515625
43552,1.15234375,1.1328125,-0.3515625,-0.419921875
43553,1.171875,1.142578125,-0.17578125,-0.4296875
43554,1.162109375,1.181640625,-0.29296875,-0.341796875
43555,1.25,1.07421875,-0.25390625,-0.41015625
43556,1.38671875,1.123046875,-0.21484375,-0.3515625
43557,1.259765625,1.2109375,-0.234375,-0.361328125
43558,1.26953125,1.328125,-0.390625,-0.37109375
43559,1.142578125,1.1328125,-0.13671875,-0.3125
43560,1.23046875,1.162109375,-0.263671875,-0.361328125
43561,1.240234375,1.123046875,-0.234375,-0.322265625
43562,1.2109375,1.1328125,-0.29296875,-0.458984375
43563,1.19140625,1.162109375,-0.33203125,-0.380859375
43564,1.220703125,1.123046875,-0.322265625,-0.400390625
43565,1.11328125,1.1328125,-0.322265625,-0.458984375
43566,1.2109375,1.07421875,-0.302734375,-0.41015625
43567,1.259765625,1.103515625,-0.185546875,-0.46875
43568,1.23046875,1.123046875,-0.2734375,-0.52734375
43569,1.171875,1.162109375,-0.33203125,-0.29296875
43570,1.23046875,1.19140625,-0.2734375,-0.458984375
43571,1.181640625,1.083984375,-0.41015625,-0.3515625
43572,1.220703125,1.15234375,-0.2734375,-0.419921875
43573,1.15234375,1.142578125,-0.166015625,-0.400390625
43574,1.181640625,1.1328125,-0.361328125,-0.439453125
43575,1.279296875,1.181640625,-0.244140625,-0.400390625
43576,1.201171875,1.083984375,-0.21484375,-0.361328125
43577,1.23046875,1.0546875,-0.244140625,-0.37109375
43578,1.337890625,1.142578125,-0.283203125,-0.390625
43579,1.240234375,1.162109375,-0.400390625,-0.322265625
43580,1.2109375,1.1328125,-0.087890625,-0.361328125
43581,1.240234375,1.11328125,-0.302734375,-0.37109375
43582,1.259765625,1.181640625,-0.17578125,-0.37109375
43583,1.19140625,1.1328125,-0.25390625,-0.3515625
43584,1.19140625,1.064453125,-0.25390625,-0.3515625
43585,1.279296875,1.11328125,-0.244140625,-0.44921875
43586,1.220703125,1.11328125,-0.17578125,-0.302734375
43587,1.259765625,1.103515625,-0.302734375,-0.37109375
43588,1.201171875,1.15234375,-0.244140625,-0.390625
43589,1.25,1.083984375,-0.400390625,-0.244140625
43590,1.23046875,1.142578125,-0.234375,-0.390625
43591,1.181640625,1.142578125,-0.33203125,-0.41015625
43592,1.2109375,0.830078125,-0.380859375,-0.458984375
43593,1.19140625,1.1328125,-0.37109375,-0.283203125
43594,1.171875,0.99609375,-0.322265625,-0.439453125
43595,1.201171875,1.103515625,-0.234375,-0.5078125
43596,1.2109375,1.15234375,-0.3515625,-0.419921875
43597,1.279296875,1.11328125,-0.33203125,-0.3515625
43598,1.279296875,1.11328125,-0.3125,-0.3125
43599,1.40625,1.171875,-0.2734375,-0.390625
43600,1.2890625,1.1328125,-0.283203125,-0.498046875
43601,1.279296875,1.103515625,-0.185546875,-0.341796875
43602,1.259765625,1.123046875,-0.244140625,-0.37109375
43603,1.376953125,1.142578125,-0.205078125,-0.3515625
43604,1.259765625,1.07421875,-0.244140625,-0.478515625
43605,1.396484375,1.15234375,-0.2734375,-0.380859375
43606,1.2109375,1.083984375,-0.263671875,-0.390625
43607,1.298828125,1.162109375,-0.185546875,-0.46875
43608,1.240234375,1.162109375,-0.283203125,-0.283203125
43609,1.2109375,1.220703125,-0.37109375,-0.419921875
43610,1.240234375,1.123046875,-0.46875,-0.517578125
43611,1.19140625,1.1328125,-0.2734375,-0.25390625
43612,1.23046875,1.25,-0.380859375,-0.419921875
43613,1.240234375,1.23046875,-0.390625,-0.52734375
43614,1.26953125,1.162109375,-0.263671875,-0.4296875
43615,1.34765625,1.201171875,-0.400390625,-0.4296875
43616,1.23046875,1.171875,-0.33203125,-0.48828125
43617,1.201171875,1.142578125,-0.3125,-0.380859375
43618,1.23046875,1.220703125,-0.17578125,-0.419921875
43619,1.26953125,1.1328125,-0.25390625,-0.380859375
43620,1.279296875,1.083984375,-0.126953125,-0.33203125
43621,1.15234375,1.123046875,-0.29296875,-0.41015625
43622,1.19140625,1.19140625,-0.244140625,-0.4296875
43623,1.201171875,1.181640625,-0.1953125,-0.41015625
43624,1.455078125,1.1328125,-0.302734375,-0.3125
43625,1.201171875,1.0546875,-0.224609375,-0.283203125
43626,1.259765625,1.19140625,-0.205078125,-0.41015625
43627,1.328125,1.279296875,-0.224609375,-0.380859375
43628,1.298828125,1.103515625,-0.234375,-0.37109375
43629,1.26953125,1.123046875,-0.244140625,-0.37109375
43630,1.2890625,1.201171875,-0.390625,-0.41015625
43631,1.279296875,1.240234375,-0.3515625,-0.322265625
43632,1.25,1.171875,-0.234375,-0.439453125
43633,1.259765625,1.162109375,-0.21484375,-0.33203125
43634,1.23046875,1.220703125,-0.25390625,-0.37109375
43635,1.26953125,1.09375,-0.25390625,-0.302734375
43636,1.240234375,1.2109375,-0.263671875,-0.234375
43637,1.2109375,1.162109375,-0.185546875,-0.33203125
43638,1.240234375,1.171875,-0.25390625,-0.341796875
43639,1.162109375,1.19140625,-0.15625,-0.263671875
43640,1.171875,1.044921875,-0.1171875,-0.380859375
43641,1.279296875,1.123046875,-0.224609375,-0.41015625
43642,1.23046875,1.181640625,-0.283203125,-0.2734375
43643,1.201171875,1.025390625,-0.263671875,-0.341796875
43644,1.23046875,1.083984375,-0.234375,-0.478515625
43645,1.279296875,1.15234375,-0.2734375,-0.478515625
43646,1.15234375,1.19140625,-0.322265625,-0.33203125
43647,1.259765625,1.25,-0.185546875,-0.361328125
43648,1.23046875,1.1328125,-0.185546875,-0.439453125
43649,1.25,1.25,-0.15625,-0.341796875
43650,1.19140625,1.064453125,-0.25390625,-0.37109375
43651,1.337890625,1.11328125,-0.1953125,-0.419921875
43652,1.23046875,1.162109375,-0.37109375,-0.439453125
43653,1.2109375,1.1328125,-0.185546875,-0.41015625
43654,1.123046875,1.103515625,-0.263671875,-0.458984375
43655,1.181640625,1.142578125,-0.302734375,-0.41015625
43656,1.23046875,1.07421875,-0.244140625,-0.48828125
43657,1.318359375,1.09375,-0.29296875,-0.390625
43658,1.2109375,1.07421875,-0.234375,-0.380859375
43659,1.23046875,1.1328125,-0.322265625,-0.439453125
43660,1.298828125,1.103515625,-0.439453125,-0.25390625
43661,1.34765625,1.15234375,-0.205078125,-0.33203125
43662,1.171875,1.103515625,-0.302734375,-0.3125
43663,1.435546875,1.11328125,-0.302734375,-0.44921875
43664,1.2890625,0.91796875,-0.29296875,-0.263671875
43665,1.26953125,1.083984375,-0.29296875,-0.380859375
43666,1.23046875,1.0546875,-0.25390625,-0.29296875
43667,1.259765625,1.03515625,-0.244140625,-0.302734375
43668,1.240234375,0.99609375,-0.126953125,-0.322265625
43669,1.240234375,1.025390625,-0.25390625,-0.33203125
43670,1.1328125,1.11328125,-0.283203125,-0.2734375
43671,1.171875,1.044921875,-0.224609375,-0.2734375
43672,1.26953125,1.11328125,-0.2734375,-0.46875
43673,1.171875,1.07421875,-0.29296875,-0.322265625
43674,1.259765625,0.9375,-0.37109375,-0.400390625
43675,1.26953125,1.083984375,-0.263671875,-0.3125
43676,1.171875,0.99609375,-0.33203125,-0.390625
43677,1.19140625,1.15234375,-0.33203125,-0.400390625
43678,1.23046875,1.103515625,-0.1953125,-0.244140625
43679,1.162109375,1.1328125,-0.3515625,-0.33203125
43680,1.240234375,1.142578125,-0.341796875,-0.2734375
43681,1.220703125,1.11328125,-0.29296875,-0.52734375
43682,1.298828125,1.07421875,-0.322265625,-0.341796875
43683,1.142578125,1.0546875,-0.37109375,-0.3125
43684,1.220703125,1.0546875,-0.263671875,-0.224609375
43685,1.25,1.07421875,-0.2734375,-0.302734375
43686,1.181640625,1.03515625,-0.234375,-0.322265625
43687,1.25,1.123046875,-0.283203125,-0.517578125
43688,1.123046875,1.09375,-0.13671875,-0.361328125
43689,1.1328125,1.15234375,-0.0390625,-0.341796875
43690,1.201171875,1.103515625,-0.185546875,-0.1953125
43691,1.23046875,1.09375,-0.2734375,-0.234375
43692,1.171875,1.083984375,-0.09765625,-0.302734375
43693,1.30859375,1.044921875,-0.302734375,-0.13671875
43694,1.337890625,1.0546875,-0.21484375,-0.205078125
43695,1.30859375,0.99609375,-0.13671875,-0.263671875
43696,1.30859375,1.19140625,-0.244140625,-0.263671875
43697,1.259765625,0.986328125,-0.244140625,-0.283203125
43698,1.201171875,0.9375,-0.146484375,-0.341796875
43699,1.25,1.1328125,-0.1953125,-0.1953125
43700,1.26953125,1.103515625,-0.205078125,-0.390625
43701,1.259765625,1.005859375,-0.205078125,-0.283203125
43702,1.23046875,1.064453125,-0.322265625,-0.29296875
43703,1.34765625,1.005859375,-0.2734375,-0.302734375
43704,1.2890625,1.083984375,-0.234375,-0.263671875
43705,1.25,1.103515625,-0.341796875,-0.283203125
43706,1.15234375,1.0546875,-0.341796875,-0.25390625
43707,1.318359375,1.103515625,-0.283203125,-0.224609375
43708,1.337890625,1.064453125,-0.341796875,-0.25390625
43709,1.34765625,1.11328125,-0.244140625,-0.185546875
43710,1.25,1.11328125,-0.37109375,-0.29296875
43711,1.240234375,1.123046875,-0.44921875,-0.224609375
43712,1.23046875,1.064453125,-0.2734375,-0.263671875
43713,1.259765625,1.19140625,-0.5078125,-0.2734375
43714,1.23046875,1.11328125,-0.3125,-0.09765625
43715,1.220703125,1.044921875,-0.21484375,-0.25390625
43716,1.34765625,1.123046875,-0.283203125,-0.224609375
43717,1.23046875,1.123046875,-0.302734375,-0.205078125
43718,1.103515625,1.162109375,-0.380859375,-0.185546875
43719,1.171875,1.09375,-0.41015625,-0.33203125
43720,1.220703125,1.123046875,-0.341796875,-0.244140625
43721,1.220703125,1.07421875,-0.29296875,-0.1171875
43722,1.15234375,1.240234375,-0.4296875,-0.29296875
43723,1.240234375,1.15234375,-0.3515625,-0.224609375
43724,1.103515625,1.09375,-0.3125,-0.05859375
43725,1.2109375,1.083984375,-0.390625,-0.302734375
43726,1.240234375,1.171875,-0.341796875,-0.244140625
43727,1.103515625,1.07421875,-0.37109375,-0.13671875
43728,1.103515625,1.03515625,-0.400390625,-0.2734375
43729,1.23046875,1.201171875,-0.2734375,-0.234375
43730,1.23046875,1.1328125,-0.380859375,-0.33203125
43731,1.328125,1.064453125,-0.341796875,-0.302734375
43732,1.201171875,1.26953125,-0.400390625,-0.224609375
43733,1.201171875,1.181640625,-0.400390625,-0.380859375
43734,1.240234375,1.064453125,-0.419921875,-0.234375
43735,1.171875,1.083984375,-0.322265625,-0.322265625
43736,1.15234375,1.162109375,-0.3515625,-0.21484375
43737,1.1328125,1.15234375,-0.25390625,-0.2734375
43738,1.1328125,1.09375,-0.458984375,-0.341796875
43739,1.19140625,1.142578125,-0.33203125,-0.302734375
43740,1.25,1.1328125,-0.322265625,-0.2734375
43741,1.19140625,1.123046875,-0.458984375,-0.25390625
43742,1.162109375,1.171875,-0.33203125,-0.48828125
43743,1.240234375,1.123046875,-0.302734375,-0.283203125
43744,1.171875,1.083984375,-0.3515625,-0.322265625
43745,1.318359375,1.162109375,-0.234375,-0.3515625
43746,1.171875,1.15234375,-0.37109375,-0.25390625
43747,1.201171875,1.09375,-0.390625,-0.224609375
43748,1.162109375,1.11328125,-0.244140625,-0.302734375
43749,1.2890625,1.162109375,-0.283203125,-0.3125
43750,1.2109375,1.005859375,-0.37109375,-0.302734375
43751,1.25,1.07421875,-0.263671875,-0.33203125
43752,1.240234375,1.123046875,-0.400390625,-0.205078125
43753,1.240234375,1.181640625,-0.146484375,-0.29296875
43754,1.19140625,1.123046875,-0.322265625,-0.29296875
43755,1.25,1.09375,-0.341796875,-0.244140625
43756,1.279296875,1.07421875,-0.25390625,-0.205078125
43757,1.240234375,1.11328125,-0.29296875,-0.283203125
43758,1.15234375,1.0546875,-0.166015625,-0.234375
43759,1.23046875,0.986328125,-0.37109375,-0.37109375
43760,1.220703125,1.2109375,-0.302734375,-0.283203125
43761,1.25,1.083984375,-0.29296875,-0.21484375
43762,1.1328125,1.259765625,-0.205078125,-0.3515625
43763,1.279296875,1.07421875,-0.283203125,-0.25390625
43764,1.19140625,1.11328125,-0.322265625,-0.048828125
43765,1.38671875,1.083984375,-0.17578125,-0.185546875
43766,1.23046875,1.298828125,-0.341796875,-0.33203125
43767,1.259765625,1.181640625,-0.283203125,-0.244140625
43768,1.220703125,1.2890625,-0.380859375,-0.234375
43769,1.25,1.2109375,-0.302734375,-0.302734375
43770,1.220703125,1.181640625,-0.21484375,-0.3515625
43771,1.25,0.83984375,-0.146484375,-0.166015625
43772,1.240234375,1.064453125,-0.283203125,-0.205078125
43773,1.279296875,1.162109375,-0.3125,-0.2734375
43774,1.34765625,1.23046875,-0.205078125,-0.29296875
43775,1.240234375,1.23046875,-0.3125,-0.37109375
43776,1.25,1.162109375,-0.25390625,-0.244140625
43777,1.259765625,1.34765625,-0.2734375,-0.1953125
43778,1.279296875,1.11328125,-0.302734375,-0.1171875
43779,1.19140625,1.09375,-0.33203125,-0.302734375
43780,1.142578125,1.064453125,-0.17578125,-0.234375
43781,1.181640625,1.181640625,-0.302734375,-0.17578125
43782,1.328125,1.1328125,-0.224609375,-0.224609375
43783,1.09375,1.142578125,-0.185546875,-0.283203125
43784,1.30859375,1.181640625,-0.25390625,-0.234375
43785,1.181640625,1.15234375,-0.234375,-0.205078125
43786,1.220703125,1.2109375,-0.2734375,-0.244140625
43787,1.26953125,1.1328125,-0.1953125,-0.341796875
43788,1.181640625,1.15234375,-0.302734375,-0.2734375
43789,1.25,1.123046875,-0.322265625,-0.21484375
43790,1.23046875,1.1328125,-0.341796875,-0.263671875
43791,1.220703125,1.19140625,-0.322265625,-0.263671875
43792,1.357421875,1.171875,-0.390625,-0.322265625
43793,1.328125,1.0546875,-0.166015625,-0.302734375
43794,1.34765625,1.220703125,-0.390625,-0.146484375
43795,1.279296875,1.279296875,-0.390625,-0.263671875
43796,1.396484375,1.2109375,-0.4296875,-0.234375
43797,1.298828125,1.1328125,-0.341796875,-0.322265625
43798,1.3671875,1.181640625,-0.15625,-0.263671875
43799,1.30859375,1.103515625,-0.2734375,-0.263671875
43800,1.298828125,1.220703125,-0.283203125,-0.37109375
43801,1.259765625,1.240234375,-0.244140625,-0.322265625
43802,1.337890625,1.201171875,-0.185546875,-0.37109375
43803,1.34765625,1.19140625,-0.322265625,-0.29296875
43804,1.2109375,0.9765625,-0.361328125,-0.322265625
43805,1.240234375,1.19140625,-0.419921875,-0.283203125
43806,1.240234375,1.19140625,-0.2734375,-0.33203125
43807,1.26953125,1.15234375,-0.224609375,-0.37109375
43808,1.23046875,1.15234375,-0.3125,-0.3515625
43809,1.279296875,1.064453125,-0.283203125,-0.341796875
43810,1.2109375,1.15234375,-0.234375,-0.3125
43811,1.19140625,1.11328125,-0.380859375,-0.33203125
43812,1.240234375,1.025390625,-0.341796875,-0.302734375
43813,1.30859375,1.11328125,-0.322265625,-0.33203125
43814,1.259765625,1.1328125,-0.341796875,-0.263671875
43815,1.23046875,1.298828125,-0.2734375,-0.419921875
43816,1.26953125,1.083984375,-0.263671875,-0.21484375
43817,1.240234375,1.1328125,-0.41015625,-0.380859375
43818,1.298828125,1.171875,-0.302734375,-0.33203125
43819,1.30859375,1.123046875,-0.2734375,-0.46875
43820,1.298828125,1.123046875,-0.478515625,-0.341796875
43821,1.240234375,1.103515625,-0.2734375,-0.380859375
43822,1.328125,1.11328125,-0.380859375,-0.302734375
43823,1.357421875,1.201171875,-0.322265625,-0.322265625
43824,1.30859375,1.2109375,-0.322265625,-0.146484375
43825,1.30859375,1.181640625,-0.283203125,-0.29296875
43826,1.201171875,1.220703125,-0.3125,-0.1953125
43827,1.34765625,1.142578125,-0.185546875,-0.283203125
43828,1.46484375,1.162109375,-0.283203125,-0.13671875
43829,1.15234375,1.26953125,-0.37109375,-0.2734375
43830,1.357421875,1.142578125,-0.224609375,-0.3125
43831,1.30859375,1.07421875,-0.2734375,-0.166015625
43832,1.162109375,0.966796875,-0.302734375,-0.244140625
43833,1.25,1.123046875,-0.21484375,-0.3125
43834,1.298828125,1.1328125,-0.37109375,-0.341796875
43835,1.26953125,1.162109375,-0.25390625,-0.3125
43836,1.23046875,1.142578125,-0.380859375,-0.302734375
43837,1.083984375,1.171875,-0.224609375,-0.263671875
43838,1.279296875,1.0546875,-0.37109375,-0.302734375
43839,1.23046875,1.2109375,-0.224609375,-0.21484375
43840,1.15234375,1.220703125,-0.283203125,-0.09765625
43841,1.34765625,1.142578125,-0.2734375,-0.2734375
43842,1.2109375,1.162109375,-0.146484375,-0.234375
43843,1.220703125,1.083984375,-0.29296875,-0.37109375
43844,1.23046875,1.07421875,-0.390625,-0.3125
43845,1.11328125,1.11328125,-0.087890625,-0.283203125
43846,1.23046875,1.201171875,-0.341796875,-0.302734375
43847,1.220703125,1.23046875,-0.263671875,-0.380859375
43848,1.240234375,1.142578125,-0.33203125,-0.458984375
43849,1.23046875,1.2109375,-0.244140625,-0.302734375
43850,1.0546875,1.2890625,-0.09765625,-0.302734375
43851,1.201171875,1.298828125,-0.185546875,-0.4296875
43852,1.23046875,1.220703125,-0.3125,-0.205078125
43853,1.09375,1.2109375,-0.1953125,-0.322265625
43854,1.181640625,1.09375,-0.15625,-0.33203125
43855,1.201171875,1.201171875,-0.322265625,-0.380859375
43856,1.171875,1.15234375,-0.458984375,-0.33203125
43857,1.19140625,1.337890625,-0.29296875,-0.3515625
43858,1.220703125,1.23046875,-0.283203125,-0.361328125
43859,1.015625,1.259765625,-0.1953125,-0.33203125
43860,1.142578125,1.171875,-0.33203125,-0.37109375
43861,1.201171875,1.25,-0.283203125,-0.37109375
43862,1.240234375,1.34765625,-0.244140625,-0.390625
43863,1.19140625,1.3671875,-0.3515625,-0.322265625
43864,1.19140625,1.328125,-0.29296875,-0.400390625
43865,1.240234375,1.30859375,-0.185546875,-0.3515625
43866,1.181640625,1.279296875,-0.185546875,-0.41015625
43867,1.181640625,1.23046875,-0.283203125,-0.390625
43868,1.259765625,1.279296875,-0.25390625,-0.361328125
43869,1.2109375,1.2890625,-0.146484375,-0.2734375
43870,1.2109375,1.044921875,-0.234375,-0.29296875
43871,1.171875,1.25,-0.185546875,-0.458984375
43872,1.123046875,1.2109375,-0.361328125,-0.380859375
43873,1.220703125,1.26953125,-0.234375,-0.341796875
43874,1.298828125,1.259765625,-0.224609375,-0.322265625
43875,1.240234375,1.38671875,-0.33203125,-0.29296875
43876,1.19140625,1.25,-0.224609375,-0.322265625
43877,1.318359375,1.220703125,-0.185546875,-0.361328125
43878,1.26953125,1.298828125,-0.29296875,-0.361328125
43879,1.240234375,1.25,-0.224609375,-0.400390625
43880,1.103515625,1.25,-0.234375,-0.498046875
43881,1.201171875,1.26953125,-0.25390625,-0.3125
43882,1.15234375,1.23046875,-0.29296875,-0.48828125
43883,1.259765625,1.23046875,-0.244140625,-0.37109375
43884,1.162109375,1.23046875,-0.263671875,-0.380859375
43885,1.19140625,1.337890625,-0.263671875,-0.380859375
43886,1.15234375,1.23046875,-0.185546875,-0.44921875
43887,1.1328125,1.220703125,-0.29296875,-0.390625
43888,1.19140625,1.26953125,-0.25390625,-0.439453125
43889,1.201171875,1.2109375,-0.2734375,-0.44921875
43890,1.19140625,1.2890625,-0.341796875,-0.5078125
43891,1.240234375,1.07421875,-0.1953125,-0.56640625
43892,1.23046875,1.23046875,-0.234375,-0.48828125
43893,1.2890625,1.279296875,-0.244140625,-0.46875
43894,1.2109375,1.279296875,-0.341796875,-0.341796875
43895,1.220703125,1.2890625,-0.244140625,-0.48828125
43896,1.181640625,1.181640625,-0.146484375,-0.419921875
43897,1.26953125,1.23046875,-0.263671875,-0.3125
43898,1.259765625,1.23046875,-0.322265625,-0.5078125
43899,1.26953125,1.2109375,-0.283203125,-0.41015625
43900,1.19140625,1.19140625,-0.302734375,-0.41015625
43901,1.2109375,1.23046875,-0.25390625,-0.4296875
43902,1.103515625,1.03515625,-0.3125,-0.33203125
43903,1.2109375,1.23046875,-0.2734375,-0.400390625
43904,1.181640625,1.201171875,-0.29296875,-0.400390625
43905,1.2890625,1.201171875,-0.224609375,-0.44921875
43906,1.259765625,1.201171875,-0.25390625,-0.41015625
43907,1.171875,1.240234375,-0.322265625,-0.419921875
43908,1.19140625,1.09375,-0.3515625,-0.380859375
43909,1.2109375,1.171875,-0.400390625,-0.44921875
43910,1.162109375,1.26953125,-0.322265625,-0.3515625
43911,1.259765625,1.2109375,-0.2734375,-0.390625
43912,1.181640625,1.09375,-0.380859375,-0.4296875
43913,1.11328125,1.181640625,-0.2734375,-0.29296875
43914,1.337890625,1.142578125,-0.283203125,-0.3515625
43915,1.25,1.171875,-0.439453125,-0.390625
43916,1.201171875,1.181640625,-0.283203125,-0.390625
43917,1.2109375,1.279296875,-0.25390625,-0.41015625
43918,1.201171875,1.09375,-0.302734375,-0.400390625
43919,1.1328125,1.181640625,-0.234375,-0.3515625
43920,1.142578125,1.240234375,-0.205078125,-0.341796875
43921,1.171875,1.220703125,-0.341796875,-0.41015625
43922,1.23046875,1.25,-0.29296875,-0.3515625
43923,1.25,1.171875,-0.21484375,-0.419921875
43924,1.181640625,1.15234375,-0.234375,-0.419921875
43925,1.09375,1.142578125,-0.234375,-0.390625
43926,1.181640625,1.201171875,-0.234375,-0.380859375
43927,1.171875,1.19140625,-0.17578125,-0.400390625
43928,1.162109375,1.23046875,-0.244140625,-0.439453125
43929,1.15234375,1.2109375,-0.263671875,-0.322265625
43930,1.162109375,1.181640625,-0.322265625,-0.361328125
43931,1.142578125,1.181640625,-0.283203125,-0.4296875
43932,1.171875,1.171875,-0.322265625,-0.400390625
43933,1.23046875,1.201171875,-0.1171875,-0.390625
43934,1.171875,1.171875,-0.341796875,-0.4296875
43935,1.23046875,1.201171875,-0.2734375,-0.400390625
43936,1.171875,1.171875,-0.29296875,-0.3515625
43937,1.15234375,1.083984375,-0.224609375,-0.46875
43938,1.201171875,1.181640625,-0.3125,-0.380859375
43939,1.11328125,1.103515625,-0.205078125,-0.3515625
43940,1.2109375,1.044921875,-0.205078125,-0.322265625
43941,1.044921875,1.171875,-0.25390625,-0.41015625
43942,1.2109375,1.123046875,-0.33203125,-0.390625
43943,1.201171875,1.259765625,-0.3125,-0.478515625
43944,1.298828125,1.201171875,-0.263671875,-0.400390625
43945,1.201171875,1.337890625,-0.21484375,-0.41015625
43946,1.201171875,1.2109375,-0.33203125,-0.52734375
43947,1.19140625,1.181640625,-0.244140625,-0.419921875
43948,1.23046875,1.142578125,-0.21484375,-0.3515625
43949,1.103515625,1.064453125,-0.3125,-0.41015625
43950,1.181640625,1.15234375,-0.244140625,-0.3515625
43951,1.11328125,1.015625,-0.25390625,-0.4296875
43952,1.19140625,1.142578125,-0.361328125,-0.52734375
43953,1.19140625,1.201171875,-0.25390625,-0.458984375
43954,1.259765625,1.201171875,-0.1953125,-0.390625
43955,1.25,1.3671875,-0.322265625,-0.3515625
43956,1.11328125,1.240234375,-0.2734375,-0.41015625
43957,1.25,1.42578125,-0.37109375,-0.439453125
43958,1.201171875,1.220703125,-0.3515625,-0.56640625
43959,1.3671875,1.220703125,-0.21484375,-0.41015625
43960,1.2109375,1.279296875,-0.380859375,-0.44921875
43961,1.2109375,1.201171875,-0.302734375,-0.29296875
43962,1.2109375,1.142578125,-0.29296875,-0.458984375
43963,1.259765625,1.30859375,-0.166015625,-0.4296875
43964,1.142578125,1.103515625,-0.302734375,-0.29296875
43965,1.201171875,1.19140625,-0.234375,-0.46875
43966,1.15234375,1.279296875,-0.302734375,-0.400390625
43967,1.240234375,1.11328125,-0.283203125,-0.419921875
43968,1.2109375,1.15234375,-0.322265625,-0.439453125
43969,1.11328125,1.103515625,-0.361328125,-0.439453125
43970,1.259765625,1.171875,-0.302734375,-0.52734375
43971,1.220703125,1.162109375,-0.234375,-0.3515625
43972,1.162109375,1.123046875,-0.263671875,-0.439453125
43973,1.240234375,1.181640625,-0.263671875,-0.48828125
43974,1.123046875,1.162109375,-0.244140625,-0.546875
43975,1.201171875,1.0546875,-0.283203125,-0.478515625
43976,1.171875,1.23046875,-0.341796875,-0.41015625
43977,1.201171875,1.171875,-0.244140625,-0.390625
43978,1.240234375,1.23046875,-0.1953125,-0.419921875
43979,1.162109375,1.103515625,-0.341796875,-0.46875
43980,1.26953125,1.181640625,-0.37109375,-0.33203125
43981,1.34765625,1.162109375,-0.1953125,-0.419921875
43982,1.240234375,1.15234375,-0.302734375,-0.44921875
43983,1.19140625,1.142578125,-0.302734375,-0.29296875
43984,1.162109375,1.220703125,-0.390625,-0.361328125
43985,1.2109375,1.025390625,-0.3125,-0.341796875
43986,1.2890625,1.1328125,-0.302734375,-0.37109375
43987,1.2890625,1.044921875,-0.29296875,-0.3515625
43988,1.25,1.1328125,-0.283203125,-0.400390625
43989,1.30859375,1.1328125,-0.3125,-0.625
43990,1.337890625,1.064453125,-0.302734375,-0.361328125
43991,1.2109375,0.986328125,-0.17578125,-0.33203125
43992,1.25,1.19140625,-0.283203125,-0.400390625
43993,1.19140625,1.09375,-0.17578125,-0.400390625
43994,1.25,1.09375,-0.302734375,-0.361328125
43995,1.240234375,1.15234375,-0.1953125,-0.41015625
43996,1.30859375,1.1328125,-0.25390625,-0.3515625
43997,1.240234375,1.181640625,-0.15625,-0.517578125
43998,1.23046875,1.162109375,-0.21484375,-0.37109375
43999,1.220703125,1.09375,-0.302734375,-0.4296875
44000,1.34765625,1.103515625,-0.263671875,-0.498046875
44001,1.259765625,1.11328125,-0.361328125,-0.498046875
44002,1.34765625,1.142578125,-0.263671875,-0.400390625
44003,1.2109375,1.015625,-0.33203125,-0.419921875
44004,1.26953125,1.19140625,-0.263671875,-0.5078125
44005,1.2109375,1.09375,-0.341796875,-0.41015625
44006,1.298828125,1.1328125,-0.3515625,-0.41015625
44007,1.23046875,1.09375,-0.2734375,-0.478515625
44008,1.337890625,1.103515625,-0.283203125,-0.4296875
44009,1.30859375,1.044921875,-0.3125,-0.361328125
44010,1.318359375,0.9375,-0.146484375,-0.390625
44011,1.2109375,1.15234375,-0.244140625,-0.400390625
44012,1.259765625,1.142578125,-0.341796875,-0.37109375
44013,1.25,1.1328125,-0.234375,-0.2734375
44014,1.25,1.11328125,-0.224609375,-0.33203125
44015,1.19140625,1.171875,-0.1953125,-0.3515625
44016,1.2109375,1.044921875,-0.283203125,-0.33203125
44017,1.337890625,1.123046875,-0.419921875,-0.2734375
44018,1.201171875,1.044921875,-0.390625,-0.390625
44019,1.279296875,1.09375,-0.400390625,-0.33203125
44020,1.1328125,1.142578125,-0.234375,-0.341796875
44021,1.259765625,1.123046875,-0.185546875,-0.37109375
44022,1.23046875,1.025390625,-0.302734375,-0.283203125
44023,1.26953125,1.103515625,-0.263671875,-0.283203125
44024,1.15234375,1.09375,-0.263671875,-0.41015625
44025,1.171875,1.083984375,-0.400390625,-0.341796875
44026,1.328125,1.142578125,-0.263671875,-0.419921875
44027,1.279296875,1.11328125,-0.17578125,-0.37109375
44028,1.259765625,1.005859375,-0.3125,-0.546875
44029,1.26953125,1.103515625,-0.29296875,-0.322265625
44030,1.09375,1.162109375,-0.2734375,-0.380859375
44031,1.201171875,0.95703125,-0.283203125,-0.37109375
44032,1.2109375,1.162109375,-0.29296875,-0.380859375
44033,1.142578125,1.2109375,-0.390625,-0.400390625
44034,1.220703125,1.103515625,-0.2734375,-0.341796875
44035,1.123046875,1.162109375,-0.25390625,-0.2734375
44036,1.298828125,1.103515625,-0.224609375,-0.390625
44037,1.23046875,1.142578125,-0.244140625,-0.37109375
44038,1.171875,1.123046875,-0.33203125,-0.322265625
44039,1.201171875,1.064453125,-0.322265625,-0.439453125
44040,1.240234375,1.15234375,-0.29296875,-0.29296875
44041,1.298828125,1.162109375,-0.29296875,-0.46875
44042,1.357421875,1.171875,-0.263671875,-0.37109375
44043,1.26953125,1.09375,-0.2734375,-0.439453125
44044,1.30859375,1.2109375,-0.15625,-0.3515625
44045,1.30859375,1.2109375,-0.37109375,-0.44921875
44046,1.259765625,1.083984375,-0.244140625,-0.439453125
44047,1.201171875,1.201171875,-0.283203125,-0.3515625
44048,1.34765625,1.15234375,-0.29296875,-0.3515625
44049,1.2890625,1.181640625,-0.302734375,-0.341796875
44050,1.318359375,1.19140625,-0.2734375,-0.341796875
44051,1.25,1.142578125,-0.234375,-0.380859375
44052,1.2890625,1.11328125,-0.17578125,-0.341796875
44053,1.240234375,1.11328125,-0.29296875,-0.25390625
44054,1.34765625,1.142578125,-0.37109375,-0.380859375
44055,1.2109375,1.201171875,-0.322265625,-0.361328125
44056,1.259765625,1.181640625,-0.2734375,-0.33203125
44057,1.220703125,1.15234375,-0.244140625,-0.390625
44058,1.240234375,1.171875,-0.341796875,-0.2734375
44059,1.26953125,1.201171875,-0.1953125,-0.439453125
44060,1.298828125,1.1328125,-0.244140625,-0.341796875
44061,1.26953125,1.09375,-0.341796875,-0.3515625
44062,1.298828125,1.181640625,-0.17578125,-0.458984375
44063,1.40625,1.181640625,-0.263671875,-0.419921875
44064,1.240234375,1.259765625,-0.361328125,-0.419921875
44065,1.298828125,1.015625,-0.283203125,-0.263671875
44066,1.19140625,1.123046875,-0.263671875,-0.400390625
44067,1.19140625,1.23046875,-0.224609375,-0.2734375
44068,1.26953125,1.142578125,-0.107421875,-0.400390625
44069,1.26953125,1.09375,-0.185546875,-0.37109375
44070,1.328125,0.9765625,-0.1953125,-0.341796875
44071,1.181640625,1.103515625,-0.166015625,-0.341796875
44072,1.42578125,1.09375,-0.1953125,-0.380859375
44073,1.259765625,1.201171875,-0.0390625,-0.390625
44074,1.23046875,1.07421875,-0.126953125,-0.2734375
44075,1.298828125,1.11328125,-0.263671875,-0.3125
44076,1.162109375,1.005859375,-0.244140625,-0.302734375
44077,1.259765625,1.09375,-0.17578125,-0.3125
44078,1.259765625,1.1328125,-0.263671875,-0.390625
44079,1.19140625,1.11328125,-0.29296875,-0.361328125
44080,1.23046875,1.1328125,-0.2734375,-0.263671875
44081,1.337890625,1.07421875,-0.283203125,-0.400390625
44082,1.220703125,0.947265625,-0.2734375,-0.4296875
44083,1.259765625,1.0546875,-0.1171875,-0.41015625
44084,1.318359375,1.181640625,-0.185546875,-0.361328125
44085,1.42578125,1.142578125,-0.400390625,-0.419921875
44086,1.25,1.083984375,-0.1953125,-0.478515625
44087,1.201171875,1.083984375,-0.185546875,-0.5078125
44088,1.259765625,1.03515625,-0.33203125,-0.380859375
44089,1.240234375,1.083984375,-0.302734375,-0.400390625
44090,1.25,1.142578125,-0.2734375,-0.224609375
44091,1.337890625,1.103515625,-0.2734375,-0.400390625
44092,1.240234375,1.11328125,-0.244140625,-0.4296875
44093,1.298828125,1.03515625,-0.224609375,-0.244140625
44094,1.240234375,1.015625,-0.17578125,-0.302734375
44095,1.23046875,1.162109375,-0.15625,-0.3125
44096,1.279296875,1.015625,-0.224609375,-0.400390625
44097,1.044921875,1.1328125,-0.146484375,-0.302734375
44098,1.083984375,0.966796875,-0.107421875,-0.361328125
44099,1.30859375,1.025390625,-0.166015625,-0.3515625
44100,1.2890625,1.044921875,-0.302734375,-0.3125
44101,1.201171875,1.07421875,-0.126953125,-0.25390625
44102,1.23046875,1.015625,-0.224609375,-0.341796875
44103,1.220703125,0.947265625,-0.283203125,-0.29296875
44104,1.201171875,1.142578125,-0.15625,-0.283203125
44105,1.2109375,1.015625,-0.283203125,-0.419921875
44106,1.181640625,1.044921875,-0.2734375,-0.302734375
44107,1.181640625,1.15234375,-0.3125,-0.3125
44108,1.162109375,1.044921875,-0.322265625,-0.3515625
44109,1.103515625,1.0546875,-0.302734375,-0.29296875
44110,1.181640625,0.927734375,-0.0390625,-0.322265625
44111,1.09375,1.0546875,-0.15625,-0.29296875
44112,1.26953125,1.11328125,-0.21484375,-0.322265625
44113,1.171875,1.123046875,-0.2734375,-0.341796875
44114,1.23046875,1.07421875,-0.244140625,-0.341796875
44115,1.123046875,1.044921875,-0.234375,-0.3125
44116,1.1328125,1.09375,-0.0390625,-0.3125
44117,1.240234375,1.103515625,-0.244140625,-0.3125
44118,1.162109375,1.1328125,-0.283203125,-0.205078125
44119,1.07421875,0.9765625,-0.263671875,-0.390625
44120,1.201171875,1.142578125,-0.25390625,-0.322265625
44121,1.2109375,1.09375,-0.185546875,-0.234375
44122,1.142578125,1.07421875,-0.341796875,-0.2734375
44123,1.2890625,1.03515625,-0.25390625,-0.390625
44124,1.201171875,1.03515625,-0.21484375,-0.361328125
44125,1.46484375,1.07421875,-0.166015625,-0.283203125
44126,1.26953125,1.064453125,-0.234375,-0.33203125
44127,1.279296875,1.07421875,-0.17578125,-0.4296875
44128,1.40625,1.07421875,-0.37109375,-0.234375
44129,1.25,0.947265625,-0.283203125,-0.205078125
44130,1.279296875,1.09375,-0.224609375,-0.146484375
44131,1.328125,0.986328125,-0.322265625,-0.283203125
44132,1.26953125,0.986328125,-0.302734375,-0.185546875
44133,1.328125,1.0546875,-0.25390625,-0.21484375
44134,1.181640625,1.142578125,-0.263671875,-0.234375
44135,1.26953125,1.005859375,-0.3515625,-0.0390625
44136,1.220703125,1.083984375,-0.224609375,-0.29296875
44137,1.25,1.03515625,-0.263671875,-0.263671875
44138,1.220703125,1.005859375,-0.146484375,-0.361328125
44139,1.15234375,1.142578125,-0.263671875,-0.3515625
44140,1.26953125,1.11328125,-0.2734375,-0.25390625
44141,1.19140625,1.044921875,-0.322265625,-0.3125
44142,1.1328125,1.1328125,-0.263671875,-0.15625
44143,1.1328125,1.03515625,-0.341796875,-0.33203125
44144,1.15234375,1.015625,-0.244140625,-0.263671875
44145,1.2109375,1.11328125,-0.205078125,-0.361328125
44146,1.2890625,1.015625,-0.21484375,-0.244140625
44147,1.171875,1.123046875,-0.166015625,-0.09765625
44148,1.181640625,1.09375,-0.2734375,-0.361328125
44149,1.2109375,1.123046875,-0.1953125,-0.29296875
44150,1.19140625,1.0546875,-0.234375,-0.25390625
44151,1.19140625,1.162109375,-0.25390625,-0.234375
44152,1.240234375,1.142578125,-0.302734375,-0.21484375
44153,1.298828125,1.083984375,-0.25390625,-0.21484375
44154,1.15234375,1.09375,-0.341796875,-0.17578125
44155,1.171875,1.123046875,-0.29296875,-0.234375
44156,1.25,1.025390625,-0.224609375,-0.283203125
44157,1.25,1.083984375,-0.322265625,-0.185546875
44158,1.171875,1.03515625,-0.283203125,-0.17578125
44159,1.240234375,1.025390625,-0.166015625,-0.21484375
44160,1.220703125,1.07421875,-0.21484375,-0.361328125
44161,1.328125,1.11328125,-0.25390625,-0.224609375
44162,1.220703125,1.064453125,-0.33203125,-0.224609375
44163,1.2890625,1.103515625,-0.283203125,1.25
44164,1.23046875,1.09375,-0.380859375,1.025390625
44165,1.240234375,1.181640625,-0.37109375,1.09375
44166,1.259765625,1.201171875,-0.263671875,1.07421875
44167,1.240234375,1.181640625,-0.205078125,1.064453125
44168,1.201171875,1.0546875,-0.302734375,1.083984375
44169,1.259765625,1.25,-0.3515625,1.15234375
44170,1.25,1.064453125,-0.2734375,1.025390625
44171,1.220703125,1.142578125,-0.390625,0.986328125
44172,1.2890625,1.11328125,-0.21484375,1.11328125
44173,1.2109375,1.07421875,-0.244140625,1.025390625
44174,1.23046875,1.1328125,-0.126953125,1.025390625
44175,1.201171875,1.064453125,0.302734375,0.986328125
44176,1.142578125,1.142578125,0.302734375,1.07421875
44177,1.220703125,1.064453125,0.458984375,-0.068359375
44178,1.2109375,1.357421875,0.205078125,-0.078125
44179,1.259765625,1.15234375,0.29296875,-0.068359375
44180,1.23046875,0.966796875,0.224609375,-0.05859375
44181,1.19140625,1.103515625,0.29296875,0.048828125
44182,1.23046875,1.11328125,0.2734375,-0.029296875
44183,1.181640625,1.03515625,0.2734375,0.009765625
44184,1.19140625,1.025390625,0.2734375,-0.009765625
44185,1.181640625,1.162109375,0.29296875,-0.068359375
44186,1.0546875,1.181640625,0.322265625,-0.078125
44187,1.181640625,1.0546875,0.52734375,0.01953125
44188,1.259765625,1.123046875,0.556640625,-0.13671875
44189,1.19140625,1.19140625,0.5859375,-0.126953125
44190,1.26953125,1.11328125,0.56640625,-0.126953125
44191,1.279296875,1.09375,0.478515625,-0.01953125
44192,1.19140625,1.09375,0.5859375,0.166015625
44193,1.201171875,1.171875,0.56640625,0.1171875
44194,1.2890625,1.142578125,0.419921875,0.205078125
44195,1.240234375,1.201171875,0.5078125,0.263671875
44196,1.162109375,0.908203125,0.498046875,0.3515625
44197,1.259765625,1.19140625,0.48828125,0.166015625
44198,1.220703125,1.2890625,0.5078125,0.244140625
44199,1.279296875,1.07421875,0.537109375,0.283203125
44200,1.103515625,1.123046875,0.5078125,0.224609375
44201,1.181640625,1.19140625,0.068359375,0.17578125
44202,1.220703125,1.162109375,0.09765625,0.3125
44203,1.2109375,1.103515625,0.13671875,0.205078125
44204,1.15234375,1.11328125,0.078125,0.1171875
44205,1.220703125,1.07421875,0.048828125,0.1953125
44206,1.240234375,1.162109375,0.126953125,0.37109375
44207,1.26953125,1.162109375,0.146484375,0.3125
44208,1.279296875,1.064453125,0.09765625,0.3515625
44209,1.318359375,1.142578125,0.087890625,0.33203125
44210,1.328125,1.09375,0.13671875,0.439453125
44211,1.2890625,1.142578125,0.09765625,0.380859375
44212,1.26953125,1.171875,0.09765625,0.390625
44213,1.298828125,1.181640625,0.087890625,0.400390625
44214,1.328125,1.2890625,0.25390625,0.41015625
44215,1.220703125,1.142578125,0.263671875,0.361328125
44216,1.30859375,1.23046875,0.2734375,0.400390625
44217,1.26953125,1.11328125,0.44921875,0.41015625
44218,1.2890625,1.19140625,0.3125,0.400390625
44219,1.25,1.171875,0.29296875,0.37109375
44220,1.318359375,1.23046875,0.517578125,0.263671875
44221,1.23046875,1.171875,0.283203125,0.283203125
44222,1.318359375,1.142578125,0.3515625,0.41015625
44223,1.19140625,1.25,0.13671875,0.322265625
44224,1.23046875,1.15234375,0.3125,0.517578125
44225,1.181640625,1.19140625,0.29296875,0.390625
44226,1.240234375,1.19140625,0.087890625,0.439453125
44227,1.26953125,1.103515625,0.283203125,0.615234375
44228,1.162109375,1.19140625,0.29296875,0.41015625
44229,1.259765625,1.103515625,0.361328125,0.419921875
44230,1.328125,1.123046875,0.390625,0.3125
44231,1.181640625,1.15234375,0.263671875,0.390625
44232,1.201171875,1.15234375,0.5078125,0.41015625
44233,1.298828125,1.11328125,0.361328125,0.3125
44234,1.42578125,1.171875,0.33203125,0.390625
44235,1.2890625,1.103515625,0.44921875,0.390625
44236,1.171875,1.1328125,0.3125,0.390625
44237,1.162109375,1.2109375,0.439453125,0.439453125
44238,1.171875,1.07421875,0.33203125,0.48828125
44239,1.23046875,1.09375,0.33203125,0.46875
44240,1.103515625,1.11328125,0.361328125,0.390625
44241,1.30859375,1.162109375,0.302734375,0.361328125
44242,1.220703125,1.162109375,0.341796875,0.400390625
44243,1.3671875,1.09375,0.322265625,0.41015625
44244,1.279296875,1.19140625,0.3515625,0.380859375
44245,1.279296875,1.09375,0.322265625,0.263671875
44246,1.279296875,1.123046875,0.361328125,0.3515625
44247,1.240234375,1.162109375,0.341796875,0.380859375
44248,1.26953125,1.09375,0.380859375,0.3515625
44249,1.25,1.162109375,0.29296875,0.390625
44250,1.220703125,1.19140625,0.439453125,0.41015625
44251,1.2890625,1.259765625,0.33203125,0.537109375
44252,1.455078125,1.19140625,0.400390625,0.37109375
44253,1.2890625,1.15234375,0.2734375,0.439453125
44254,1.240234375,1.220703125,0.322265625,0.48828125
44255,1.181640625,1.19140625,0.302734375,0.400390625
44256,1.34765625,1.19140625,0.29296875,0.400390625
44257,1.220703125,1.171875,0.33203125,0.44921875
44258,1.19140625,1.162109375,0.33203125,0.4296875
44259,1.357421875,1.201171875,0.458984375,0.458984375
44260,1.2890625,1.044921875,0.400390625,0.361328125
44261,1.357421875,1.162109375,0.380859375,0.400390625
44262,1.298828125,1.19140625,0.595703125,0.390625
44263,1.25,1.09375,0.37109375,0.302734375
44264,1.142578125,1.19140625,0.361328125,0.439453125
44265,1.337890625,1.201171875,0.546875,0.41015625
44266,1.23046875,1.19140625,0.361328125,0.5078125
44267,1.26953125,1.15234375,0.3515625,0.37109375
44268,1.279296875,1.171875,0.224609375,0.380859375
44269,1.220703125,1.123046875,0.390625,0.52734375
44270,1.2109375,1.171875,0.361328125,0.2734375
44271,1.337890625,1.201171875,0.29296875,0.361328125
44272,1.181640625,1.064453125,0.341796875,0.458984375
44273,1.220703125,1.19140625,0.37109375,0.283203125
44274,1.181640625,1.15234375,0.41015625,0.44921875
44275,1.26953125,1.2109375,0.341796875,0.400390625
44276,1.0546875,1.142578125,0.4296875,0.078125
44277,1.09375,1.2109375,0.400390625,0.458984375
44278,1.142578125,1.181640625,0.361328125,0.33203125
44279,1.064453125,1.19140625,0.44921875,0.302734375
44280,1.171875,1.19140625,0.556640625,0.4296875
44281,1.15234375,1.181640625,0.458984375,0.419921875
44282,1.19140625,1.201171875,0.390625,0.21484375
44283,1.15234375,1.220703125,0.33203125,0.4296875
44284,1.220703125,1.123046875,0.302734375,0.380859375
44285,1.171875,1.298828125,0.3515625,0.68359375
44286,1.201171875,1.201171875,0.390625,0.361328125
44287,1.15234375,1.11328125,0.283203125,0.419921875
44288,1.064453125,1.15234375,0.37109375,0.595703125
44289,1.2109375,1.181640625,0.44921875,0.439453125
44290,1.162109375,1.03515625,0.17578125,0.41015625
44291,1.181640625,1.171875,0.361328125,0.21484375
44292,1.171875,1.25,0.33203125,0.4296875
44293,1.123046875,1.19140625,0.419921875,0.478515625
44294,1.181640625,1.201171875,0.3515625,0.25390625
44295,1.162109375,1.298828125,0.33203125,0.439453125
44296,1.240234375,1.19140625,0.44921875,0.41015625
44297,1.1328125,1.240234375,0.3515625,0.2734375
44298,1.181640625,1.240234375,0.419921875,0.419921875
44299,1.201171875,1.2109375,0.224609375,0.419921875
44300,1.2109375,1.328125,0.478515625,0.498046875
44301,1.23046875,1.240234375,0.341796875,0.400390625
44302,1.171875,1.2890625,0.498046875,0.400390625
44303,1.162109375,1.2890625,0.400390625,0.498046875
44304,1.318359375,1.26953125,0.46875,0.41015625
44305,1.162109375,1.201171875,0.3125,0.380859375
44306,1.19140625,1.23046875,0.44921875,0.322265625
44307,1.015625,1.259765625,0.390625,0.37109375
44308,1.23046875,1.162109375,0.41015625,0.400390625
44309,1.19140625,1.201171875,0.400390625,0.37109375
44310,1.181640625,1.26953125,0.439453125,0.390625
44311,1.357421875,1.25,0.390625,0.44921875
44312,1.240234375,1.26953125,0.380859375,0.2734375
44313,1.171875,1.298828125,0.302734375,0.41015625
44314,1.30859375,1.162109375,0.322265625,0.390625
44315,1.2109375,1.396484375,0.3515625,0.537109375
44316,1.142578125,1.201171875,0.33203125,0.478515625
44317,1.416015625,1.171875,0.25390625,0.44921875
44318,1.26953125,1.220703125,0.25390625,0.576171875
44319,1.2890625,1.23046875,0.400390625,0.3515625
44320,1.3671875,1.181640625,0.302734375,0.380859375
44321,1.26953125,1.162109375,0.419921875,0.2734375
44322,1.38671875,1.2109375,0.37109375,0.400390625
44323,1.337890625,1.23046875,0.439453125,0.341796875
44324,1.2890625,1.162109375,0.33203125,0.244140625
44325,1.259765625,1.2890625,0.33203125,0.3515625
44326,1.42578125,1.03515625,0.48828125,0.41015625
44327,1.26953125,1.25,0.37109375,0.3125
44328,1.357421875,1.171875,0.322265625,0.400390625
44329,1.259765625,1.1328125,0.3515625,0.439453125
44330,1.298828125,1.328125,0.4296875,0.537109375
44331,1.259765625,1.23046875,0.41015625,0.419921875
44332,1.25,1.201171875,0.302734375,0.400390625
44333,1.25,1.26953125,0.1953125,0.537109375
44334,1.220703125,1.181640625,0.41015625,0.361328125
44335,1.123046875,1.23046875,0.33203125,0.37109375
44336,1.201171875,1.25,0.1953125,0.341796875
44337,1.201171875,1.220703125,0.3515625,0.439453125
44338,1.240234375,1.181640625,0.419921875,0.439453125
44339,1.15234375,1.19140625,0.537109375,0.361328125
44340,1.2109375,1.240234375,0.341796875,0.4296875
44341,1.357421875,1.23046875,0.37109375,0.439453125
44342,1.181640625,0.9765625,0.44921875,0.29296875
44343,1.181640625,1.201171875,0.380859375,0.400390625
44344,1.259765625,1.162109375,0.361328125,0.302734375
44345,1.171875,1.298828125,0.478515625,0.46875
44346,1.220703125,1.15234375,0.380859375,0.810546875
44347,1.220703125,1.240234375,0.400390625,0.44921875
44348,1.220703125,1.103515625,0.29296875,0.46875
44349,1.15234375,1.240234375,0.341796875,0.6640625
44350,1.181640625,1.19140625,0.361328125,0.390625
44351,1.220703125,1.19140625,0.17578125,0.439453125
44352,1.259765625,1.171875,0.37109375,0.693359375
44353,1.19140625,1.181640625,0.3515625,0.400390625
44354,1.23046875,0.947265625,0.48828125,0.390625
44355,1.240234375,1.201171875,0.380859375,0.263671875
44356,1.15234375,1.171875,0.341796875,0.4296875
44357,1.171875,1.220703125,0.517578125,0.41015625
44358,1.181640625,1.181640625,0.341796875,0.205078125
44359,1.2109375,1.09375,0.380859375,0.44921875
44360,1.201171875,1.103515625,0.5078125,0.400390625
44361,1.19140625,1.19140625,0.341796875,0.458984375
44362,1.484375,1.19140625,0.37109375,0.400390625
44363,1.259765625,1.171875,0.244140625,0.41015625
44364,1.162109375,1.123046875,0.390625,0.52734375
44365,1.103515625,1.19140625,0.3125,0.439453125
44366,1.103515625,1.142578125,0.302734375,0.380859375
44367,1.25,1.376953125,0.341796875,0.478515625
44368,1.34765625,1.181640625,0.3515625,0.439453125
44369,1.201171875,1.162109375,0.29296875,0.41015625
44370,1.11328125,1.240234375,0.37109375,0.52734375
44371,1.201171875,1.181640625,0.283203125,0.41015625
44372,1.142578125,1.298828125,0.2734375,0.37109375
44373,1.181640625,1.357421875,0.322265625,0.498046875
44374,1.201171875,1.220703125,0.322265625,0.439453125
44375,1.259765625,0.888671875,0.205078125,0.5078125
44376,1.2109375,1.279296875,0.380859375,0.37109375
44377,1.30859375,1.2109375,0.361328125,0.419921875
44378,1.2109375,1.123046875,0.458984375,0.439453125
44379,1.1328125,1.2109375,0.3515625,0.3515625
44380,1.25,1.201171875,0.390625,0.4296875
44381,1.23046875,1.11328125,0.41015625,0.5078125
44382,1.181640625,1.07421875,0.380859375,0.33203125
44383,1.064453125,1.123046875,0.37109375,0.41015625
44384,1.1328125,1.328125,0.29296875,0.380859375
44385,1.23046875,1.162109375,0.380859375,0.52734375
44386,1.2109375,1.2109375,0.361328125,0.419921875
44387,1.220703125,1.240234375,0.322265625,0.380859375
44388,1.2109375,1.123046875,0.41015625,0.498046875
44389,1.259765625,1.201171875,0.37109375,0.400390625
44390,1.181640625,1.162109375,0.2734375,0.361328125
44391,1.171875,1.044921875,0.33203125,0.44921875
44392,1.279296875,1.181640625,0.3125,0.419921875
44393,1.279296875,1.15234375,0.33203125,0.41015625
44394,1.162109375,1.15234375,0.419921875,0.400390625
44395,1.259765625,1.162109375,0.33203125,0.068359375
44396,1.1328125,1.2109375,0.37109375,0.341796875
44397,1.19140625,1.064453125,0.341796875,0.498046875
44398,1.142578125,1.171875,0.380859375,0.21484375
44399,1.2109375,1.171875,0.4296875,0.458984375
44400,1.11328125,1.201171875,0.44921875,0.3515625
44401,1.259765625,1.201171875,0.3515625,0.2734375
44402,1.181640625,1.15234375,0.390625,0.390625
44403,1.23046875,1.19140625,0.478515625,0.33203125
44404,1.23046875,1.181640625,0.341796875,0.5078125
44405,1.162109375,1.30859375,0.37109375,0.439453125
44406,1.19140625,1.09375,0.390625,0.41015625
44407,1.318359375,1.0546875,0.41015625,0.29296875
44408,1.416015625,1.162109375,0.37109375,0.44921875
44409,1.220703125,1.162109375,0.37109375,0.419921875
44410,1.2109375,1.416015625,0.37109375,0.41015625
44411,1.162109375,1.181640625,0.263671875,0.37109375
44412,1.220703125,1.240234375,0.3125,0.458984375
44413,1.201171875,1.279296875,0.33203125,0.341796875
44414,1.2109375,1.2109375,0.361328125,0.4296875
44415,1.103515625,1.201171875,0.458984375,0.41015625
44416,1.25,1.19140625,0.302734375,0.390625
44417,1.318359375,1.201171875,0.302734375,0.4296875
44418,1.2890625,1.2109375,0.15625,0.361328125
44419,1.30859375,1.171875,0.302734375,0.341796875
44420,1.318359375,1.0546875,0.322265625,0.3515625
44421,1.240234375,1.201171875,0.13671875,0.390625
44422,1.23046875,1.1328125,0.390625,0.46875
44423,1.396484375,1.142578125,0.380859375,0.4296875
44424,1.23046875,1.103515625,0.439453125,0.41015625
44425,1.25,1.201171875,0.380859375,0.4296875
44426,1.513671875,1.142578125,0.3515625,0.3515625
44427,1.162109375,1.005859375,0.390625,0.390625
44428,1.23046875,1.162109375,0.390625,0.419921875
44429,1.298828125,1.142578125,0.3515625,0.390625
44430,1.25,1.09375,0.44921875,0.44921875
44431,1.259765625,1.09375,0.302734375,0.44921875
44432,1.201171875,1.19140625,0.390625,0.4296875
44433,1.240234375,1.2109375,0.33203125,0.361328125
44434,1.259765625,1.181640625,0.419921875,0.46875
44435,1.142578125,1.15234375,0.322265625,0.390625
44436,1.171875,1.142578125,0.224609375,0.439453125
44437,1.26953125,1.181640625,0.322265625,0.517578125
44438,1.142578125,1.171875,0.322265625,0.380859375
44439,1.142578125,1.201171875,0.44921875,0.341796875
44440,1.25,1.162109375,0.37109375,0.263671875
44441,1.171875,1.181640625,0.37109375,0.390625
44442,1.26953125,1.1328125,0.419921875,0.400390625
44443,1.279296875,1.279296875,0.37109375,0.25390625
44444,1.103515625,-0.52734375,0.3515625,0.419921875
44445,1.279296875,-0.517578125,0.478515625,0.400390625
44446,1.259765625,-0.48828125,0.361328125,0.556640625
44447,1.259765625,-0.546875,0.3515625,0.29296875
44448,1.279296875,-0.52734375,0.283203125,0.361328125
44449,1.181640625,-0.41015625,0.400390625,0.5078125
44450,1.259765625,-0.546875,0.341796875,0.37109375
44451,1.259765625,-0.52734375,0.244140625,0.361328125
44452,1.259765625,0.05859375,0.41015625,0.478515625
44453,1.23046875,-0.537109375,0.33203125,0.400390625
44454,1.23046875,-0.56640625,0.380859375,0.439453125
44455,1.240234375,-0.712890625,0.3515625,0.3515625
44456,-0.458984375,-0.537109375,0.361328125,0.341796875
44457,-0.361328125,-0.498046875,0.380859375,0.4296875
44458,-0.322265625,0.15625,0.48828125,0.341796875
44459,-0.41015625,0.546875,0.341796875,0.390625
44460,-0.302734375,0.498046875,0.37109375,0.400390625
44461,-0.3515625,0.419921875,0.439453125,0.3515625
44462,-0.361328125,0.44921875,0.361328125,0.400390625
44463,-0.517578125,0.478515625,0.37109375,0.3515625
44464,-0.390625,0.60546875,0.25390625,0.41015625
44465,-0.390625,0.380859375,0.390625,0.302734375
44466,-0.595703125,0.498046875,0.390625,0.390625
44467,-0.41015625,0.7421875,0.17578125,0.458984375
44468,-0.322265625,0.458984375,0.29296875,0.4296875
44469,-0.400390625,0.439453125,0.341796875,0.37109375
44470,-0.390625,0.302734375,0.322265625,0.439453125
44471,0.341796875,0.46875,0.33203125,0.341796875
44472,0.390625,0.126953125,0.3515625,0.37109375
44473,0.33203125,-0.009765625,0.615234375,0.361328125
44474,0.322265625,0.087890625,0.380859375,0.283203125
44475,0.52734375,0.17578125,0.3125,0.380859375
44476,0.263671875,0.029296875,0.517578125,0.322265625
44477,0.302734375,0.185546875,0.2734375,0.2734375
44478,0.322265625,0.21484375,0.3515625,0.380859375
44479,0.322265625,0.146484375,0.185546875,0.263671875
44480,0.390625,0.126953125,0.361328125,0.52734375
44481,0.25390625,0.126953125,0.37109375,0.4296875
44482,0.341796875,0.17578125,0.263671875,0.44921875
44483,0.37109375,0.15625,0.322265625,0.5078125
44484,0.078125,0.13671875,0.37109375,0.44921875
44485,0.09765625,0.01953125,0.283203125,0.3515625
44486,0.078125,0.17578125,0.3515625,0.3515625
44487,0.17578125,-0.048828125,0.341796875,0.390625
44488,0.009765625,-0.009765625,0.3515625,0.361328125
44489,0.048828125,0,0.361328125,0.458984375
44490,0.126953125,-0.0390625,0.380859375,0.341796875
44491,0.068359375,-0.009765625,0.419921875,0.44921875
44492,0.01953125,0,0.33203125,0.341796875
44493,0.09765625,-0.078125,0.33203125,0.4296875
44494,0.087890625,0.0390625,0.234375,0.458984375
44495,0.078125,-0.01953125,0.41015625,0.400390625
44496,0.01953125,-0.01953125,0.33203125,0.390625
44497,0.05859375,0.01953125,0.2734375,0.390625
44498,0.107421875,-0.0390625,0.458984375,0.3515625
44499,0.068359375,0.009765625,0.361328125,0.390625
44500,-0.107421875,-0.078125,0.25390625,0.419921875
44501,-0.078125,-0.126953125,0.37109375,0.361328125
44502,-0.068359375,0.009765625,0.37109375,0.390625
44503,-0.068359375,-0.15625,0.322265625,0.380859375
44504,0.029296875,-0.146484375,0.322265625,0.37109375
44505,-0.068359375,-0.15625,0.4296875,0.439453125
44506,-0.078125,-0.1171875,0.5078125,0.419921875
44507,-0.009765625,-0.107421875,0.37109375,0.37109375
44508,-0.0390625,-0.087890625,0.3515625,0.37109375
44509,-0.107421875,-0.029296875,0.234375,0.361328125
44510,-0.078125,-0.126953125,0.3515625,0.439453125
44511,-0.09765625,-0.126953125,0.380859375,0.52734375
44512,-0.224609375,-0.078125,0.1953125,0.400390625
44513,-0.146484375,-0.107421875,0.41015625,0.439453125
44514,-0.09765625,-0.126953125,0.263671875,0.556640625
44515,-0.185546875,-0.17578125,0.21484375,0.400390625
44516,-0.13671875,-0.185546875,0.341796875,0.361328125
44517,-0.15625,-0.15625,0.3515625,0.615234375
44518,-0.048828125,-0.13671875,0.380859375,0.3515625
44519,-0.185546875,-0.33203125,0.44921875,0.3515625
44520,-0.1171875,-0.126953125,0.361328125,0.302734375
44521,-0.107421875,-0.146484375,0.46875,0.390625
44522,-0.029296875,-0.146484375,0.46875,0.322265625
44523,-0.13671875,-0.13671875,0.390625,0.2734375
44524,0.087890625,-0.126953125,0.3125,0.390625
44525,-0.1953125,-0.0390625,0.46875,0.419921875
44526,-0.1171875,-0.107421875,0.37109375,0.52734375
44527,-0.09765625,-0.078125,0.263671875,0.380859375
44528,-0.146484375,-0.009765625,0.15625,0.361328125
44529,-0.185546875,-0.1171875,0.341796875,0.595703125
44530,-0.068359375,-0.126953125,0.341796875,0.3515625
44531,-0.107421875,0.1953125,0.234375,0.4296875
44532,-0.107421875,-0.126953125,0.4296875,0.46875
44533,0,-0.126953125,0.341796875,0.33203125
44534,-0.068359375,-0.107421875,0.625,0.41015625
44535,-0.126953125,-0.107421875,0.380859375,0.25390625
44536,-0.146484375,-0.09765625,0.3125,0.341796875
44537,-0.146484375,-0.13671875,0.556640625,0.380859375
44538,-0.0390625,-0.068359375,0.3515625,0.283203125
44539,-0.09765625,-0.09765625,0.341796875,0.390625
44540,-0.15625,-0.09765625,0.498046875,0.41015625
44541,-0.107421875,-0.15625,0.37109375,0.498046875
44542,-0.05859375,-0.166015625,0.3515625,0.3515625
44543,-0.126953125,-0.21484375,0.2734375,0.419921875
44544,-0.17578125,-0.15625,0.361328125,0.478515625
44545,-0.0390625,-0.13671875,0.41015625,0.380859375
44546,-0.1171875,-0.087890625,0.205078125,0.4296875
44547,-0.09765625,-0.068359375,0.361328125,0.498046875
44548,-0.166015625,-0.1171875,0.361328125,0.341796875
44549,-0.146484375,-0.166015625,0.3125,0.3515625
44550,-0.166015625,-0.078125,0.3515625,0.29296875
44551,-0.25390625,-0.09765625,0.380859375,0.390625
44552,-0.087890625,-0.21484375,0.2734375,0.390625
44553,-0.13671875,-0.13671875,0.439453125,0.478515625
44554,-0.1953125,-0.1171875,0.3515625,0.380859375
44555,-0.15625,-0.1171875,0.283203125,0.341796875
44556,-0.09765625,-0.0390625,0.361328125,0.302734375
44557,0.009765625,-0.146484375,0.419921875,0.41015625
44558,-0.1171875,-0.09765625,0.46875,0.4296875
44559,-0.107421875,-0.13671875,0.341796875,0.302734375
44560,0,-0.15625,0.322265625,0.380859375
44561,-0.107421875,-0.09765625,0.478515625,0.400390625
44562,-0.107421875,-0.17578125,0.37109375,0.322265625
44563,-0.1171875,-0.1171875,0.419921875,0.37109375
44564,-0.087890625,-0.15625,0.322265625,0.41015625
44565,0.048828125,-0.1171875,0.400390625,0.419921875
44566,-0.166015625,-0.126953125,0.380859375,0.361328125
44567,-0.126953125,-0.166015625,0.263671875,0.3125
44568,-0.15625,-0.009765625,0.302734375,0.4296875
44569,-0.13671875,-0.087890625,0.3515625,0.322265625
44570,-0.107421875,-0.1171875,0.341796875,0.400390625
44571,-0.078125,-0.107421875,0.380859375,0.390625
44572,-0.126953125,-0.17578125,0.3125,0.380859375
44573,-0.1171875,-0.15625,0.361328125,0.390625
44574,-0.146484375,-0.146484375,0.400390625,0.4296875
44575,-0.126953125,-0.13671875,0.341796875,0.44921875
44576,-0.126953125,-0.107421875,0.33203125,0.37109375
44577,-0.1171875,-0.205078125,0.29296875,0.41015625
44578,-0.09765625,-0.1171875,0.3125,0.390625
44579,-0.1171875,-0.15625,0.400390625,0.4296875
44580,-0.107421875,-0.126953125,0.322265625,0.380859375
44581,-0.09765625,-0.15625,0.3515625,0.1171875
44582,0.185546875,-0.1953125,0.322265625,0.400390625
44583,-0.166015625,-0.087890625,0.17578125,0.341796875
44584,-0.078125,-0.17578125,0.361328125,0.283203125
44585,0.13671875,-0.13671875,0.4296875,0.390625
44586,-0.126953125,-0.13671875,0.2734375,0.4296875
44587,-0.087890625,-0.146484375,0.380859375,0.33203125
44588,-0.087890625,-0.126953125,0.3125,0.37109375
44589,-0.087890625,-0.341796875,0.400390625,0.390625
44590,-0.107421875,-0.1171875,0.46875,0.205078125
44591,-0.029296875,-0.1171875,0.33203125,0.390625
44592,-0.13671875,-0.25390625,0.41015625,0.419921875
44593,-0.107421875,-0.1171875,0.263671875,0.380859375
44594,-0.029296875,-0.078125,0.25390625,0.380859375
44595,-0.048828125,-0.048828125,0.37109375,0.439453125
44596,-0.13671875,-0.1171875,0.390625,0.37109375
44597,-0.17578125,-0.087890625,0.2734375,0.400390625
44598,-0.09765625,-0.0390625,0.3515625,0.37109375
44599,-0.146484375,-0.107421875,0.419921875,0.44921875
44600,-0.1171875,-0.1171875,0.3515625,0.390625
44601,-0.09765625,-0.029296875,0.3125,0.3515625
44602,-0.05859375,-0.126953125,0.361328125,0.439453125
44603,-0.09765625,-0.1171875,0.361328125,0.33203125
44604,-0.107421875,-0.17578125,0.3515625,0.41015625
44605,-0.087890625,-0.166015625,0.419921875,0.46875
44606,-0.126953125,-0.126953125,0.400390625,0.390625
44607,-0.078125,-0.17578125,0.322265625,0.341796875
44608,-0.1171875,-0.13671875,0.322265625,0.439453125
44609,-0.1171875,-0.13671875,0.361328125,0.41015625
44610,-0.13671875,-0.068359375,0.322265625,0.41015625
44611,-0.166015625,-0.146484375,0.380859375,0.5078125
44612,-0.068359375,-0.107421875,0.341796875,0.400390625
44613,-0.126953125,-0.029296875,0.078125,0.41015625
44614,-0.15625,-0.107421875,0.3515625,0.44921875
44615,-0.1171875,-0.078125,0.3515625,0.37109375
44616,-0.107421875,-0.0390625,0.087890625,0.41015625
44617,-0.078125,-0.107421875,0.341796875,0.44921875
44618,-0.126953125,-0.1171875,0.302734375,0.400390625
44619,-0.15625,-0.166015625,0.48828125,0.33203125
44620,-0.146484375,-0.126953125,0.322265625,0.263671875
44621,-0.146484375,-0.068359375,0.33203125,0.361328125
44622,-0.15625,-0.185546875,0.56640625,0.3515625
44623,-0.126953125,-0.107421875,0.3515625,0.263671875
44624,-0.09765625,-0.1171875,0.33203125,0.419921875
44625,-0.087890625,-0.048828125,0.576171875,0.3125
44626,-0.048828125,-0.13671875,0.341796875,0.537109375
44627,-0.087890625,-0.126953125,0.2734375,0.4296875
44628,-0.244140625,-0.13671875,0.205078125,0.390625
44629,-0.1171875,-0.166015625,0.3515625,0.517578125
44630,-0.09765625,-0.1171875,0.37109375,0.52734375
44631,-0.126953125,-0.0390625,0.17578125,0.419921875
44632,-0.029296875,-0.13671875,0.390625,0.478515625
44633,-0.048828125,-0.078125,0.341796875,0.341796875
44634,-0.146484375,-0.146484375,0.37109375,0.322265625
44635,-0.09765625,-0.15625,0.341796875,0.41015625
44636,-0.05859375,-0.126953125,0.322265625,0.400390625
44637,0.078125,-0.1171875,0.380859375,0.400390625
44638,-0.09765625,-0.17578125,0.390625,0.400390625
44639,-0.05859375,-0.205078125,0.33203125,0.4296875
44640,0,-0.087890625,0.537109375,0.3515625
44641,-0.087890625,-0.234375,0.361328125,0.341796875
44642,-0.068359375,-0.078125,0.33203125,0.302734375
44643,-0.244140625,-0.107421875,0.25390625,0.41015625
44644,-0.078125,-0.1953125,0.166015625,0.380859375
44645,-0.078125,-0.166015625,0.361328125,0.703125
44646,-0.283203125,-0.13671875,0.3125,0.4296875
44647,-0.087890625,-0.380859375,0.17578125,0.380859375
44648,-0.048828125,-0.13671875,0.37109375,0.595703125
44649,-0.25390625,-0.1171875,0.341796875,0.341796875
44650,-0.146484375,-0.21484375,0.068359375,0.361328125
44651,-0.078125,-0.13671875,0.390625,0.244140625
44652,0.13671875,-0.107421875,0.341796875,0.341796875
44653,-0.068359375,-0.09765625,0.458984375,0.361328125
44654,-0.1171875,-0.107421875,0.37109375,0.234375
44655,0,-0.15625,0.3515625,0.361328125
44656,-0.107421875,-0.224609375,0.458984375,0.3125
44657,-0.0390625,-0.13671875,0.322265625,0.224609375
44658,-0.048828125,-0.09765625,0.302734375,0.322265625
44659,-0.146484375,-0.146484375,0.361328125,0.4296875
44660,-0.09765625,-0.13671875,0.37109375,0.478515625
44661,-0.087890625,-0.13671875,0.29296875,0.439453125
44662,-0.068359375,-0.1171875,0.3515625,0.3515625
44663,-0.09765625,-0.107421875,0.341796875,0.458984375
44664,-0.078125,-0.146484375,0.302734375,0.380859375
44665,-0.009765625,-0.166015625,0.41015625,0.390625
44666,-0.087890625,-0.15625,0.3125,0.33203125
44667,-0.146484375,-0.126953125,0.37109375,0.3515625
44668,-0.0390625,-0.107421875,0.37109375,0.41015625
44669,-0.087890625,-0.126953125,0.341796875,0.302734375
44670,-0.166015625,-0.09765625,0.37109375,0.41015625
44671,-0.09765625,-0.107421875,0.3515625,0.37109375
44672,-0.0390625,-0.05859375,0.37109375,0.390625
44673,-0.029296875,-0.05859375,0.283203125,0.400390625
44674,-0.087890625,-0.05859375,0.400390625,0.390625
44675,-0.0390625,-0.068359375,0.361328125,0.3515625
44676,-0.05859375,-0.048828125,0.302734375,0.4296875
44677,-0.087890625,-0.126953125,0.390625,0.390625
44678,-0.05859375,-0.1171875,0.341796875,0.44921875
44679,-0.0390625,-0.078125,0.380859375,0.400390625
44680,-0.1171875,-0.068359375,0.4296875,0.380859375
44681,-0.0390625,-0.107421875,0.302734375,0.341796875
44682,-0.0390625,-0.146484375,0.3515625,0.361328125
44683,-0.029296875,-0.1171875,0.3125,0.322265625
44684,-0.048828125,-0.1171875,0.3515625,0.1953125
44685,0.0390625,-0.009765625,0.380859375,0.400390625
44686,-0.0390625,-0.107421875,0.283203125,0.390625
44687,-0.087890625,-0.146484375,0.3515625,0.3125
44688,-0.107421875,-0.126953125,0.341796875,0.41015625
44689,-0.009765625,-0.13671875,0.322265625,0.439453125
44690,-0.107421875,-0.322265625,0.3515625,0.46875
44691,-0.087890625,-0.146484375,0.322265625,0.4296875
44692,-0.0390625,-0.107421875,0.33203125,0.380859375
44693,-0.05859375,-0.390625,0.322265625,0.537109375
44694,-0.078125,-0.13671875,0.33203125,0.390625
44695,-0.029296875,-0.185546875,0.25390625,0.419921875
44696,-0.05859375,-0.302734375,0.3125,0.283203125
44697,-0.009765625,-0.1171875,0.33203125,0.380859375
44698,-0.09765625,-0.05859375,0.41015625,0.478515625
44699,-0.048828125,-0.13671875,0.37109375,0.29296875
44700,-0.0390625,-0.107421875,0.37109375,0.390625
44701,-0.01953125,-0.126953125,0.302734375,0.3125
44702,-0.068359375,-0.048828125,0.546875,0.3125
44703,-0.048828125,0.01953125,0.361328125,0.44921875
44704,-0.05859375,-0.078125,0.2734375,0.37109375
44705,-0.05859375,-0.048828125,0.537109375,0.44921875
44706,-0.01953125,-0.1171875,0.322265625,0.52734375
44707,-0.244140625,-0.1171875,0.33203125,0.390625
44708,-0.087890625,-0.029296875,0.205078125,0.4296875
44709,-0.09765625,-0.09765625,0.302734375,0.52734375
44710,-0.302734375,-0.0390625,0.390625,0.3515625
44711,-0.0390625,-0.01953125,0.146484375,0.4296875
44712,-0.048828125,-0.1171875,0.390625,0.5859375
44713,-0.0390625,-0.146484375,0.341796875,0.400390625
44714,-0.009765625,-0.068359375,0.498046875,0.439453125
44715,-0.1171875,-0.126953125,0.361328125,0.15625
44716,0.048828125,-0.078125,0.322265625,0.380859375
44717,-0.087890625,-0.01953125,0.56640625,0.419921875
44718,-0.0390625,-0.107421875,0.341796875,0.205078125
44719,0.009765625,-0.009765625,0.37109375,0.41015625
44720,-0.048828125,-0.224609375,0.478515625,0.380859375
44721,-0.0390625,-0.078125,0.322265625,0.3125
44722,-0.166015625,-0.1171875,0.37109375,0.322265625
44723,-0.029296875,-0.185546875,0.283203125,0.37109375
44724,-0.1171875,-0.146484375,0.361328125,0.341796875
44725,-0.146484375,-0.05859375,0.400390625,0.41015625
44726,-0.048828125,-0.166015625,0.263671875,0.419921875
44727,-0.0390625,-0.05859375,0.390625,0.234375
44728,-0.048828125,-0.09765625,0.390625,0.41015625
44729,-0.0390625,-0.01953125,0.517578125,0.41015625
44730,-0.048828125,-0.078125,0.380859375,0.48828125
44731,0.029296875,-0.087890625,0.322265625,0.41015625
44732,-0.05859375,0.009765625,0.244140625,0.390625
44733,-0.087890625,-0.078125,0.29296875,0.48828125
44734,-0.01953125,-0.1171875,0.341796875,0.3515625
44735,-0.009765625,-0.234375,0.37109375,0.322265625
44736,-0.087890625,-0.087890625,0.390625,0.25390625
44737,-0.009765625,-0.078125,0.3125,0.400390625
44738,-0.078125,-0.15625,0.48828125,0.458984375
44739,-0.068359375,-0.087890625,0.361328125,0.322265625
44740,-0.05859375,-0.1171875,0.37109375,0.41015625
44741,-0.009765625,-0.185546875,0.517578125,0.390625
44742,-0.0390625,-0.1171875,0.37109375,0.29296875
44743,-0.05859375,-0.126953125,0.3125,0.361328125
44744,-0.078125,-0.048828125,0.244140625,0.37109375
44745,-0.078125,-0.068359375,0.302734375,0.4296875
44746,-0.068359375,-0.05859375,0.33203125,0.322265625
44747,-0.09765625,-0.0390625,0.1953125,0.33203125
44748,0.009765625,-0.1171875,0.361328125,0.517578125
44749,-0.01953125,-0.09765625,0.29296875,0.44921875
44750,0,-0.107421875,0.29296875,0.37109375
44751,-0.087890625,-0.09765625,0.3515625,0.33203125
44752,-0.029296875,-0.078125,0.390625,0.3515625
44753,0.0390625,-0.087890625,0.361328125,0.439453125
44754,-0.09765625,-0.087890625,0.3515625,0.4296875
44755,-0.05859375,-0.078125,0.3515625,0.17578125
44756,0.048828125,-0.087890625,0.390625,0.283203125
44757,-0.087890625,-0.09765625,0.361328125,0.390625
44758,-0.029296875,-0.087890625,0.322265625,0.21484375
44759,0.01953125,-0.1171875,0.439453125,0.2734375
44760,-0.068359375,-0.029296875,0.283203125,0.3515625
44761,-0.029296875,-0.087890625,0.33203125,0.3125
44762,-0.13671875,-0.126953125,0.361328125,0.37109375
44763,-0.01953125,-0.068359375,0.400390625,0.361328125
44764,-0.029296875,-0.15625,0.361328125,0.458984375
44765,-0.33203125,-0.05859375,0.361328125,0.390625
44766,-0.068359375,-0.009765625,0.439453125,0.380859375
44767,-0.009765625,-0.048828125,0.283203125,0.390625
44768,0.029296875,-0.078125,0.361328125,0.4296875
44769,-0.048828125,0.1171875,0.234375,0.439453125
44770,-0.09765625,-0.146484375,0.341796875,0.478515625
44771,-0.048828125,-0.078125,0.322265625,0.390625
44772,-0.029296875,0.126953125,0.244140625,0.390625
44773,-0.01953125,-0.09765625,0.37109375,0.458984375
44774,-0.09765625,-0.13671875,0.41015625,0.37109375
44775,-0.13671875,-0.185546875,0.2734375,0.400390625
44776,0,-0.107421875,0.361328125,0.322265625
44777,-0.048828125,-0.05859375,0.361328125,0.390625
44778,-0.0390625,-0.13671875,0.44921875,0.439453125
44779,-0.009765625,-0.107421875,0.37109375,0.37109375
44780,-0.009765625,-0.13671875,0.3125,0.3515625
44781,-0.078125,-0.185546875,0.341796875,0.361328125
44782,-0.05859375,-0.09765625,0.361328125,0.380859375
44783,0.048828125,-0.1171875,0.302734375,0.41015625
44784,-0.05859375,-0.01953125,0.205078125,0.390625
44785,-0.0390625,-0.087890625,0.361328125,0.44921875
44786,-0.01953125,-0.1171875,0.361328125,0.400390625
44787,-0.0390625,-0.05859375,0.1953125,0.37109375
44788,-0.0390625,-0.078125,0.33203125,0.4296875
44789,0.009765625,-0.107421875,0.3515625,0.380859375
44790,-0.009765625,-0.1171875,0.244140625,0.4296875
44791,-0.166015625,-0.078125,0.37109375,0.5078125
44792,-0.09765625,-0.048828125,0.341796875,0.390625
44793,-0.029296875,-0.048828125,0.380859375,0.322265625
44794,-0.0390625,-0.13671875,0.3515625,0.439453125
44795,-0.05859375,0,0.390625,0.341796875
44796,-0.048828125,-0.05859375,0.33203125,0.380859375
44797,-0.01953125,-0.078125,0.29296875,0.5078125
44798,0.01953125,-0.05859375,0.3515625,0.44921875
44799,-0.048828125,-0.05859375,0.48828125,0.400390625
44800,-0.0390625,-0.078125,0.322265625,0.205078125
44801,0.078125,-0.048828125,0.380859375,0.41015625
44802,0.01953125,-0.09765625,0.44921875,0.361328125
44803,-0.029296875,-0.09765625,0.341796875,0.263671875
44804,0.029296875,-0.087890625,0.361328125,0.37109375
44805,-0.068359375,-0.078125,0.419921875,0.37109375
44806,-0.078125,-0.087890625,0.302734375,0.517578125
44807,-0.09765625,-0.1171875,0.37109375,0.37109375
44808,-0.009765625,-0.09765625,0.244140625,0.380859375
44809,0,0.107421875,0.37109375,0.498046875
44810,-0.048828125,-0.09765625,0.37109375,0.3515625
44811,-0.009765625,-0.078125,0.2734375,0.4296875
44812,-0.05859375,0.185546875,0.37109375,0.52734375
44813,0.0390625,-0.09765625,0.302734375,0.302734375
44814,-0.05859375,-0.13671875,0.37109375,0.4296875
44815,0.009765625,-0.380859375,0.33203125,0.302734375
44816,-0.009765625,-0.078125,0.341796875,0.41015625
44817,-0.146484375,-0.048828125,0.4296875,0.419921875
44818,-0.029296875,-0.302734375,0.498046875,0.302734375
44819,-0.01953125,-0.05859375,0.341796875,0.419921875
44820,-0.13671875,-0.05859375,0.37109375,0.419921875
44821,-0.029296875,-0.33203125,0.546875,0.380859375
44822,-0.009765625,-0.09765625,0.341796875,0.419921875
44823,0.09765625,-0.107421875,0.3515625,0.380859375
44824,-0.048828125,0.13671875,0.205078125,0.361328125
44825,-0.068359375,-0.126953125,0.322265625,0.439453125
44826,0.1953125,-0.15625,0.390625,0.380859375
44827,-0.01953125,0.009765625,0.224609375,0.390625
44828,-0.15625,-0.1171875,0.302734375,0.458984375
44829,0.126953125,-0.1171875,0.2734375,0.341796875
44830,-0.009765625,-0.17578125,0.244140625,0.4296875
44831,-0.078125,-0.09765625,0.322265625,0.25390625
44832,-0.009765625,-0.087890625,0.283203125,0.400390625
44833,-0.048828125,-0.166015625,0.439453125,0.400390625
44834,-0.05859375,-0.078125,0.400390625,0.322265625
44835,-0.146484375,-0.09765625,0.380859375,0.380859375
44836,-0.107421875,-0.166015625,0.546875,0.361328125
44837,-0.009765625,-0.09765625,0.341796875,0.33203125
44838,-0.01953125,-0.09765625,0.380859375,0.41015625
44839,0.048828125,-0.078125,0.29296875,0.361328125
44840,-0.009765625,-0.0390625,0.341796875,0.33203125
44841,-0.087890625,-0.13671875,0.390625,0.341796875
44842,0,-0.146484375,0.263671875,0.33203125
44843,0.01953125,-0.087890625,0.322265625,0.390625
44844,-0.048828125,-0.078125,0.322265625,0.400390625
44845,-0.078125,-0.009765625,0.29296875,0.400390625
44846,-0.0390625,-0.146484375,0.3125,0.46875
44847,-0.05859375,-0.068359375,0.400390625,0.380859375
44848,-0.029296875,-0.009765625,0.21484375,0.41015625
44849,-0.068359375,-0.087890625,0.3125,0.498046875
44850,-0.01953125,-0.146484375,0.3515625,0.3515625
44851,-0.0390625,0.029296875,0.25390625,0.478515625
44852,-0.029296875,-0.078125,0.380859375,0.458984375
44853,0,-0.068359375,0.33203125,0.419921875
44854,-0.01953125,-0.146484375,0.29296875,0.458984375
44855,-0.048828125,-0.029296875,0.322265625,0.244140625
44856,-0.0390625,-0.107421875,0.33203125,0.37109375
44857,0.05859375,-0.146484375,0.419921875,0.41015625
44858,-0.009765625,-0.0390625,0.361328125,0.224609375
44859,-0.01953125,-0.126953125,0.322265625,0.380859375
44860,-0.01953125,-0.087890625,0.341796875,0.37109375
44861,0,-0.048828125,0.361328125,0.41015625
44862,-0.0390625,-0.05859375,0.361328125,0.361328125
44863,-0.068359375,-0.107421875,0.458984375,0.322265625
44864,-0.029296875,-0.107421875,0.380859375,0.419921875
44865,-0.13671875,-0.09765625,0.3515625,0.390625
44866,-0.048828125,-0.068359375,0.380859375,0.37109375
44867,-0.05859375,-0.0390625,0.361328125,0.322265625
44868,-0.0390625,-0.107421875,0.37109375,0.380859375
44869,-0.01953125,-0.087890625,0.234375,0.4296875
44870,-0.0390625,-0.068359375,0.458984375,0.41015625
44871,0.009765625,-0.029296875,0.3515625,0.478515625
44872,-0.087890625,-0.009765625,0.25390625,0.341796875
44873,-0.009765625,-0.05859375,0.33203125,0.400390625
44874,-0.0390625,-0.05859375,0.37109375,0.46875
44875,-0.0390625,-0.126953125,0.3125,0.380859375
44876,-0.029296875,-0.126953125,0.361328125,0.322265625
44877,0,-0.146484375,0.322265625,0.60546875
44878,0.0390625,-0.107421875,0.517578125,0.390625
44879,-0.0390625,-0.224609375,0.46875,0.361328125
44880,-0.0390625,-0.126953125,0.380859375,0.15625
44881,-0.01953125,-0.146484375,0.44921875,0.3125
44882,-0.0390625,-0.244140625,0.419921875,0.341796875
44883,-0.0390625,-0.087890625,0.400390625,0.21484375
44884,0.009765625,-0.13671875,0.3515625,0.380859375
44885,0.029296875,-0.048828125,0.46875,0.37109375
44886,-0.029296875,-0.09765625,0.302734375,0.44921875
44887,0.0390625,-0.087890625,0.361328125,0.390625
44888,-0.0390625,-0.05859375,0.205078125,0.37109375
44889,-0.068359375,-0.09765625,0.33203125,0.498046875
44890,0.166015625,-0.078125,0.33203125,0.361328125
44891,0,0.029296875,0.283203125,0.37109375
44892,-0.05859375,-0.078125,0.3515625,0.52734375
44893,-0.068359375,-0.068359375,0.33203125,0.439453125
44894,-0.009765625,-0.078125,0.37109375,0.390625
44895,-0.029296875,-0.068359375,0.3125,0.283203125
44896,0.0390625,-0.087890625,0.29296875,0.52734375
44897,-0.048828125,-0.17578125,0.361328125,0.419921875
44898,-0.05859375,-0.107421875,0.3515625,0.25390625
44899,0.068359375,-0.107421875,0.3125,0.390625
44900,-0.01953125,-0.009765625,0.44921875,0.3125
44901,-0.01953125,-0.068359375,0.3515625,0.48828125
44902,-0.05859375,-0.087890625,0.361328125,0.361328125
44903,-0.048828125,-0.029296875,0.4296875,0.33203125
44904,0,-0.1171875,0.3125,0.498046875
44905,0.146484375,-0.17578125,0.4296875,0.400390625
44906,-0.0390625,-0.01953125,0.3515625,0.361328125
44907,0.009765625,-0.107421875,0.244140625,0.48828125
44908,-0.078125,-0.078125,0.3125,0.37109375
44909,-0.01953125,-0.126953125,0.234375,0.41015625
44910,-0.009765625,-0.068359375,0.33203125,0.4296875
44911,-0.166015625,-0.068359375,0.341796875,0.400390625
44912,-0.029296875,-0.126953125,0.283203125,0.37109375
44913,-0.029296875,-0.048828125,0.33203125,0.458984375
44914,-0.146484375,-0.087890625,0.322265625,0.341796875
44915,-0.029296875,-0.1171875,0.390625,0.400390625
44916,-0.029296875,-0.078125,0.322265625,0.21484375
44917,0.068359375,-0.087890625,0.33203125,0.29296875
44918,-0.01953125,-0.05859375,0.439453125,0.4296875
44919,-0.029296875,-0.048828125,0.341796875,0.263671875
44920,0.068359375,-0.107421875,0.322265625,0.302734375
44921,-0.029296875,-0.09765625,0.46875,0.341796875
44922,0.048828125,-0.087890625,0.3125,0.1953125
44923,-0.068359375,-0.126953125,0.380859375,0.37109375
44924,-0.13671875,-0.0390625,0.244140625,0.400390625
44925,-0.078125,-0.05859375,0.3125,0.419921875
44926,-0.0390625,-0.09765625,0.302734375,0.37109375
44927,-0.05859375,-0.09765625,0.224609375,0.37109375
44928,-0.05859375,-0.1171875,0.33203125,0.52734375
44929,-0.048828125,-0.13671875,0.3515625,0.419921875
44930,-0.009765625,-0.078125,0.3515625,0.419921875
44931,-0.029296875,-0.078125,0.341796875,0.37109375
44932,-0.068359375,-0.068359375,0.3125,0.41015625
44933,0.009765625,-0.009765625,0.322265625,0.4296875
44934,-0.068359375,0.009765625,0.283203125,0.390625
44935,-0.068359375,-0.078125,0.33203125,0.439453125
44936,-0.009765625,0.009765625,0.33203125,0.29296875
44937,-0.0390625,0.009765625,0.283203125,0.400390625
44938,-0.068359375,-0.09765625,0.3515625,0.361328125
44939,0.01953125,-0.09765625,0.361328125,0.4296875
44940,-0.009765625,0.029296875,0.263671875,0.3515625
44941,0.009765625,-0.048828125,0.37109375,0.21484375
44942,-0.048828125,-0.107421875,0.341796875,0.361328125
44943,-0.01953125,0.01953125,0.2734375,0.3515625
44944,0,-0.09765625,0.41015625,0.15625
44945,-0.0390625,-0.0390625,0.37109375,0.361328125
44946,-0.029296875,0.0390625,0.244140625,0.361328125
44947,-0.087890625,-0.1171875,0.380859375,0.01953125
44948,-0.09765625,-0.0390625,0.283203125,0.3515625
44949,0.048828125,-0.146484375,0.37109375,0.44921875
44950,-0.009765625,-0.068359375,0.302734375,0.4296875
44951,-0.126953125,-0.21484375,0.29296875,0.419921875
44952,-0.048828125,-0.17578125,0.3125,0.458984375
44953,-0.029296875,-0.087890625,0.3125,0.517578125
44954,0.029296875,-0.09765625,0.283203125,0.419921875
44955,-0.078125,-0.107421875,0.302734375,0.380859375
44956,-0.009765625,-0.09765625,0.3515625,0.2734375
44957,0.029296875,-0.048828125,0.37109375,0.380859375
44958,-0.048828125,-0.1171875,0.44921875,0.380859375
44959,-0.029296875,-0.068359375,0.3515625,0.302734375
44960,0.029296875,-0.107421875,0.380859375,0.37109375
44961,-0.048828125,-0.126953125,0.33203125,0.322265625
44962,0.009765625,-0.078125,0.37109375,0.224609375
44963,-0.048828125,-0.126953125,0.380859375,0.361328125
44964,0.048828125,-0.029296875,0.439453125,0.322265625
44965,-0.0390625,-0.01953125,0.3125,0.400390625
44966,-0.166015625,-0.068359375,0.3515625,0.37109375
44967,0.009765625,-0.048828125,0.3515625,0.3125
44968,-0.078125,-0.0390625,0.33203125,0.546875
44969,-0.126953125,-0.048828125,0.3125,0.439453125
44970,-0.009765625,-0.048828125,0.380859375,0.390625
44971,-0.1171875,-0.1171875,0.380859375,0.33203125
44972,0.01953125,-0.107421875,0.322265625,0.33203125
44973,-0.05859375,-0.078125,0.4296875,0.419921875
44974,-0.01953125,-0.087890625,0.390625,0.361328125
44975,0.0390625,-0.1171875,0.3125,0.361328125
44976,-0.009765625,-0.05859375,0.341796875,0.41015625
44977,0.01953125,-0.068359375,0.29296875,0.3515625
44978,0,-0.05859375,0.283203125,0.29296875
44979,-0.087890625,-0.146484375,0.44921875,0.302734375
44980,-0.029296875,-0.078125,0.37109375,0.33203125
44981,0.01953125,-0.029296875,0.37109375,0.33203125
44982,-0.01953125,-0.13671875,0.46875,0.33203125
44983,-0.048828125,-0.068359375,0.3515625,0.2734375
44984,-0.029296875,-0.09765625,0.33203125,0.419921875
44985,-0.0390625,-0.009765625,0.44921875,0.380859375
44986,-0.01953125,-0.078125,0.380859375,0.48828125
44987,0.029296875,-0.09765625,0.341796875,0.380859375
44988,0.01953125,-0.029296875,0.263671875,0.390625
44989,-0.029296875,-0.068359375,0.37109375,0.419921875
44990,-0.078125,-0.09765625,0.341796875,0.46875
44991,0,-0.0390625,0.25390625,0.341796875
44992,-0.0390625,-0.126953125,0.361328125,0.419921875
44993,-0.009765625,-0.107421875,0.3515625,0.595703125
44994,-0.05859375,-0.107421875,0.478515625,0.4296875
44995,-0.048828125,0.029296875,0.37109375,0.341796875
44996,-0.029296875,-0.05859375,0.37109375,0.41015625
44997,0.078125,-0.05859375,0.517578125,0.458984375
44998,0.048828125,0.01953125,0.33203125,0.33203125
44999,-0.029296875,-0.029296875,0.390625,0.439453125
45000,0.15625,-0.087890625,0.41015625,0.380859375
45001,-0.029296875,0,0.3515625,0.361328125
45002,-0.029296875,-0.107421875,0.29296875,0.390625
45003,-0.224609375,-0.126953125,0.380859375,0.380859375
45004,0.009765625,-0.146484375,0.263671875,0.37109375
45005,-0.0390625,-0.078125,0.33203125,0.5078125
45006,-0.263671875,-0.09765625,0.322265625,0.400390625
45007,-0.029296875,-0.068359375,0.146484375,0.37109375
45008,0.01953125,-0.068359375,0.3515625,0.56640625
45009,-0.1953125,-0.048828125,0.29296875,0.341796875
45010,0.01953125,-0.13671875,0.205078125,0.439453125
45011,-0.01953125,-0.09765625,0.380859375,0.25390625
45012,-0.126953125,-0.029296875,0.224609375,0.400390625
45013,-0.01953125,-0.244140625,0.458984375,0.4296875
45014,-0.09765625,-0.107421875,0.341796875,0.2734375
45015,-0.01953125,-0.068359375,0.3125,0.37109375
45016,-0.048828125,-0.029296875,0.52734375,0.224609375
45017,0.009765625,-0.09765625,0.283203125,0.21484375
45018,0.029296875,-0.048828125,0.244140625,0.3515625
45019,-0.029296875,-0.087890625,0.361328125,0.283203125
45020,-0.029296875,-0.09765625,0.322265625,0.517578125
45021,0.15625,-0.087890625,0.380859375,0.341796875
45022,-0.01953125,-0.0390625,0.341796875,0.400390625
45023,0.009765625,-0.13671875,0.41015625,0.46875
45024,-0.087890625,-0.09765625,0.322265625,0.400390625
45025,0.048828125,-0.05859375,0.439453125,0.3515625
45026,-0.01953125,-0.087890625,0.37109375,0.48828125
45027,-0.15625,-0.078125,0.37109375,0.3515625
45028,-0.029296875,-0.01953125,0.263671875,0.3125
45029,-0.068359375,-0.029296875,0.380859375,0.48828125
45030,-0.107421875,-0.078125,0.322265625,0.380859375
45031,-0.029296875,-0.009765625,0.3125,0.390625
45032,0.01953125,-0.09765625,0.322265625,0.48828125
45033,-0.029296875,-0.09765625,0.33203125,0.361328125
45034,0,-0.09765625,0.439453125,0.41015625
45035,-0.068359375,-0.078125,0.322265625,0.322265625
45036,0.029296875,-0.01953125,0.33203125,0.419921875
45037,0.009765625,-0.205078125,0.41015625,0.41015625
45038,-0.0390625,-0.048828125,0.3125,0.341796875
45039,0.01953125,-0.078125,0.390625,0.322265625
45040,-0.01953125,-0.05859375,0.517578125,0.380859375
45041,0.0390625,-0.1171875,0.322265625,0.3125
45042,-0.05859375,-0.05859375,0.41015625,0.458984375
45043,-0.01953125,-0.029296875,0.25390625,0.37109375
45044,0.05859375,-0.078125,0.341796875,0.419921875
45045,0.029296875,-0.1171875,0.3515625,0.361328125
45046,-0.048828125,-0.029296875,0.341796875,0.380859375
45047,-0.029296875,-0.078125,0.390625,0.4296875
45048,-0.05859375,-0.078125,0.3125,0.33203125
45049,-0.029296875,-0.029296875,0.29296875,0.37109375
45050,0,-0.224609375,0.361328125,0.4296875
45051,-0.05859375,-0.078125,0.361328125,0.33203125
45052,-0.009765625,-0.068359375,0.322265625,0.390625
45053,0.029296875,-0.322265625,0.302734375,0.41015625
45054,-0.048828125,-0.087890625,0.390625,0.361328125
45055,-0.0390625,-0.1171875,0.283203125,0.4296875
45056,-0.009765625,-0.2734375,0.283203125,0.322265625
45057,0.01953125,-0.029296875,0.33203125,0.419921875
45058,0.21484375,-0.078125,0.400390625,0.322265625
45059,-0.029296875,-0.068359375,0.322265625,0.380859375
45060,-0.009765625,-0.068359375,0.33203125,0.341796875
45061,0.29296875,-0.087890625,0.400390625,0.419921875
45062,-0.01953125,-0.01953125,0.48828125,0.361328125
45063,-0.009765625,-0.078125,0.37109375,0.41015625
45064,0.21484375,-0.107421875,0.3125,0.3515625
45065,-0.068359375,-0.05859375,0.400390625,0.478515625
45066,-0.029296875,-0.107421875,0.361328125,0.498046875
45067,-0.25390625,-0.068359375,0.322265625,0.380859375
45068,-0.01953125,-0.009765625,0.107421875,0.361328125
45069,-0.087890625,-0.078125,0.380859375,0.556640625
45070,-0.17578125,-0.078125,0.283203125,0.3515625
45071,-0.029296875,0.029296875,0.1953125,0.419921875
45072,-0.01953125,-0.107421875,0.3515625,0.52734375
45073,0.068359375,-0.068359375,0.322265625,0.29296875
45074,-0.05859375,-0.185546875,0.517578125,0.400390625
45075,-0.009765625,-0.048828125,0.341796875,0.09765625
45076,0.146484375,-0.107421875,0.390625,0.361328125
45077,0,-0.15625,0.44921875,0.3515625
45078,-0.01953125,-0.078125,0.33203125,0.224609375
45079,0.068359375,-0.13671875,0.3125,0.400390625
45080,-0.048828125,-0.068359375,0.5078125,0.322265625
45081,0.01953125,-0.05859375,0.3515625,0.439453125
45082,-0.126953125,-0.087890625,0.33203125,0.419921875
45083,-0.01953125,-0.126953125,0.3125,0.361328125
45084,0.009765625,-0.09765625,0.322265625,0.4296875
45085,-0.09765625,-0.068359375,0.3515625,0.390625
45086,-0.01953125,-0.146484375,0.3125,0.46875
45087,-0.029296875,-0.13671875,0.361328125,0.439453125
45088,0.05859375,-0.068359375,0.283203125,0.44921875
45089,-0.048828125,0.029296875,0.1953125,0.380859375
45090,-0.0390625,-0.09765625,0.3515625,0.439453125
45091,0.048828125,-0.048828125,0.283203125,0.33203125
45092,-0.087890625,0.01953125,0.283203125,0.3515625
45093,-0.05859375,-0.068359375,0.37109375,0.48828125
45094,0.048828125,-0.09765625,0.33203125,0.3515625
45095,0.029296875,-0.166015625,0.048828125,0.361328125
45096,0,-0.078125,0.2734375,0.244140625
45097,0.009765625,-0.087890625,0.322265625,0.390625
45098,-0.05859375,-0.17578125,0.439453125,0.361328125
45099,-0.009765625,-0.09765625,0.380859375,0.2734375
45100,-0.068359375,-0.068359375,0.3125,0.361328125
45101,-0.087890625,-0.1953125,0.5859375,0.390625
45102,-0.05859375,-0.009765625,0.33203125,0.322265625
45103,-0.009765625,-0.078125,0.3515625,0.361328125
45104,0.01953125,-0.048828125,0.25390625,0.361328125
45105,-0.009765625,-0.068359375,0.263671875,0.46875
45106,-0.05859375,-0.087890625,0.380859375,0.390625
45107,-0.029296875,-0.0390625,0.15625,0.419921875
45108,-0.009765625,-0.0390625,0.361328125,0.46875
45109,-0.009765625,-0.078125,0.283203125,0.341796875
45110,-0.01953125,-0.05859375,0.205078125,0.419921875
45111,-0.01953125,-0.087890625,0.33203125,0.380859375
45112,-0.01953125,-0.05859375,0.380859375,0.3515625
45113,-0.009765625,-0.078125,0.2734375,0.419921875
45114,0.01953125,-0.107421875,0.3125,0.37109375
45115,-0.01953125,-0.068359375,0.3515625,0.17578125
45116,0.087890625,-0.05859375,0.341796875,0.41015625
45117,-0.01953125,-0.048828125,0.361328125,0.302734375
45118,-0.01953125,-0.078125,0.400390625,0.205078125
45119,0.126953125,-0.1171875,0.322265625,0.400390625
45120,-0.029296875,0.009765625,0.37109375,0.380859375
45121,-0.029296875,-0.05859375,0.322265625,0.517578125
45122,-0.1171875,-0.126953125,0.37109375,0.380859375
45123,-0.01953125,-0.068359375,0.3125,0.419921875
45124,0.0390625,-0.087890625,0.37109375,0.3515625
45125,-0.1953125,-0.048828125,0.37109375,0.361328125
45126,-0.048828125,-0.01953125,0.263671875,0.419921875
45127,-0.068359375,-0.1171875,0.341796875,0.419921875
45128,0.009765625,-0.0390625,0.263671875,0.400390625
45129,-0.01953125,0.21484375,0.17578125,0.458984375
45130,-0.0390625,-0.107421875,0.400390625,0.3515625
45131,0.15625,-0.05859375,0.302734375,0.44921875
45132,-0.01953125,0.13671875,0.17578125,0.44921875
45133,0.009765625,-0.068359375,0.341796875,0.41015625
45134,0.166015625,-0.087890625,0.2734375,0.37109375
45135,-0.029296875,-0.244140625,0.185546875,0.361328125
45136,-0.009765625,-0.009765625,0.302734375,0.2734375
45137,-0.01953125,-0.029296875,0.322265625,0.361328125
45138,-0.0390625,-0.322265625,0.6640625,0.390625
45139,0.01953125,-0.05859375,0.341796875,0.361328125
45140,0.048828125,-0.126953125,0.322265625,0.361328125
45141,-0.01953125,-0.302734375,0.537109375,0.33203125
45142,-0.029296875,-0.1171875,0.33203125,0.3125
45143,-0.09765625,-0.09765625,0.3515625,0.380859375
45144,-0.01953125,0.09765625,0.224609375,0.390625
45145,-0.05859375,-0.107421875,0.390625,0.33203125
45146,-0.126953125,-0.05859375,0.400390625,0.302734375
45147,-0.1171875,0.107421875,0.33203125,0.380859375
45148,-0.048828125,-0.087890625,0.341796875,0.33203125
45149,-0.17578125,-0.029296875,0.29296875,0.439453125
45150,0.009765625,-0.107421875,0.13671875,0.37109375
45151,0.068359375,-0.107421875,0.33203125,0.478515625
45152,0.087890625,0,0.302734375,0.322265625
45153,-0.0390625,-0.107421875,0.400390625,0.361328125
45154,0,-0.05859375,0.302734375,0.48828125
45155,-0.0390625,-0.09765625,0.37109375,0.37109375
45156,-0.078125,-0.146484375,0.41015625,0.37109375
45157,-0.078125,-0.13671875,0.361328125,0.4296875
45158,0.009765625,-0.087890625,0.390625,0.380859375
45159,-0.0390625,-0.05859375,0.400390625,0.3125
45160,-0.029296875,-0.0390625,0.400390625,0.166015625
45161,0.009765625,-0.09765625,0.380859375,0.41015625
45162,-0.0390625,-0.048828125,0.361328125,0.3515625
45163,0,-0.107421875,0.33203125,0.2734375
45164,0.009765625,-0.068359375,0.361328125,0.400390625
45165,-0.009765625,-0.01953125,0.263671875,0.37109375
45166,-0.029296875,-0.078125,0.341796875,0.48828125
45167,-0.078125,-0.068359375,0.33203125,0.361328125
45168,0,-0.068359375,0.29296875,0.400390625
45169,-0.0390625,0.15625,0.3125,0.48828125
45170,-0.078125,-0.0390625,0.33203125,0.419921875
45171,-0.029296875,-0.0390625,0.2734375,0.33203125
45172,-0.09765625,0.1953125,0.33203125,0.419921875
45173,-0.048828125,-0.05859375,0.29296875,0.390625
45174,-0.029296875,-0.078125,0.33203125,0.263671875
45175,-0.029296875,-0.380859375,0.419921875,0.25390625
45176,0.009765625,-0.0390625,0.361328125,0.361328125
45177,-0.224609375,-0.107421875,0.37109375,0.380859375
45178,0.009765625,-0.33203125,0.576171875,0.29296875
45179,-0.0390625,-0.126953125,0.400390625,0.390625
45180,-0.078125,-0.126953125,0.41015625,0.390625
45181,-0.01953125,-0.400390625,0.439453125,0.37109375
45182,0.048828125,-0.05859375,0.400390625,0.419921875
45183,0.05859375,-0.0390625,0.341796875,0.302734375
45184,0.01953125,0.05859375,0.205078125,0.41015625
45185,0.107421875,-0.01953125,0.3515625,0.76171875
45186,0.078125,-0.048828125,0.380859375,0.37109375
45187,-0.048828125,0.1171875,0.234375,0.380859375
45188,-0.09765625,-0.048828125,0.302734375,0.615234375
45189,-0.107421875,-0.048828125,0.322265625,0.302734375
45190,-0.029296875,-0.009765625,0.146484375,0.419921875
45191,-0.078125,-0.078125,0.322265625,0.3125
45192,0.0390625,-0.01953125,0.361328125,0.33203125
45193,0.009765625,-0.05859375,0.4296875,0.4296875
45194,-0.048828125,-0.068359375,0.341796875,0.41015625
45195,-0.01953125,-0.078125,0.3515625,0.400390625
45196,0.087890625,-0.078125,0.48828125,0.37109375
45197,-0.01953125,-0.029296875,0.341796875,0.283203125
45198,0.09765625,-0.107421875,0.380859375,0.400390625
45199,-0.1171875,-0.15625,0.3125,0.3125
45200,-0.009765625,-0.048828125,0.37109375,0.2734375
45201,-0.0390625,-0.126953125,0.400390625,0.3125
45202,-0.009765625,-0.185546875,0.283203125,0.341796875
45203,-0.0390625,-0.0390625,0.3515625,0.25390625
45204,-0.029296875,-0.068359375,0.361328125,0.400390625
45205,-0.029296875,0,0.3125,0.3515625
45206,0,-0.09765625,0.380859375,0.576171875
45207,-0.1171875,-0.0390625,0.3515625,0.400390625
45208,-0.0390625,0.05859375,0.48828125,0.419921875
45209,0.01953125,-0.09765625,0.322265625,0.56640625
45210,-0.068359375,-0.078125,0.37109375,0.33203125
45211,-0.048828125,-0.01953125,0.2734375,0.4296875
45212,-0.009765625,-0.09765625,0.322265625,0.56640625
45213,0.05859375,-0.01953125,0.3515625,0.361328125
45214,-0.009765625,-0.17578125,0.46875,0.478515625
45215,-0.029296875,-0.029296875,0.37109375,0.1953125
45216,0.078125,-0.05859375,0.3515625,0.390625
45217,0.068359375,-0.185546875,0.458984375,0.419921875
45218,0.029296875,-0.0390625,0.29296875,0.17578125
45219,0.029296875,-0.087890625,0.419921875,0.419921875
45220,0.009765625,-0.05859375,0.439453125,0.3515625
45221,0.01953125,-0.09765625,0.283203125,0.4296875
45222,-0.01953125,-0.068359375,0.400390625,0.390625
45223,0,-0.0390625,0.244140625,0.37109375
45224,-0.029296875,-0.0390625,0.361328125,0.46875
45225,-0.0390625,-0.078125,0.380859375,0.33203125
45226,-0.01953125,-0.01953125,0.263671875,0.361328125
45227,0.01953125,-0.087890625,0.37109375,0.4296875
45228,-0.087890625,-0.048828125,0.380859375,0.419921875
45229,0,-0.078125,0.341796875,0.390625
45230,-0.029296875,-0.126953125,0.341796875,0.41015625
45231,-0.068359375,-0.078125,0.3515625,0.44921875
45232,-0.09765625,-0.05859375,0.302734375,0.390625
45233,0.01953125,-0.078125,0.322265625,0.46875
45234,-0.068359375,-0.068359375,0.361328125,0.46875
45235,-0.09765625,-0.09765625,0.33203125,0.361328125
45236,-0.029296875,-0.048828125,0.341796875,0.361328125
45237,0.029296875,-0.09765625,0.263671875,0.4296875
45238,0.1171875,-0.107421875,0.33203125,0.37109375
45239,-0.05859375,-0.234375,0.302734375,0.37109375
45240,0.029296875,-0.107421875,0.390625,0
45241,0.087890625,-0.126953125,0.419921875,0.37109375
45242,0.048828125,-0.263671875,0.390625,0.400390625
45243,0.009765625,-0.1171875,0.37109375,-0.029296875
45244,0.17578125,-0.05859375,0.33203125,0.33203125
45245,-0.048828125,0.205078125,0.390625,0.390625
45246,-0.01953125,-0.068359375,0.400390625,0.546875
45247,-0.166015625,-0.107421875,0.3125,0.390625
45248,-0.009765625,0.185546875,0.263671875,0.390625
45249,-0.126953125,-0.078125,0.361328125,0.595703125
45250,-0.234375,-0.029296875,0.3515625,0.380859375
45251,-0.009765625,0.13671875,0.21484375,0.4296875
45252,-0.0390625,-0.05859375,0.33203125,0.556640625
45253,0.126953125,-0.0390625,0.3125,0.419921875
45254,-0.05859375,-0.224609375,0.41015625,0.439453125
45255,0.009765625,-0.078125,0.322265625,0.322265625
45256,0.126953125,-0.029296875,0.361328125,0.400390625
45257,-0.029296875,-0.3125,0.48828125,0.458984375
45258,-0.01953125,-0.087890625,0.361328125,0.185546875
45259,0.09765625,-0.185546875,0.390625,0.390625
45260,-0.009765625,0.087890625,0.52734375,0.302734375
45261,0.01953125,-0.068359375,0.3515625,0.48828125
45262,-0.01953125,-0.078125,0.419921875,0.380859375
45263,-0.05859375,0.107421875,0.166015625,0.29296875
45264,-0.0390625,-0.126953125,0.341796875,0.4296875
45265,0.009765625,-0.029296875,0.41015625,0.390625
45266,-0.01953125,0.09765625,0.146484375,0.390625
45267,-0.029296875,-0.029296875,0.361328125,0.419921875
45268,-0.078125,-0.068359375,0.322265625,0.361328125
45269,0.009765625,-0.146484375,0.3515625,0.4296875
45270,-0.05859375,-0.078125,0.3515625,0.478515625
45271,-0.126953125,-0.0390625,0.361328125,0.400390625
45272,-0.048828125,-0.1171875,0.3125,0.3515625
45273,-0.01953125,-0.068359375,0.322265625,0.52734375
45274,-0.1171875,-0.05859375,0.3125,0.419921875
45275,0.009765625,-0.126953125,0.29296875,0.37109375
45276,0.029296875,-0.0390625,0.283203125,0.263671875
45277,-0.009765625,-0.029296875,0.33203125,0.41015625
45278,0.05859375,-0.068359375,0.5078125,0.44921875
45279,-0.029296875,-0.078125,0.33203125,0.17578125
45280,0.01953125,-0.048828125,0.341796875,0.390625
45281,-0.0390625,-0.078125,0.478515625,0.3515625
45282,0.0390625,-0.05859375,0.400390625,0.234375
45283,-0.009765625,-0.107421875,0.33203125,0.37109375
45284,-0.048828125,0.01953125,0.224609375,0.3515625
45285,0.0390625,-0.048828125,0.3515625,0.5078125
45286,-0.0390625,-0.05859375,0.322265625,0.37109375
45287,0,-0.05859375,0.3125,0.361328125
45288,-0.029296875,0,0.37109375,0.46875
45289,-0.078125,-0.05859375,0.341796875,0.400390625
45290,-0.0390625,-0.05859375,0.234375,0.37109375
45291,-0.078125,-0.068359375,0.361328125,0.380859375
45292,-0.0390625,-0.0390625,0.302734375,0.478515625
45293,-0.078125,-0.05859375,0.322265625,0.400390625
45294,-0.126953125,0.09765625,0.09765625,0.380859375
45295,-0.0390625,-0.068359375,0.33203125,0.400390625
45296,-0.048828125,0.01953125,0.33203125,0.41015625
45297,-0.078125,-0.048828125,0.078125,0.341796875
45298,0.048828125,-0.0390625,0.341796875,0.4296875
45299,-0.087890625,-0.05859375,0.41015625,0.37109375
45300,0.0390625,-0.05859375,0.21484375,0.380859375
45301,-0.01953125,-0.048828125,0.341796875,0.09765625
45302,0.1953125,-0.1171875,0.400390625,0.341796875
45303,-0.009765625,-0.029296875,0.341796875,0.380859375
45304,0.029296875,-0.166015625,0.380859375,0.3125
45305,0.17578125,-0.009765625,0.380859375,0.380859375
45306,-0.01953125,0.0390625,0.29296875,0.380859375
45307,-0.048828125,-0.068359375,0.361328125,0.234375
45308,-0.205078125,-0.0390625,0.25390625,0.439453125
45309,-0.029296875,-0.1171875,0.263671875,0.4296875
45310,-0.01953125,-0.1171875,0.341796875,0.595703125
45311,-0.205078125,-0.01953125,0.263671875,0.380859375
45312,-0.009765625,-0.09765625,0.3125,0.419921875
45313,0,-0.068359375,0.341796875,0.48828125
45314,-0.1953125,-0.068359375,0.33203125,0.3515625
45315,-0.078125,-0.185546875,0.263671875,0.3515625
45316,-0.009765625,-0.087890625,0.302734375,0.15625
45317,0.17578125,-0.009765625,0.3515625,0.37109375
45318,-0.078125,-0.166015625,0.4296875,0.33203125
45319,-0.1171875,-0.107421875,0.3515625,0.185546875
45320,0.185546875,-0.068359375,0.341796875,0.361328125
45321,-0.029296875,-0.205078125,0.419921875,0.4296875
45322,0.048828125,-0.048828125,0.361328125,0.087890625
45323,-0.1171875,-0.048828125,0.419921875,0.37109375
45324,0.009765625,0.1171875,0.126953125,0.322265625
45325,-0.01953125,-0.05859375,0.380859375,0.5859375
45326,-0.1953125,-0.078125,0.341796875,0.37109375
45327,-0.0390625,0.078125,0.05859375,0.361328125
45328,-0.0390625,-0.068359375,0.33203125,0.60546875
45329,-0.234375,-0.048828125,0.341796875,0.380859375
45330,0.009765625,-0.1171875,0.146484375,0.439453125
45331,-0.068359375,-0.107421875,0.322265625,0.234375
45332,0.068359375,-0.05859375,0.322265625,0.41015625
45333,0.01953125,-0.009765625,0.3515625,0.419921875
45334,0.009765625,-0.078125,0.341796875,0.224609375
45335,0.068359375,-0.107421875,0.29296875,0.419921875
45336,0,-0.05859375,0.37109375,0.380859375
45337,0.009765625,-0.078125,0.283203125,0.185546875
45338,-0.0390625,-0.068359375,0.341796875,0.400390625
45339,-0.068359375,-0.15625,0.5078125,0.3125
45340,0.009765625,-0.05859375,0.341796875,0.390625
45341,-0.009765625,0,0.341796875,0.3125
45342,-0.029296875,-0.13671875,0.380859375,0.390625
45343,0.009765625,-0.029296875,0.33203125,0.390625
45344,0,-0.0390625,0.41015625,0.37109375
45345,-0.048828125,0.009765625,0.478515625,0.341796875
45346,0,-0.01953125,0.361328125,0.380859375
45347,-0.029296875,-0.078125,0.302734375,0.361328125
45348,-0.029296875,-0.05859375,0.322265625,0.361328125
45349,0.029296875,-0.078125,0.3125,0.400390625
45350,-0.029296875,-0.029296875,0.361328125,0.37109375
45351,0,-0.01953125,0.25390625,0.400390625
45352,0.068359375,-0.05859375,0.3515625,0.458984375
45353,-0.009765625,-0.048828125,0.302734375,0.4296875
45354,-0.009765625,-0.05859375,0.390625,0.400390625
45355,-0.068359375,0.048828125,0.29296875,0.400390625
45356,-0.09765625,-0.05859375,0.33203125,0.322265625
45357,0.166015625,-0.09765625,0.361328125,0.46875
45358,0.068359375,0.009765625,0.37109375,0.341796875
45359,-0.01953125,-0.068359375,0.33203125,0.33203125
45360,0.25390625,-0.078125,0.41015625,0.380859375
45361,0,-0.0390625,0.33203125,0.390625
45362,0.05859375,-0.029296875,0.3515625,0.439453125
45363,0.068359375,-0.029296875,0.3125,0.390625
45364,-0.0390625,-0.244140625,0.380859375,0.361328125
45365,0,-0.0390625,0.361328125,0.419921875
45366,-0.01953125,-0.048828125,0.3515625,0.3515625
45367,-0.05859375,-0.078125,0.419921875,0.33203125
45368,-0.01953125,-0.068359375,0.390625,0.56640625
45369,-0.068359375,-0.029296875,0.3125,0.33203125
45370,-0.029296875,-0.13671875,0.390625,0.439453125
45371,-0.068359375,-0.068359375,0.380859375,0.2734375
45372,0.068359375,-0.0390625,0.3515625,0.4296875
45373,0,-0.1953125,0.380859375,0.4296875
45374,-0.068359375,-0.048828125,0.322265625,0.2734375
45375,-0.09765625,-0.068359375,0.302734375,0.37109375
45376,0,-0.048828125,0.3515625,0.361328125
45377,0.01953125,-0.05859375,0.361328125,0.21484375
45378,0.09765625,-0.15625,0.41015625,0.41015625
45379,-0.09765625,-0.126953125,0.458984375,0.33203125
45380,-0.029296875,-0.048828125,0.41015625,0.4296875
45381,0.0390625,-0.107421875,0.361328125,0.41015625
45382,-0.029296875,-0.01953125,0.517578125,0.3125
45383,-0.068359375,-0.05859375,0.341796875,0.458984375
45384,0.1171875,-0.048828125,0.29296875,0.4296875
45385,-0.009765625,-0.0390625,0.6640625,0.458984375
45386,-0.009765625,-0.107421875,0.37109375,0.517578125
45387,-0.1171875,-0.068359375,0.322265625,0.361328125
45388,0.029296875,0.009765625,0.09765625,0.419921875
45389,-0.05859375,-0.087890625,0.33203125,0.4296875
45390,-0.107421875,-0.01953125,0.29296875,0.37109375
45391,-0.01953125,-0.05859375,0.107421875,0.380859375
45392,0.0390625,-0.0390625,0.37109375,0.46875
45393,0.107421875,-0.078125,0.2734375,0.400390625
45394,0.01953125,-0.17578125,0.48828125,0.380859375
45395,-0.078125,-0.09765625,0.322265625,0.244140625
45396,0.09765625,-0.029296875,0.3515625,0.361328125
45397,-0.009765625,-0.1171875,0.52734375,0.361328125
45398,-0.107421875,-0.05859375,0.390625,0.224609375
45399,0.05859375,-0.087890625,0.5078125,0.33203125
45400,0.01953125,-0.078125,0.5078125,0.33203125
45401,0.009765625,-0.078125,0.322265625,0.5078125
45402,-0.05859375,-0.126953125,0.419921875,0.458984375
45403,-0.009765625,-0.01953125,0.25390625,0.29296875
45404,-0.048828125,-0.09765625,0.380859375,0.5078125
45405,0.048828125,-0.09765625,0.37109375,0.380859375
45406,0,-0.05859375,0.302734375,0.380859375
45407,-0.009765625,-0.107421875,0.341796875,0.5078125
45408,-0.048828125,-0.05859375,0.33203125,0.380859375
45409,0,-0.078125,0.400390625,0.419921875
45410,-0.009765625,-0.009765625,0.37109375,0.361328125
45411,-0.048828125,-0.068359375,0.302734375,0.3515625
45412,-0.0390625,-0.048828125,0.341796875,0.400390625
45413,-0.0390625,-0.0390625,0.302734375,0.37109375
45414,-0.0390625,-0.068359375,0.29296875,0.400390625
45415,0,-0.05859375,0.302734375,0.380859375
45416,-0.029296875,-0.15625,0.2734375,0.37109375
45417,0.048828125,-0.048828125,0.341796875,0.341796875
45418,0.01953125,-0.146484375,0.380859375,0.41015625
45419,0.009765625,-0.1953125,0.4296875,0.322265625
45420,-0.009765625,-0.087890625,0.283203125,0.17578125
45421,-0.0390625,-0.107421875,0.341796875,0.390625
45422,-0.01953125,-0.05859375,0.5859375,0.33203125
45423,0.01953125,-0.009765625,0.390625,0.166015625
45424,0.146484375,-0.09765625,0.322265625,0.29296875
45425,0.0390625,0.01953125,0.498046875,0.390625
45426,0,-0.068359375,0.361328125,0.4296875
45427,-0.234375,-0.029296875,0.361328125,0.380859375
45428,-0.0390625,0.13671875,0.15625,0.400390625
45429,-0.0390625,-0.0390625,0.341796875,0.390625
45430,-0.341796875,0.009765625,0.2734375,0.341796875
45431,0.009765625,0.13671875,0.078125,0.400390625
45432,-0.029296875,-0.078125,0.33203125,0.3515625
45433,0.322265625,-0.078125,0.29296875,0.361328125
45434,-0.029296875,-0.263671875,0.576171875,0.400390625
45435,0.0390625,-0.078125,0.33203125,0.263671875
45436,0.29296875,-0.05859375,0.361328125,0.361328125
45437,-0.009765625,-0.234375,0.5078125,0.400390625
45438,0.029296875,-0.068359375,0.361328125,0.21484375
45439,0.283203125,-0.205078125,0.400390625,0.361328125
45440,-0.05859375,-0.068359375,0.458984375,0.341796875
45441,-0.0390625,0.009765625,0.37109375,0.537109375
45442,-0.224609375,-0.05859375,0.439453125,0.37109375
45443,-0.05859375,0.009765625,0.48828125,0.341796875
45444,0.01953125,-0.068359375,0.361328125,0.546875
45445,-0.1171875,0,0.3515625,0.361328125
45446,-0.029296875,0,0.390625,0.400390625
45447,0,0.009765625,0.341796875,0.5078125
45448,0.048828125,-0.05859375,0.341796875,0.458984375
45449,0.01953125,-0.068359375,0.283203125,0.390625
45450,-0.029296875,-0.05859375,0.400390625,0.439453125
45451,0.029296875,-0.078125,0.25390625,0.419921875
45452,-0.009765625,-0.068359375,0.146484375,0.41015625
45453,-0.068359375,-0.068359375,0.361328125,0.361328125
45454,0.078125,-0.126953125,0.322265625,0.41015625
45455,0.009765625,-0.126953125,0.205078125,0.341796875
45456,0.029296875,-0.05859375,0.341796875,0.2734375
45457,-0.029296875,-0.0390625,0.3515625,0.419921875
45458,-0.009765625,-0.107421875,0.52734375,0.380859375
45459,-0.0390625,-0.078125,0.322265625,0.283203125
45460,-0.009765625,-0.048828125,0.37109375,0.400390625
45461,0.048828125,-0.185546875,0.48828125,0.3515625
45462,-0.009765625,-0.048828125,0.380859375,0.283203125
45463,-0.048828125,-0.048828125,0.3125,0.390625
45464,-0.087890625,-0.009765625,0.234375,0.41015625
45465,0,-0.05859375,0.341796875,0.46875
45466,0,-0.087890625,0.44921875,0.3125
45467,-0.048828125,-0.01953125,0.244140625,0.390625
45468,0.009765625,-0.1171875,0.341796875,0.400390625
45469,0,-0.048828125,0.29296875,0.3515625
45470,-0.0390625,-0.09765625,0.2734375,0.37109375
45471,-0.0390625,-0.068359375,0.2734375,0.341796875
45472,-0.068359375,-0.029296875,0.283203125,0.400390625
45473,0.1953125,-0.078125,0.41015625,0.361328125
45474,-0.05859375,0.0390625,0.3515625,0.361328125
45475,-0.05859375,-0.09765625,0.33203125,0.390625
45476,0.1171875,-0.009765625,0.400390625,0.361328125
45477,-0.029296875,0,0.302734375,0.322265625
45478,0.05859375,-0.078125,0.3515625,0.2734375
45479,0.21484375,-0.107421875,0.3515625,0.322265625
45480,-0.087890625,-0.126953125,0.25390625,0.3515625
45481,0.05859375,-0.05859375,0.322265625,0.439453125
45482,-0.01953125,-0.146484375,0.2734375,0.341796875
45483,-0.05859375,-0.05859375,0.3125,0.37109375
45484,0.029296875,-0.078125,0.361328125,0.37109375
45485,-0.166015625,-0.0390625,0.341796875,0.37109375
45486,-0.009765625,0.048828125,0.390625,0.41015625
45487,-0.01953125,-0.078125,0.341796875,0.556640625
45488,-0.107421875,-0.01953125,0.361328125,0.380859375
45489,-0.009765625,0.146484375,0.166015625,0.498046875
45490,-0.048828125,-0.048828125,0.3515625,0.419921875
45491,-0.13671875,0.009765625,0.3125,0.419921875
45492,-0.01953125,0.205078125,0.1953125,0.33203125
45493,-0.009765625,-0.068359375,0.400390625,0.44921875
45494,-0.17578125,-0.087890625,0.302734375,0.400390625
45495,-0.05859375,-0.29296875,0.234375,0.3515625
45496,0.01953125,-0.068359375,0.380859375,0.224609375
45497,0.146484375,-0.029296875,0.341796875,0.37109375
45498,-0.0390625,-0.322265625,0.712890625,0.302734375
45499,0,0,0.3515625,0.33203125
45500,0.1171875,-0.029296875,0.390625,0.400390625
45501,0.009765625,-0.244140625,0.46875,0.3515625
45502,-0.009765625,-0.078125,0.419921875,0.25390625
45503,-0.107421875,-0.1171875,0.33203125,0.37109375
45504,-0.01953125,0.15625,0.1171875,0.361328125
45505,0.087890625,-0.078125,0.361328125,0.52734375
45506,-0.146484375,-0.09765625,0.419921875,0.33203125
45507,-0.01953125,0.1171875,0.107421875,0.380859375
45508,0.01953125,-0.05859375,0.3515625,0.517578125
45509,-0.185546875,-0.068359375,0.400390625,0.37109375
45510,-0.0390625,-0.166015625,0.078125,0.390625
45511,0.01953125,-0.078125,0.390625,0.302734375
45512,0.05859375,-0.029296875,0.3515625,0.380859375
45513,-0.01953125,-0.224609375,0.546875,0.41015625
45514,-0.009765625,-0.0390625,0.322265625,0.3125
45515,-0.009765625,-0.107421875,0.2734375,0.390625
45516,-0.068359375,-0.146484375,0.56640625,0.41015625
45517,-0.01953125,-0.048828125,0.29296875,0.3125
45518,-0.029296875,-0.078125,0.400390625,0.361328125
45519,-0.068359375,-0.048828125,0.263671875,0.390625
45520,0.009765625,0,0.3515625,0.439453125
45521,-0.009765625,0.029296875,0.419921875,0.4296875
45522,0.01953125,-0.009765625,0.283203125,0.400390625
45523,-0.0390625,-0.0390625,0.341796875,0.390625
45524,-0.048828125,-0.1171875,0.361328125,0.37109375
45525,0.01953125,-0.107421875,0.400390625,0.400390625
45526,0.009765625,-0.087890625,0.322265625,0.46875
45527,-0.029296875,-0.09765625,0.3125,0.400390625
45528,-0.048828125,0,0.33203125,0.361328125
45529,0.009765625,0.09765625,0.322265625,0.46875
45530,-0.068359375,-0.05859375,0.361328125,0.361328125
45531,-0.01953125,0.009765625,0.25390625,0.44921875
45532,0.009765625,0.029296875,0.361328125,0.41015625
45533,0.009765625,-0.05859375,0.2734375,0.37109375
45534,-0.029296875,-0.078125,0.3125,0.283203125
45535,-0.0390625,-0.302734375,0.3515625,0.41015625
45536,0.05859375,-0.048828125,0.302734375,0.361328125
45537,0.13671875,-0.048828125,0.341796875,0.400390625
45538,0.0390625,-0.419921875,0.48828125,0.302734375
45539,-0.029296875,-0.068359375,0.341796875,0.361328125
45540,0.078125,-0.087890625,0.380859375,0.361328125
45541,-0.048828125,-0.41015625,0.52734375,0.3515625
45542,0.029296875,-0.068359375,0.3515625,0.361328125
45543,-0.17578125,-0.126953125,0.322265625,0.37109375
45544,-0.009765625,0,0.244140625,0.361328125
45545,-0.068359375,-0.1171875,0.361328125,0.8203125
45546,0,-0.09765625,0.302734375,0.380859375
45547,-0.01953125,0.009765625,0.234375,0.3515625
45548,-0.029296875,-0.05859375,0.322265625,0.56640625
45549,-0.0390625,-0.01953125,0.29296875,0.302734375
45550,-0.029296875,-0.166015625,0.185546875,0.37109375
45551,-0.048828125,-0.068359375,0.302734375,0.439453125
45552,0.0390625,-0.048828125,0.3515625,0.341796875
45553,-0.029296875,-0.166015625,0.46875,0.419921875
45554,-0.0390625,-0.068359375,0.244140625,0.29296875
45555,0.0390625,-0.107421875,0.25390625,0.390625
45556,-0.05859375,-0.01953125,0.4296875,0.400390625
45557,-0.009765625,-0.078125,0.3515625,0.3515625
45558,-0.048828125,-0.048828125,0.439453125,0.37109375
45559,-0.029296875,-0.166015625,0.400390625,0.3125
45560,0.01953125,-0.087890625,0.3515625,0.146484375
45561,-0.01953125,-0.05859375,0.4296875,0.400390625
45562,-0.01953125,-0.107421875,0.341796875,0.390625
45563,0.029296875,-0.068359375,0.380859375,0.13671875
45564,-0.09765625,-0.09765625,0.33203125,0.400390625
45565,0.126953125,0.087890625,0.3515625,0.37109375
45566,-0.029296875,0,0.380859375,0.537109375
45567,-0.0390625,-0.05859375,0.29296875,0.3515625
45568,-0.0390625,0.029296875,0.146484375,0.41015625
45569,0.009765625,-0.068359375,0.341796875,0.634765625
45570,0,-0.029296875,0.33203125,0.390625
45571,0.05859375,0.107421875,0.185546875,0.3515625
45572,-0.068359375,-0.068359375,0.283203125,0.625
45573,0.009765625,-0.029296875,0.33203125,0.361328125
45574,-0.048828125,-0.1171875,0.458984375,0.380859375
45575,-0.087890625,-0.068359375,0.33203125,0.205078125
45576,0.0390625,-0.048828125,0.33203125,0.390625
45577,-0.01953125,-0.205078125,0.56640625,0.419921875
45578,0.048828125,-0.068359375,0.390625,0.068359375
45579,0.029296875,-0.087890625,0.400390625,0.302734375
45580,-0.029296875,-0.068359375,0.56640625,0.302734375
45581,0,-0.029296875,0.3515625,0.517578125
45582,-0.009765625,0.01953125,0.400390625,0.3125
45583,-0.029296875,-0.087890625,0.322265625,0.3125
45584,0.048828125,-0.078125,0.390625,0.52734375
45585,-0.087890625,-0.087890625,0.380859375,0.3125
45586,-0.009765625,-0.01953125,0.205078125,0.37109375
45587,0.009765625,-0.1171875,0.33203125,0.5078125
45588,-0.029296875,-0.048828125,0.361328125,0.400390625
45589,0.029296875,-0.029296875,0.390625,0.400390625
45590,-0.0390625,0.009765625,0.33203125,0.390625
45591,-0.029296875,-0.068359375,0.33203125,0.3515625
45592,-0.05859375,0,0.341796875,0.419921875
45593,-0.048828125,-0.05859375,0.361328125,0.41015625
45594,-0.068359375,-0.078125,0.361328125,0.419921875
45595,-0.146484375,-0.09765625,0.3515625,0.37109375
45596,-0.01953125,-0.1171875,0.341796875,0.361328125
45597,0.01953125,-0.048828125,0.3515625,0.4296875
45598,0.1953125,-0.078125,0.3515625,0.380859375
45599,0,-0.322265625,0.33203125,0.33203125
45600,-0.0390625,-0.087890625,0.3125,0.224609375
45601,0.048828125,-0.1171875,0.419921875,0.33203125
45602,0.01953125,-0.341796875,0.341796875,0.380859375
45603,-0.0390625,0.009765625,0.33203125,0.0390625
45604,0.21484375,-0.029296875,0.361328125,0.37109375
45605,0.009765625,0.380859375,0.283203125,0.37109375
45606,-0.0390625,-0.078125,0.390625,0.693359375
45607,-0.25390625,0.01953125,0.263671875,0.37109375
45608,-0.0390625,0.380859375,0.166015625,0.44921875
45609,-0.0390625,-0.01953125,0.283203125,0.64453125
45610,-0.009765625,-0.078125,0.3515625,0.37109375
45611,-0.048828125,0.341796875,0.1953125,0.419921875
45612,-0.029296875,-0.029296875,0.302734375,0.595703125
45613,0.126953125,-0.01953125,0.302734375,0.37109375
45614,-0.029296875,-0.3125,0.654296875,0.41015625
45615,-0.068359375,-0.05859375,0.302734375,0.263671875
45616,0.234375,-0.029296875,0.341796875,0.3515625
45617,-0.0390625,-0.361328125,0.56640625,0.400390625
45618,-0.009765625,-0.068359375,0.37109375,0.263671875
45619,0.25390625,-0.068359375,0.361328125,0.390625
45620,-0.029296875,0.107421875,0.634765625,0.3515625
45621,0.029296875,-0.05859375,0.322265625,0.29296875
45622,-0.1171875,-0.09765625,0.3515625,0.3515625
45623,0.029296875,0.068359375,0.224609375,0.3515625
45624,-0.087890625,-0.068359375,0.41015625,0.400390625
45625,-0.13671875,0.009765625,0.37109375,0.419921875
45626,-0.009765625,0.1171875,0.21484375,0.41015625
45627,-0.05859375,-0.078125,0.361328125,0.29296875
45628,0,-0.048828125,0.3125,0.33203125
45629,0,-0.126953125,0.322265625,0.390625
45630,0,-0.01953125,0.361328125,0.537109375
45631,0.0390625,-0.048828125,0.33203125,0.419921875
45632,-0.029296875,-0.15625,0.37109375,0.44921875
45633,-0.009765625,-0.05859375,0.3515625,0.4296875
45634,0.068359375,-0.029296875,0.322265625,0.390625
45635,0.009765625,-0.01953125,0.4296875,0.380859375
45636,-0.01953125,-0.048828125,0.361328125,0.244140625
45637,0.029296875,-0.09765625,0.3515625,0.361328125
45638,-0.0390625,-0.0390625,0.4296875,0.41015625
45639,-0.087890625,-0.009765625,0.41015625,0.17578125
45640,0,-0.029296875,0.3515625,0.380859375
45641,-0.029296875,-0.048828125,0.419921875,0.37109375
45642,0.029296875,-0.068359375,0.41015625,0.322265625
45643,-0.0390625,-0.126953125,0.29296875,0.361328125
45644,0.01953125,0.009765625,0.21484375,0.3515625
45645,-0.009765625,-0.05859375,0.33203125,0.498046875
45646,0,-0.078125,0.33203125,0.380859375
45647,0.01953125,-0.068359375,0.283203125,0.322265625
45648,-0.01953125,-0.0390625,0.33203125,0.439453125
45649,-0.05859375,-0.05859375,0.322265625,0.46875
45650,-0.029296875,-0.05859375,0.283203125,0.419921875
45651,-0.029296875,-0.01953125,0.458984375,0.302734375
45652,-0.029296875,-0.0390625,0.3515625,0.341796875
45653,-0.17578125,-0.0390625,0.400390625,0.380859375
45654,-0.078125,0,0.2734375,0.302734375
45655,-0.0390625,-0.078125,0.33203125,0.390625
45656,-0.185546875,-0.126953125,0.37109375,0.380859375
45657,-0.009765625,-0.05859375,0.302734375,0.33203125
45658,0.029296875,-0.01953125,0.322265625,0.390625
45659,-0.224609375,-0.087890625,0.46875,0.3515625
45660,-0.01953125,-0.05859375,0.302734375,0.37109375
45661,0.048828125,-0.068359375,0.341796875,0.3515625
45662,0.41015625,-0.09765625,0.361328125,0.341796875
45663,-0.01953125,0.009765625,0.4296875,0.361328125
45664,0.068359375,-0.078125,0.322265625,0.341796875
45665,0.33203125,-0.029296875,0.439453125,0.361328125
45666,-0.009765625,-0.09765625,0.537109375,0.400390625
45667,-0.09765625,-0.107421875,0.3515625,0.185546875
45668,-0.068359375,-0.01953125,0.341796875,0.380859375
45669,-0.05859375,0.1171875,0.205078125,0.4296875
45670,-0.05859375,-0.05859375,0.322265625,0.6640625
45671,-0.068359375,0.009765625,0.283203125,0.41015625
45672,-0.068359375,0.126953125,0.21484375,0.419921875
45673,0.048828125,-0.01953125,0.37109375,0.52734375
45674,-0.05859375,-0.068359375,0.341796875,0.380859375
45675,-0.087890625,-0.234375,0.29296875,0.322265625
45676,0.029296875,-0.068359375,0.37109375,0.01953125
45677,0.21484375,-0.029296875,0.33203125,0.390625
45678,-0.087890625,-0.205078125,0.390625,0.48828125
45679,-0.01953125,-0.068359375,0.37109375,0.078125
45680,0.15625,0,0.400390625,0.390625
45681,0,-0.224609375,0.361328125,0.37109375
45682,-0.01953125,-0.078125,0.361328125,0.09765625
45683,-0.21484375,-0.087890625,0.361328125,0.41015625
45684,0.029296875,0.146484375,0.3125,0.400390625
45685,-0.01953125,0,0.3125,0.64453125
45686,-0.21484375,-0.029296875,0.3515625,0.380859375
45687,-0.01953125,0.068359375,0.283203125,0.37109375
45688,-0.01953125,-0.087890625,0.3125,0.634765625
45689,-0.205078125,-0.107421875,0.29296875,0.400390625
45690,-0.09765625,-0.166015625,0.185546875,0.37109375
45691,-0.05859375,-0.0390625,0.390625,0.29296875
45692,0.1171875,-0.068359375,0.3125,0.390625
45693,-0.048828125,-0.1171875,0.419921875,0.458984375
45694,0.009765625,-0.009765625,0.244140625,0.234375
45695,0.126953125,-0.126953125,0.283203125,0.361328125
45696,-0.01953125,-0.09765625,0.380859375,0.380859375
45697,-0.029296875,-0.05859375,0.341796875,0.146484375
45698,-0.009765625,-0.029296875,0.400390625,0.4296875
45699,-0.009765625,-0.05859375,0.341796875,0.458984375
45700,-0.1171875,-0.09765625,0.439453125,0.439453125
45701,-0.029296875,-0.15625,0.400390625,0.361328125
45702,0,-0.029296875,0.322265625,0.37109375
45703,0,-0.087890625,0.37109375,0.458984375
45704,-0.029296875,-0.09765625,0.341796875,0.3515625
45705,-0.029296875,0.009765625,0.3125,0.41015625
45706,-0.01953125,-0.087890625,0.322265625,0.37109375
45707,-0.078125,-0.048828125,0.400390625,0.33203125
45708,-0.087890625,-0.029296875,0.3125,0.37109375
45709,-0.009765625,-0.009765625,0.341796875,0.37109375
45710,-0.029296875,0.01953125,0.439453125,0.390625
45711,0,0,0.322265625,0.4296875
45712,-0.0390625,-0.048828125,0.37109375,0.380859375
45713,0.0390625,-0.068359375,0.29296875,0.400390625
45714,-0.029296875,-0.0390625,0.390625,0.419921875
45715,-0.009765625,-0.09765625,0.419921875,0.3515625
45716,0.009765625,-0.078125,0.322265625,0.2734375
45717,0.09765625,-0.107421875,0.3515625,0.380859375
45718,-0.009765625,-0.048828125,0.361328125,0.3515625
45719,-0.029296875,-0.048828125,0.419921875,0.244140625
45720,0.068359375,-0.107421875,0.37109375,0.361328125
45721,0.01953125,-0.107421875,0.322265625,0.380859375
45722,0.0390625,-0.078125,0.322265625,0.478515625
45723,-0.09765625,-0.05859375,0.341796875,0.361328125
45724,-0.009765625,-0.048828125,0.44921875,0.41015625
45725,-0.078125,-0.09765625,0.400390625,0.419921875
45726,-0.390625,-0.068359375,0.3515625,0.37109375
45727,0,-0.1171875,0.537109375,0.37109375
45728,-0.09765625,-0.068359375,0.33203125,0.48828125
45729,-0.361328125,-0.029296875,0.33203125,0.419921875
45730,-0.029296875,-0.13671875,0.52734375,0.400390625
45731,-0.048828125,-0.068359375,0.3125,0.37109375
45732,0.1953125,-0.029296875,0.29296875,0.361328125
45733,-0.029296875,-0.15625,0.13671875,0.458984375
45734,-0.05859375,-0.087890625,0.341796875,0.33203125
45735,0.0390625,-0.1171875,0.3125,0.380859375
45736,0.009765625,-0.146484375,0.3125,0.283203125
45737,0.048828125,-0.01953125,0.33203125,0.33203125
45738,0.068359375,-0.107421875,0.390625,0.37109375
45739,0.009765625,-0.05859375,0.712890625,0.3125
45740,0.029296875,-0.078125,0.341796875,0.361328125
45741,0,-0.107421875,0.361328125,0.341796875
45742,-0.009765625,0.009765625,0.380859375,0.302734375
45743,0.01953125,-0.029296875,0.37109375,0.322265625
45744,0.107421875,-0.01953125,0.390625,0.37109375
45745,0.01953125,0.068359375,0.390625,0.37109375
45746,-0.009765625,-0.126953125,0.380859375,0.556640625
45747,-0.13671875,-0.0390625,0.341796875,0.37109375
45748,0.048828125,0.01953125,0.166015625,0.419921875
45749,-0.01953125,-0.029296875,0.3515625,0.517578125
45750,-0.185546875,-0.029296875,0.37109375,0.3515625
45751,-0.009765625,0,0.17578125,0.380859375
45752,-0.05859375,-0.029296875,0.341796875,0.517578125
45753,0.087890625,-0.0390625,0.302734375,0.37109375
45754,0.01953125,-0.1171875,0.517578125,0.439453125
45755,0.009765625,-0.01953125,0.37109375,0.17578125
45756,0.048828125,-0.0390625,0.361328125,0.390625
45757,0.048828125,-0.1171875,0.556640625,0.341796875
45758,0.01953125,-0.068359375,0.400390625,0.205078125
45759,0.078125,-0.0390625,0.341796875,0.41015625
45760,0,-0.0390625,0.517578125,0.3125
45761,-0.009765625,-0.0390625,0.37109375,0.478515625
45762,0,-0.0390625,0.361328125,0.400390625
45763,-0.0390625,-0.01953125,0.224609375,0.361328125
45764,0.048828125,-0.048828125,0.3515625,0.52734375
45765,-0.029296875,-0.068359375,0.41015625,0.361328125
45766,-0.068359375,-0.05859375,0.21484375,0.390625
45767,0.009765625,-0.068359375,0.37109375,0.46875
45768,-0.01953125,-0.009765625,0.380859375,0.37109375
45769,0.048828125,-0.009765625,0.44921875,0.380859375
45770,0,0.126953125,0.37109375,0.33203125
45771,-0.029296875,-0.068359375,0.33203125,0.380859375
45772,-0.009765625,-0.0390625,0.341796875,0.400390625
45773,-0.05859375,0.1171875,0.224609375,0.341796875
45774,-0.029296875,-0.068359375,0.3515625,0.3515625
45775,-0.01953125,-0.087890625,0.2734375,0.400390625
45776,-0.01953125,0.15625,0.17578125,0.361328125
45777,0,-0.05859375,0.361328125,0.400390625
45778,0.15625,-0.126953125,0.361328125,0.41015625
45779,-0.01953125,-0.15625,0.48828125,0.380859375
45780,0,-0.01953125,0.37109375,0.263671875
45781,0.224609375,-0.126953125,0.41015625,0.439453125
45782,-0.029296875,-0.048828125,0.458984375,0.37109375
45783,0.01953125,-0.068359375,0.3125,0.234375
45784,0.1171875,-0.126953125,0.3125,0.380859375
45785,0.009765625,0.1953125,0.458984375,0.390625
45786,-0.029296875,-0.01953125,0.400390625,0.33203125
45787,-0.224609375,-0.029296875,0.283203125,0.390625
45788,-0.029296875,0.087890625,0.1171875,0.390625
45789,0,-0.078125,0.33203125,0.380859375
45790,-0.302734375,-0.068359375,0.234375,0.400390625
45791,-0.048828125,0.068359375,0.224609375,0.390625
45792,-0.01953125,-0.0390625,0.2734375,0.3125
45793,0.37109375,-0.068359375,0.283203125,0.380859375
45794,-0.029296875,-0.3515625,0.546875,0.41015625
45795,0.009765625,-0.0390625,0.302734375,0.146484375
45796,0.1953125,-0.029296875,0.33203125,0.41015625
45797,-0.0390625,-0.302734375,0.400390625,0.37109375
45798,0.029296875,-0.048828125,0.341796875,0.224609375
45799,0.283203125,-0.01953125,0.458984375,0.361328125
45800,-0.01953125,0.146484375,0.498046875,0.361328125
45801,0,-0.087890625,0.46875,0.5859375
45802,-0.244140625,-0.1171875,0.41015625,0.3515625
45803,0.01953125,0.078125,0.29296875,0.3125
45804,0.029296875,-0.048828125,0.33203125,0.537109375
45805,-0.21484375,-0.048828125,0.478515625,0.41015625
45806,0,0.17578125,0.146484375,0.37109375
45807,-0.068359375,-0.029296875,0.29296875,0.46875
45808,0.029296875,-0.087890625,0.263671875,0.380859375
45809,0,-0.13671875,0.3125,0.390625
45810,0.087890625,-0.009765625,0.458984375,0.33203125
45811,0.05859375,-0.029296875,0.400390625,0.41015625
45812,0.009765625,-0.1171875,0.33203125,0.390625
45813,-0.029296875,-0.078125,0.380859375,0.3125
45814,0.068359375,-0.05859375,0.341796875,0.41015625
45815,0.009765625,-0.068359375,0.3515625,0.29296875
45816,-0.05859375,-0.05859375,0.33203125,0.361328125
45817,-0.009765625,-0.078125,0.33203125,0.4296875
45818,-0.078125,-0.107421875,0.41015625,0.41015625
45819,-0.01953125,-0.029296875,0.322265625,0.33203125
45820,-0.009765625,-0.05859375,0.3515625,0.419921875
45821,-0.01953125,-0.087890625,0.46875,0.302734375
45822,0.029296875,-0.048828125,0.33203125,0.322265625
45823,0.009765625,-0.068359375,0.37109375,0.37109375
45824,-0.009765625,-0.0390625,0.244140625,0.3515625
45825,0,-0.01953125,0.341796875,0.4296875
45826,0.029296875,-0.1171875,0.341796875,0.37109375
45827,-0.01953125,0.009765625,0.224609375,0.380859375
45828,-0.01953125,-0.09765625,0.3515625,0.439453125
45829,0.029296875,-0.0390625,0.29296875,0.341796875
45830,0,-0.0390625,0.29296875,0.400390625
45831,-0.05859375,-0.068359375,0.322265625,0.400390625
45832,-0.009765625,-0.048828125,0.302734375,0.400390625
45833,0.01953125,-0.048828125,0.37109375,0.419921875
45834,0,0.05859375,0.41015625,0.419921875
45835,-0.048828125,-0.068359375,0.322265625,0.556640625
45836,-0.048828125,-0.09765625,0.390625,0.380859375
45837,0.01953125,0.05859375,0.380859375,0.341796875
45838,0.009765625,-0.068359375,0.390625,0.56640625
45839,-0.029296875,-0.166015625,0.3515625,0.341796875
45840,-0.0390625,-0.13671875,0.341796875,0.29296875
45841,0.048828125,-0.01953125,0.37109375,0.478515625
45842,0.0390625,-0.087890625,0.302734375,0.361328125
45843,-0.05859375,0.0390625,0.419921875,0.2734375
45844,0.029296875,0,0.341796875,0.46875
45845,-0.048828125,0.009765625,0.37109375,0.390625
45846,0.01953125,0.126953125,0.3515625,0.419921875
45847,-0.029296875,-0.068359375,0.37109375,0.546875
45848,-0.29296875,0,0.3125,0.361328125
45849,0,0.029296875,0.2734375,0.380859375
45850,-0.068359375,-0.009765625,0.283203125,0.4296875
45851,-0.244140625,0.029296875,0.302734375,0.3125
45852,0.01953125,0.009765625,0.2734375,0.458984375
45853,0.0390625,-0.01953125,0.341796875,0.419921875
45854,-0.1953125,-0.078125,0.37109375,0.390625
45855,0.05859375,-0.244140625,0.126953125,0.302734375
45856,-0.029296875,0.009765625,0.3125,0.224609375
45857,0.25390625,-0.068359375,0.390625,0.400390625
45858,-0.068359375,-0.3515625,0.830078125,0.341796875
45859,0.029296875,-0.068359375,0.33203125,0.263671875
45860,0.21484375,-0.0390625,0.41015625,0.390625
45861,0,-0.361328125,0.83984375,0.400390625
45862,-0.029296875,-0.107421875,0.3515625,0.263671875
45863,-0.21484375,-0.068359375,0.33203125,0.322265625
45864,0.09765625,0.185546875,-0.009765625,0.400390625
45865,-0.0390625,-0.068359375,0.361328125,0.52734375
45866,-0.13671875,-0.0390625,0.322265625,0.3515625
45867,-0.009765625,0.1171875,-0.0390625,0.41015625
45868,-0.009765625,-0.078125,0.3125,0.48828125
45869,-0.234375,-0.0390625,0.361328125,0.390625
45870,0.009765625,-0.13671875,0.0390625,0.419921875
45871,-0.029296875,-0.048828125,0.3515625,0.2734375
45872,0.126953125,-0.05859375,0.3125,0.380859375
45873,0,-0.15625,0.556640625,0.390625
45874,-0.01953125,-0.078125,0.322265625,0.283203125
45875,0,-0.05859375,0.3515625,0.390625
45876,-0.048828125,-0.25390625,0.517578125,0.380859375
45877,-0.029296875,-0.09765625,0.302734375,0.234375
45878,0.01953125,-0.068359375,0.37109375,0.322265625
45879,0.048828125,-0.05859375,0.13671875,0.400390625
45880,-0.068359375,-0.05859375,0.3125,0.419921875
45881,-0.048828125,-0.029296875,0.380859375,0.419921875
45882,-0.01953125,-0.029296875,0.21484375,0.361328125
45883,0.0390625,-0.078125,0.361328125,0.439453125
45884,0.0390625,-0.068359375,0.41015625,0.41015625
45885,-0.009765625,0.01953125,0.224609375,0.361328125
45886,0,-0.087890625,0.3515625,0.37109375
45887,-0.01953125,-0.01953125,0.37109375,0.341796875
45888,-0.029296875,0,0.3515625,0.361328125
45889,0,-0.01953125,0.41015625,0.3125
45890,-0.0390625,0,0.37109375,0.380859375
45891,-0.0390625,-0.01953125,0.322265625,0.37109375
45892,-0.029296875,0.009765625,0.41015625,0.33203125
45893,0.029296875,-0.048828125,0.33203125,0.3515625
45894,-0.029296875,-0.048828125,0.361328125,0.419921875
45895,-0.01953125,-0.15625,0.390625,0.37109375
45896,-0.009765625,-0.01953125,0.361328125,0.419921875
45897,0.01953125,-0.126953125,0.37109375,0.37109375
45898,-0.01953125,-0.341796875,0.5078125,0.380859375
45899,0.009765625,-0.068359375,0.478515625,0.341796875
45900,0.009765625,-0.1171875,0.283203125,0.33203125
45901,-0.05859375,-0.3125,0.478515625,0.380859375
45902,-0.068359375,-0.087890625,0.3515625,0.322265625
45903,-0.107421875,-0.107421875,0.37109375,0.37109375
45904,0,0.0390625,0.15625,0.400390625
45905,0.048828125,-0.0390625,0.400390625,0.498046875
45906,-0.234375,-0.078125,0.322265625,0.37109375
45907,-0.0390625,0.21484375,0.15625,0.3515625
45908,-0.078125,-0.048828125,0.33203125,0.576171875
45909,-0.05859375,-0.009765625,0.263671875,0.361328125
45910,0,-0.166015625,0.068359375,0.458984375
45911,-0.0390625,-0.087890625,0.341796875,0.46875
45912,0.09765625,0,0.3125,0.419921875
45913,-0.029296875,-0.1953125,0.439453125,0.37109375
45914,-0.029296875,-0.078125,0.341796875,0.37109375
45915,0.21484375,-0.078125,0.29296875,0.419921875
45916,-0.029296875,-0.224609375,0.37109375,0.341796875
45917,0,-0.05859375,0.3515625,0.341796875
45918,-0.01953125,-0.13671875,0.439453125,0.5078125
45919,-0.009765625,-0.048828125,0.439453125,0.37109375
45920,0.009765625,-0.029296875,0.341796875,0.1953125
45921,-0.126953125,-0.048828125,0.380859375,0.341796875
45922,0,-0.01953125,0.458984375,0.2734375
45923,-0.048828125,-0.05859375,0.341796875,0.205078125
45924,-0.126953125,-0.01953125,0.2734375,0.4296875
45925,-0.01953125,0.029296875,0.400390625,0.37109375
45926,-0.01953125,-0.01953125,0.33203125,0.60546875
45927,0.009765625,-0.01953125,0.322265625,0.341796875
45928,0,0.029296875,0.126953125,0.458984375
45929,-0.009765625,-0.05859375,0.263671875,0.60546875
45930,-0.01953125,-0.068359375,0.37109375,0.4296875
45931,-0.0390625,-0.068359375,0.185546875,0.419921875
45932,0.029296875,-0.087890625,0.361328125,0.556640625
45933,0.068359375,-0.0390625,0.341796875,0.37109375
45934,-0.029296875,-0.146484375,0.56640625,0.400390625
45935,-0.009765625,-0.13671875,0.380859375,0.224609375
45936,0.048828125,-0.048828125,0.3515625,0.380859375
45937,0.009765625,-0.107421875,0.5078125,0.41015625
45938,-0.029296875,-0.0390625,0.390625,0.21484375
45939,0.05859375,-0.05859375,0.390625,0.458984375
45940,0,-0.0390625,0.44921875,0.4296875
45941,0.0390625,-0.068359375,0.37109375,0.46875
45942,-0.029296875,-0.048828125,0.37109375,0.361328125
45943,0.009765625,-0.0390625,0.25390625,0.41015625
45944,-0.009765625,-0.048828125,0.341796875,0.52734375
45945,-0.01953125,-0.0390625,0.2734375,0.3515625
45946,-0.029296875,-0.048828125,0.283203125,0.390625
45947,-0.0390625,0,0.3515625,0.498046875
45948,0.029296875,-0.048828125,0.322265625,0.322265625
45949,-0.01953125,-0.05859375,0.400390625,0.361328125
45950,-0.0390625,-0.068359375,0.33203125,0.380859375
45951,-0.029296875,-0.09765625,0.322265625,0.302734375
45952,-0.078125,-0.01953125,0.380859375,0.390625
45953,-0.048828125,-0.068359375,0.361328125,0.361328125
45954,-0.01953125,-0.048828125,0.341796875,0.4296875
45955,-0.048828125,-0.1171875,0.37109375,0.33203125
45956,0.009765625,-0.01953125,0.33203125,0.37109375
45957,0.05859375,-0.078125,0.380859375,0.25390625
45958,0.185546875,-0.078125,0.361328125,0.400390625
45959,0.009765625,-0.41015625,0.341796875,0.263671875
45960,0.048828125,-0.05859375,0.3515625,0.3515625
45961,0.205078125,-0.05859375,0.341796875,0.33203125
45962,0.048828125,-0.46875,0.33203125,0.3125
45963,0.0390625,-0.146484375,0.37109375,0.224609375
45964,0.224609375,-0.029296875,0.263671875,0.3515625
45965,-0.078125,0.322265625,0.322265625,0.400390625
45966,-0.078125,-0.0390625,0.322265625,0.654296875
45967,-0.224609375,-0.0390625,0.29296875,0.37109375
45968,-0.01953125,0.380859375,0.205078125,0.439453125
45969,-0.01953125,-0.0390625,0.380859375,0.546875
45970,-0.185546875,-0.048828125,0.341796875,0.4296875
45971,-0.0390625,0.44921875,0.068359375,0.361328125
45972,0.01953125,-0.0390625,0.29296875,0.556640625
45973,0.341796875,-0.048828125,0.3515625,0.41015625
45974,0.01953125,-0.380859375,0.576171875,0.4296875
45975,-0.0390625,-0.048828125,0.302734375,0.263671875
45976,0.25390625,-0.078125,0.341796875,0.361328125
45977,-0.048828125,-0.400390625,0.52734375,0.419921875
45978,-0.01953125,-0.107421875,0.390625,0.1953125
45979,0.2734375,-0.078125,0.380859375,0.322265625
45980,0.009765625,0.1171875,0.712890625,0.33203125
45981,-0.009765625,-0.087890625,0.322265625,0.37109375
45982,-0.166015625,-0.068359375,0.33203125,0.341796875
45983,-0.009765625,0.185546875,0.21484375,0.380859375
45984,0.029296875,-0.0390625,0.3515625,0.419921875
45985,-0.21484375,-0.01953125,0.41015625,0.3515625
45986,0.048828125,0.15625,0.126953125,0.44921875
45987,-0.0390625,-0.068359375,0.37109375,0.41015625
45988,0.068359375,-0.068359375,0.3515625,0.390625
45989,0.029296875,-0.13671875,0.48828125,0.4296875
45990,0.029296875,-0.048828125,0.41015625,0.37109375
45991,0.09765625,-0.087890625,0.3125,0.361328125
45992,0,-0.17578125,0.439453125,0.341796875
45993,0.01953125,-0.009765625,0.390625,0.390625
45994,0.078125,-0.078125,0.322265625,0.41015625
45995,-0.09765625,-0.05859375,0.4296875,0.322265625
45996,-0.009765625,-0.05859375,0.341796875,0.33203125
45997,-0.029296875,-0.0390625,0.341796875,0.419921875
45998,-0.009765625,-0.0390625,0.283203125,0.41015625
45999,0.029296875,-0.078125,0.3515625,0.322265625
46000,0.0390625,-0.048828125,0.3515625,0.361328125
46001,-0.009765625,-0.048828125,0.263671875,0.390625
46002,0.01953125,-0.068359375,0.3515625,0.361328125
46003,-0.068359375,-0.05859375,0.4296875,0.380859375
46004,0.107421875,0.048828125,0.400390625,0.41015625
46005,-0.01953125,-0.029296875,0.29296875,0.419921875
46006,-0.0390625,-0.09765625,0.3125,0.419921875
46007,0.029296875,0,0.322265625,0.400390625
46008,0.0390625,-0.009765625,0.390625,0.419921875
46009,-0.0390625,-0.048828125,0.361328125,0.400390625
46010,-0.01953125,-0.048828125,0.302734375,0.3515625
46011,-0.01953125,-0.087890625,0.3125,0.302734375
46012,-0.01953125,-0.009765625,0.400390625,0.458984375
46013,0.048828125,-0.0390625,0.29296875,0.361328125
46014,0.048828125,-0.205078125,0.439453125,0.302734375
46015,-0.029296875,-0.078125,0.302734375,0.361328125
46016,0.146484375,-0.087890625,0.4296875,0.41015625
46017,-0.01953125,-0.15625,0.361328125,0.341796875
46018,0.0390625,-0.048828125,0.341796875,0.37109375
46019,0.185546875,-0.078125,0.37109375,0.37109375
46020,-0.01953125,-0.107421875,0.361328125,0.390625
46021,0.05859375,-0.078125,0.41015625,0.52734375
46022,0.17578125,-0.09765625,0.37109375,0.361328125
46023,0.009765625,-0.15625,0.478515625,0.361328125
46024,0.126953125,-0.01953125,0.400390625,0.3515625
46025,0.302734375,-0.01953125,0.400390625,0.390625
46026,0.01953125,-0.2734375,0.46875,0.46875
46027,-0.15625,0,0.3125,0.44921875
46028,-0.205078125,-0.01953125,0.322265625,0.3515625
46029,-0.009765625,0.068359375,0.283203125,0.419921875
46030,-0.087890625,-0.068359375,0.380859375,0.673828125
46031,-0.166015625,-0.01953125,0.341796875,0.390625
46032,-0.029296875,0.009765625,0.17578125,0.400390625
46033,-0.01953125,-0.029296875,0.322265625,0.6640625
46034,-0.107421875,-0.078125,0.37109375,0.37109375
46035,0.05859375,-0.29296875,0.205078125,0.419921875
46036,0.05859375,-0.01953125,0.380859375,0.068359375
46037,0.25390625,-0.05859375,0.341796875,0.390625
46038,-0.087890625,-0.21484375,0.4296875,0.37109375
46039,0.048828125,-0.068359375,0.3515625,0.009765625
46040,0.25390625,-0.0390625,0.439453125,0.341796875
46041,-0.01953125,-0.283203125,0.44921875,0.380859375
46042,0.009765625,-0.048828125,0.3515625,0.048828125
46043,-0.25390625,-0.0390625,0.33203125,0.37109375
46044,-0.009765625,0.126953125,0.2734375,0.41015625
46045,-0.009765625,0,0.322265625,0.68359375
46046,-0.263671875,-0.048828125,0.3125,0.400390625
46047,-0.01953125,0.078125,0.13671875,0.380859375
46048,-0.01953125,-0.048828125,0.3125,0.64453125
46049,-0.205078125,-0.05859375,0.341796875,0.361328125
46050,0.009765625,-0.166015625,0.224609375,0.361328125
46051,-0.029296875,-0.05859375,0.419921875,0.1953125
46052,0.107421875,-0.048828125,0.33203125,0.380859375
46053,-0.029296875,-0.1953125,0.458984375,0.390625
46054,0.009765625,-0.107421875,0.37109375,0.25390625
46055,0.107421875,-0.01953125,0.3125,0.3515625
46056,-0.0390625,-0.107421875,0.56640625,0.37109375
46057,-0.01953125,-0.05859375,0.390625,0.205078125
46058,-0.01953125,-0.087890625,0.380859375,0.3515625
46059,-0.01953125,-0.107421875,0.2734375,0.390625
46060,-0.029296875,-0.068359375,0.37109375,0.46875
46061,-0.029296875,-0.1171875,0.41015625,0.380859375
46062,0,-0.078125,0.21484375,0.361328125
46063,0.029296875,-0.029296875,0.361328125,0.48828125
46064,0,-0.0390625,0.3515625,0.400390625
46065,-0.009765625,0,0.21484375,0.3515625
46066,0.068359375,-0.068359375,0.3515625,0.302734375
46067,-0.048828125,-0.029296875,0.322265625,0.361328125
46068,-0.009765625,0.0390625,0.33203125,0.380859375
46069,-0.009765625,-0.068359375,0.439453125,0.361328125
46070,-0.01953125,-0.068359375,0.33203125,0.3515625
46071,0.0390625,0,0.341796875,0.3125
46072,0.009765625,-0.09765625,0.283203125,0.361328125
46073,0.05859375,-0.01953125,0.380859375,0.380859375
46074,0.009765625,-0.0390625,0.3515625,0.361328125
46075,-0.009765625,-0.1171875,0.3515625,0.3515625
46076,0,-0.0390625,0.3515625,0.1953125
46077,0.126953125,-0.107421875,0.322265625,0.341796875
46078,-0.01953125,-0.068359375,0.380859375,0.33203125
46079,-0.068359375,-0.01953125,0.361328125,0.21484375
46080,0.0390625,-0.05859375,0.3515625,0.361328125
46081,-0.048828125,-0.107421875,0.361328125,0.361328125
46082,0.048828125,-0.05859375,0.3515625,0.21484375
46083,-0.205078125,-0.05859375,0.29296875,0.4296875
46084,-0.009765625,0.146484375,0.44921875,0.390625
46085,-0.029296875,-0.0390625,0.3515625,0.33203125
46086,-0.185546875,-0.087890625,0.341796875,0.41015625
46087,-0.009765625,-0.068359375,0.48828125,0.3125
46088,-0.09765625,-0.078125,0.361328125,0.380859375
46089,-0.146484375,0.009765625,0.302734375,0.29296875
46090,0.05859375,-0.1171875,0.400390625,0.400390625
46091,-0.029296875,-0.009765625,0.3515625,0.380859375
46092,0.1171875,-0.009765625,0.3125,0.3515625
46093,-0.0390625,-0.185546875,0.33203125,0.419921875
46094,-0.048828125,-0.05859375,0.33203125,0.361328125
46095,0.21484375,-0.1171875,0.3125,0.400390625
46096,0.078125,-0.15625,0.52734375,0.322265625
46097,0.029296875,-0.01953125,0.302734375,0.361328125
46098,-0.048828125,-0.1171875,0.3125,0.341796875
46099,0.01953125,-0.01953125,0.4296875,0.380859375
46100,-0.009765625,-0.078125,0.33203125,0.25390625
46101,-0.0390625,-0.05859375,0.33203125,0.341796875
46102,-0.05859375,0.107421875,0.302734375,0.3125
46103,-0.009765625,-0.0390625,0.341796875,0.21484375
46104,-0.166015625,-0.029296875,0.322265625,0.380859375
46105,-0.0390625,0.029296875,0.3515625,0.380859375
46106,-0.029296875,-0.146484375,0.361328125,0.52734375
46107,-0.0390625,-0.029296875,0.33203125,0.341796875
46108,-0.01953125,-0.068359375,0.13671875,0.400390625
46109,0,-0.068359375,0.37109375,0.576171875
46110,-0.029296875,-0.068359375,0.361328125,0.37109375
46111,-0.05859375,-0.048828125,0.1953125,0.3515625
46112,-0.048828125,-0.048828125,0.37109375,0.537109375
46113,0.0390625,-0.1171875,0.322265625,0.361328125
46114,-0.009765625,-0.17578125,0.517578125,0.390625
46115,0.01953125,-0.078125,0.3125,0.205078125
46116,0.1171875,-0.0390625,0.33203125,0.2734375
46117,-0.048828125,-0.068359375,0.458984375,0.341796875
46118,0.01953125,-0.05859375,0.41015625,0.166015625
46119,-0.01953125,0.009765625,0.380859375,0.390625
46120,0.048828125,0.029296875,0.56640625,0.419921875
46121,0.01953125,-0.0390625,0.341796875,0.439453125
46122,0,-0.068359375,0.400390625,0.3515625
46123,-0.0390625,0.029296875,0.37109375,0.380859375
46124,0.078125,-0.078125,0.41015625,0.537109375
46125,-0.146484375,-0.0390625,0.3515625,0.400390625
46126,-0.029296875,-0.009765625,0.2734375,0.390625
46127,0.029296875,-0.068359375,0.400390625,0.48828125
46128,-0.05859375,-0.068359375,0.29296875,0.400390625
46129,0.029296875,-0.048828125,0.3125,0.400390625
46130,0.009765625,0.068359375,0.37109375,0.37109375
46131,-0.05859375,-0.068359375,0.41015625,0.37109375
46132,-0.17578125,-0.009765625,0.2734375,0.4296875
46133,0.01953125,-0.029296875,0.302734375,0.322265625
46134,-0.029296875,-0.05859375,0.3125,0.361328125
46135,-0.13671875,-0.068359375,0.33203125,0.400390625
46136,-0.01953125,0.13671875,0.224609375,0.37109375
46137,0.048828125,-0.0390625,0.37109375,0.390625
46138,0.1171875,-0.107421875,0.3515625,0.4296875
46139,0.009765625,-0.25390625,0.546875,0.4296875
46140,0.048828125,-0.05859375,0.458984375,0.37109375
46141,0.107421875,-0.126953125,0.390625,0.361328125
46142,-0.05859375,-0.05859375,0.46875,0.3515625
46143,0,-0.09765625,0.3125,0.361328125
46144,0.087890625,0.048828125,0.33203125,0.3515625
46145,-0.048828125,0.205078125,0.390625,0.48828125
46146,0.01953125,-0.0390625,0.3515625,0.263671875
46147,-0.283203125,-0.048828125,0.302734375,0.4296875
46148,-0.05859375,0.234375,0.146484375,0.419921875
46149,0.029296875,-0.01953125,0.322265625,0.37109375
46150,-0.283203125,-0.048828125,0.341796875,0.400390625
46151,0.048828125,0.234375,0.1953125,0.380859375
46152,0.009765625,-0.009765625,0.33203125,0.400390625
46153,0.3515625,-0.087890625,0.341796875,0.44921875
46154,0.05859375,-0.4296875,0.458984375,0.400390625
46155,-0.087890625,-0.0390625,0.361328125,0.21484375
46156,0.25390625,-0.05859375,0.361328125,0.37109375
46157,-0.009765625,-0.37109375,0.52734375,0.33203125
46158,0.009765625,-0.0390625,0.37109375,0.1953125
46159,0.283203125,-0.0390625,0.400390625,0.3515625
46160,0,0.13671875,0.458984375,0.37109375
46161,0.01953125,-0.01953125,0.33203125,0.693359375
46162,-0.224609375,-0.0390625,0.361328125,0.33203125
46163,0.029296875,0.17578125,0.1953125,0.341796875
46164,-0.078125,-0.087890625,0.244140625,0.625
46165,-0.21484375,-0.048828125,0.4296875,0.33203125
46166,0.009765625,0.205078125,0.25390625,0.390625
46167,-0.048828125,-0.09765625,0.361328125,0.654296875
46168,0.107421875,-0.01953125,0.29296875,0.361328125
46169,-0.01953125,-0.126953125,0.341796875,0.419921875
46170,0.0390625,-0.078125,0.361328125,0.25390625
46171,0.068359375,-0.01953125,0.380859375,0.41015625
46172,0,-0.13671875,0.37109375,0.458984375
46173,-0.009765625,-0.029296875,0.3515625,0.21484375
46174,0.068359375,-0.05859375,0.37109375,0.380859375
46175,0,-0.009765625,0.46875,0.37109375
46176,0.009765625,-0.05859375,0.390625,0.380859375
46177,-0.068359375,-0.048828125,0.341796875,0.3515625
46178,0.029296875,-0.09765625,0.44921875,0.37109375
46179,-0.029296875,-0.078125,0.3515625,0.37109375
46180,-0.029296875,-0.09765625,0.341796875,0.380859375
46181,-0.0390625,-0.078125,0.33203125,0.37109375
46182,0.09765625,-0.068359375,0.3515625,0.46875
46183,-0.01953125,-0.0390625,0.380859375,0.400390625
46184,-0.09765625,-0.05859375,0.3125,0.419921875
46185,0.048828125,-0.068359375,0.380859375,0.44921875
46186,-0.029296875,-0.05859375,0.33203125,0.390625
46187,-0.0390625,0,0.322265625,0.380859375
46188,-0.029296875,-0.107421875,0.33203125,0.4296875
46189,-0.05859375,0.009765625,0.3125,0.361328125
46190,0.009765625,-0.009765625,0.4296875,0.322265625
46191,-0.048828125,-0.05859375,0.37109375,0.37109375
46192,-0.009765625,-0.048828125,0.29296875,0.400390625
46193,-0.087890625,-0.05859375,0.380859375,0.400390625
46194,-0.0390625,-0.087890625,0.29296875,0.380859375
46195,-0.087890625,-0.0390625,0.3125,0.5859375
46196,-0.0390625,0,0.341796875,0.341796875
46197,0.01953125,-0.05859375,0.302734375,0.400390625
46198,0.029296875,-0.048828125,0.3125,0.732421875
46199,-0.107421875,-0.224609375,0.3515625,0.3515625
46200,-0.009765625,-0.1171875,0.380859375,0.3125
46201,0.0390625,-0.068359375,0.29296875,0.3125
46202,0.009765625,-0.107421875,0.380859375,0.3515625
46203,0.009765625,-0.146484375,0.546875,0.3515625
46204,0.029296875,-0.087890625,0.361328125,0.37109375
46205,-0.05859375,-0.009765625,0.3515625,0.361328125
46206,0.048828125,-0.107421875,0.44921875,0.4296875
46207,0.029296875,-0.068359375,0.37109375,0.390625
46208,-0.068359375,0.0390625,0.390625,0.380859375
46209,-0.009765625,0.048828125,-0.0390625,0.44921875
46210,-0.01953125,-0.029296875,0.390625,0.41015625
46211,0.01953125,-0.05859375,0.302734375,0.41015625
46212,-0.048828125,-0.078125,0.166015625,0.41015625
46213,0.009765625,-0.068359375,0.341796875,0.419921875
46214,-0.068359375,-0.087890625,0.2734375,0.439453125
46215,-0.01953125,-0.25390625,0.126953125,0.400390625
46216,0.01953125,-0.05859375,0.33203125,0.283203125
46217,0.205078125,-0.09765625,0.322265625,0.37109375
46218,-0.009765625,-0.224609375,0.517578125,0.341796875
46219,0.048828125,-0.05859375,0.33203125,0.244140625
46220,0.185546875,0,0.37109375,0.41015625
46221,0.009765625,-0.224609375,0.64453125,0.3515625
46222,-0.029296875,-0.107421875,0.29296875,0.29296875
46223,-0.166015625,-0.078125,0.322265625,0.439453125
46224,0.029296875,0.205078125,-0.05859375,0.41015625
46225,-0.068359375,-0.078125,0.419921875,0.537109375
46226,-0.244140625,-0.01953125,0.341796875,0.390625
46227,-0.009765625,0.13671875,0.087890625,0.322265625
46228,-0.01953125,-0.048828125,0.37109375,0.537109375
46229,-0.205078125,-0.0390625,0.341796875,0.380859375
46230,0.01953125,-0.1171875,0.1171875,0.361328125
46231,0.05859375,-0.05859375,0.322265625,0.205078125
46232,0.09765625,-0.009765625,0.361328125,0.3515625
46233,0.01953125,-0.205078125,0.556640625,0.41015625
46234,-0.0390625,-0.078125,0.380859375,0.1953125
46235,0.107421875,-0.068359375,0.341796875,0.400390625
46236,0.068359375,-0.146484375,0.46875,0.41015625
46237,-0.009765625,-0.048828125,0.361328125,0.205078125
46238,-0.009765625,-0.048828125,0.37109375,0.302734375
46239,-0.029296875,-0.048828125,0.263671875,0.3125
46240,0,-0.068359375,0.302734375,0.478515625
46241,-0.01953125,-0.09765625,0.33203125,0.361328125
46242,-0.009765625,-0.05859375,0.302734375,0.400390625
46243,0.087890625,-0.048828125,0.283203125,0.478515625
46244,0.05859375,-0.0390625,0.341796875,0.322265625
46245,0.009765625,-0.009765625,0.2734375,0.361328125
46246,0,-0.05859375,0.302734375,0.341796875
46247,-0.078125,-0.029296875,0.341796875,0.390625
46248,0.01953125,-0.05859375,0.380859375,0.419921875
46249,-0.01953125,-0.048828125,0.3515625,0.3515625
46250,-0.078125,-0.0390625,0.400390625,0.361328125
46251,-0.009765625,-0.01953125,0.3125,0.419921875
46252,-0.01953125,-0.048828125,0.37109375,0.380859375
46253,0.048828125,-0.068359375,0.33203125,0.37109375
46254,0.0390625,-0.05859375,0.33203125,0.390625
46255,-0.09765625,-0.05859375,0.361328125,0.390625
46256,0.01953125,-0.0390625,0.322265625,0.322265625
46257,0.009765625,-0.068359375,0.33203125,0.361328125
46258,-0.05859375,-0.21484375,0.3515625,0.37109375
46259,0.0390625,-0.068359375,0.390625,0.37109375
46260,0.13671875,-0.068359375,0.3515625,0.322265625
46261,-0.01953125,-0.13671875,0.517578125,0.341796875
46262,0.01953125,-0.13671875,0.341796875,0.4296875
46263,-0.13671875,-0.048828125,0.341796875,0.33203125
46264,-0.068359375,0.15625,0.2734375,0.48828125
46265,0.087890625,-0.05859375,0.37109375,0.44921875
46266,-0.3515625,-0.048828125,0.33203125,0.380859375
46267,0.01953125,0.205078125,0.166015625,0.341796875
46268,-0.09765625,-0.087890625,0.361328125,0.341796875
46269,-0.400390625,-0.029296875,0.3125,0.380859375
46270,-0.048828125,-0.25390625,0.244140625,0.3515625
46271,-0.05859375,-0.1171875,0.341796875,0.41015625
46272,0.107421875,-0.0390625,0.302734375,0.380859375
46273,-0.009765625,-0.25390625,0.361328125,0.419921875
46274,-0.029296875,0.01953125,0.361328125,0.390625
46275,0.224609375,-0.09765625,0.341796875,0.380859375
46276,-0.01953125,-0.341796875,0.283203125,0.361328125
46277,0.029296875,-0.05859375,0.3125,0.224609375
46278,-0.078125,-0.107421875,0.400390625,0.37109375
46279,-0.0390625,0.01953125,0.439453125,0.400390625
46280,0,-0.05859375,0.361328125,0.361328125
46281,-0.0390625,-0.09765625,0.41015625,0.3515625
46282,0.029296875,0.029296875,0.44921875,0.341796875
46283,-0.01953125,-0.068359375,0.341796875,0.458984375
46284,-0.087890625,-0.05859375,0.283203125,0.4296875
46285,0.05859375,-0.0390625,0.41015625,0.361328125
46286,0.009765625,-0.09765625,0.302734375,0.52734375
46287,-0.068359375,-0.068359375,0.322265625,0.3515625
46288,-0.009765625,0.01953125,0.361328125,0.380859375
46289,0,-0.068359375,0.3125,0.439453125
46290,-0.0390625,-0.01953125,0.2734375,0.37109375
46291,0,-0.048828125,0.29296875,0.3125
46292,-0.078125,-0.05859375,0.400390625,0.478515625
46293,0.078125,-0.05859375,0.390625,0.33203125
46294,-0.0390625,-0.078125,0.5078125,0.361328125
46295,-0.0390625,-0.029296875,0.361328125,0.224609375
46296,0.0390625,-0.048828125,0.322265625,0.361328125
46297,-0.126953125,-0.1171875,0.46875,0.33203125
46298,0.029296875,-0.05859375,0.341796875,0.263671875
46299,0.068359375,-0.078125,0.341796875,0.3125
46300,-0.05859375,-0.05859375,0.5078125,0.419921875
46301,0.01953125,-0.048828125,0.400390625,0.4296875
46302,-0.078125,-0.068359375,0.41015625,0.380859375
46303,0.009765625,-0.029296875,0.244140625,0.37109375
46304,0.05859375,-0.068359375,0.390625,0.439453125
46305,-0.048828125,-0.05859375,0.3515625,0.390625
46306,-0.029296875,-0.01953125,0.244140625,0.33203125
46307,-0.009765625,-0.087890625,0.29296875,0.390625
46308,0,-0.048828125,0.33203125,0.380859375
46309,-0.048828125,-0.009765625,0.380859375,0.33203125
46310,-0.0390625,0.05859375,0.3125,0.390625
46311,-0.048828125,-0.068359375,0.37109375,0.556640625
46312,-0.166015625,-0.009765625,0.44921875,0.341796875
46313,-0.078125,0.087890625,0.361328125,0.361328125
46314,-0.0390625,-0.068359375,0.33203125,0.5078125
46315,-0.185546875,-0.068359375,0.37109375,0.380859375
46316,-0.0390625,0.068359375,0.41015625,0.341796875
46317,0.05859375,-0.029296875,0.2734375,0.546875
46318,0.224609375,-0.078125,0.33203125,0.341796875
46319,0,-0.263671875,0.400390625,0.3515625
46320,0.0390625,-0.05859375,0.263671875,0.3515625
46321,0.2734375,-0.15625,0.37109375,0.400390625
46322,0.009765625,-0.2734375,0.361328125,0.4296875
46323,-0.029296875,-0.009765625,0.341796875,0.390625
46324,0.37109375,-0.048828125,0.33203125,0.41015625
46325,-0.068359375,0.224609375,0.361328125,0.37109375
46326,-0.048828125,-0.068359375,0.33203125,0.673828125
46327,-0.419921875,-0.048828125,0.3125,0.390625
46328,-0.009765625,0.3515625,0.244140625,0.46875
46329,-0.048828125,-0.048828125,0.33203125,0.52734375
46330,-0.44921875,-0.068359375,0.37109375,0.33203125
46331,-0.009765625,0.322265625,0.15625,0.341796875
46332,-0.029296875,0,0.41015625,0.52734375
46333,0.3125,-0.009765625,0.37109375,0.4296875
46334,-0.0390625,-0.419921875,0.595703125,0.380859375
46335,-0.009765625,-0.01953125,0.29296875,0.234375
46336,0.341796875,-0.029296875,0.341796875,0.361328125
46337,-0.029296875,-0.33203125,0.5859375,0.400390625
46338,0.068359375,-0.087890625,0.283203125,0.244140625
46339,0.302734375,-0.048828125,0.37109375,0.341796875
46340,-0.009765625,0.13671875,0.56640625,0.33203125
46341,0,-0.0390625,0.3125,0.439453125
46342,-0.21484375,-0.1171875,0.341796875,0.3515625
46343,0,0.146484375,0.146484375,0.3515625
46344,0.009765625,0,0.341796875,0.48828125
46345,-0.234375,-0.05859375,0.322265625,0.3515625
46346,0,0.146484375,0.1171875,0.322265625
46347,-0.048828125,-0.078125,0.361328125,0.419921875
46348,0.068359375,0.01953125,0.341796875,0.390625
46349,0.01953125,-0.126953125,0.380859375,0.361328125
46350,-0.0390625,-0.029296875,0.3515625,0.29296875
46351,0.078125,-0.029296875,0.3515625,0.458984375
46352,0.009765625,-0.126953125,0.537109375,0.400390625
46353,0,-0.068359375,0.341796875,0.3125
46354,0.1171875,-0.068359375,0.341796875,0.46875
46355,-0.009765625,-0.0390625,0.48828125,0.419921875
46356,0,-0.09765625,0.41015625,0.44921875
46357,0,-0.107421875,0.3125,0.419921875
46358,-0.05859375,-0.078125,0.33203125,0.29296875
46359,0,-0.048828125,0.322265625,0.498046875
46360,0.01953125,-0.009765625,0.439453125,0.380859375
46361,0.01953125,-0.0390625,0.341796875,0.341796875
46362,0.029296875,-0.05859375,0.33203125,0.4296875
46363,-0.029296875,-0.01953125,0.3515625,0.400390625
46364,-0.068359375,-0.048828125,0.380859375,0.3515625
46365,0.048828125,-0.0390625,0.37109375,0.390625
46366,-0.0390625,-0.087890625,0.3515625,0.380859375
46367,0.009765625,0.01953125,0.302734375,0.41015625
46368,-0.029296875,-0.078125,0.3125,0.3515625
46369,0,-0.05859375,0.322265625,0.37109375
46370,-0.01953125,-0.01953125,0.3515625,0.341796875
46371,-0.05859375,-0.068359375,0.37109375,0.400390625
46372,-0.01953125,-0.048828125,0.341796875,0.37109375
46373,-0.087890625,-0.05859375,0.37109375,0.400390625
46374,0.01953125,-0.283203125,0.419921875,0.380859375
46375,-0.0390625,-0.107421875,0.37109375,0.37109375
46376,0,-0.13671875,0.341796875,0.37109375
46377,0.0390625,-0.244140625,0.263671875,0.41015625
46378,0.0390625,-0.078125,0.46875,0.37109375
46379,-0.009765625,-0.17578125,0.302734375,0.439453125
46380,-0.009765625,-0.126953125,0.458984375,0.33203125
46381,0.0390625,-0.087890625,0.400390625,0.41015625
46382,-0.0390625,-0.166015625,0.283203125,0.37109375
46383,-0.009765625,-0.029296875,0.5078125,0.37109375
46384,0,-0.029296875,0.400390625,0.3515625
46385,-0.01953125,-0.01953125,0.33203125,0.37109375
46386,-0.01953125,-0.0390625,0.5078125,0.400390625
46387,-0.1171875,-0.068359375,0.341796875,0.478515625
46388,-0.234375,0.01953125,0.3125,0.419921875
46389,-0.009765625,0.01953125,0.244140625,0.380859375
46390,-0.068359375,-0.048828125,0.37109375,0.673828125
46391,-0.0390625,-0.01953125,0.283203125,0.37109375
46392,0.009765625,0.029296875,0.185546875,0.390625
46393,0.009765625,-0.068359375,0.361328125,0.72265625
46394,0.029296875,-0.1171875,0.419921875,0.37109375
46395,-0.01953125,-0.21484375,0.126953125,0.380859375
46396,0.009765625,-0.0390625,0.29296875,0.009765625
46397,0.263671875,-0.068359375,0.33203125,0.361328125
46398,0.078125,-0.15625,0.546875,0.341796875
46399,0.009765625,-0.009765625,0.361328125,0.05859375
46400,0.1953125,-0.068359375,0.380859375,0.37109375
46401,-0.009765625,-0.1171875,0.537109375,0.380859375
46402,-0.01953125,-0.05859375,0.33203125,0.078125
46403,-0.244140625,-0.029296875,0.3125,0.41015625
46404,0.029296875,0.205078125,-0.029296875,0.390625
46405,0,-0.05859375,0.380859375,0.6640625
46406,-0.078125,-0.068359375,0.33203125,0.4296875
46407,-0.0390625,0.087890625,0.029296875,0.400390625
46408,0.05859375,-0.087890625,0.380859375,0.654296875
46409,-0.185546875,-0.05859375,0.3515625,0.341796875
46410,-0.029296875,-0.1171875,0.087890625,0.361328125
46411,-0.01953125,-0.068359375,0.361328125,0.25390625
46412,0.107421875,-0.05859375,0.302734375,0.302734375
46413,-0.01953125,-0.1171875,0.458984375,0.4296875
46414,0,-0.01953125,0.361328125,0.17578125
46415,0.048828125,-0.107421875,0.4296875,0.400390625
46416,-0.009765625,-0.126953125,0.537109375,0.400390625
46417,0.009765625,-0.05859375,0.3515625,0.224609375
46418,-0.029296875,-0.078125,0.3125,0.37109375
46419,-0.107421875,-0.009765625,0.234375,0.33203125
46420,-0.01953125,-0.09765625,0.419921875,0.44921875
46421,-0.068359375,-0.029296875,0.361328125,0.380859375
46422,-0.01953125,-0.048828125,0.244140625,0.3515625
46423,-0.01953125,-0.0390625,0.37109375,0.419921875
46424,0.0390625,-0.068359375,0.302734375,0.419921875
46425,0.048828125,0,0.224609375,0.29296875
46426,-0.009765625,-0.087890625,0.322265625,0.390625
46427,-0.087890625,-0.05859375,0.37109375,0.361328125
46428,0.009765625,-0.009765625,0.37109375,0.41015625
46429,-0.009765625,-0.05859375,0.341796875,0.380859375
46430,-0.078125,-0.048828125,0.37109375,0.33203125
46431,0,-0.009765625,0.44921875,0.380859375
46432,-0.048828125,-0.048828125,0.302734375,0.37109375
46433,-0.009765625,-0.0390625,0.341796875,0.380859375
46434,-0.009765625,-0.078125,0.3515625,0.380859375
46435,-0.029296875,-0.15625,0.361328125,0.3515625
46436,0.029296875,-0.0390625,0.37109375,0.126953125
46437,0.068359375,-0.05859375,0.2734375,0.361328125
46438,-0.029296875,-0.25390625,0.302734375,0.380859375
46439,-0.048828125,-0.05859375,0.361328125,0.234375
46440,0.009765625,-0.05859375,0.322265625,0.33203125
46441,0.01953125,-0.21484375,0.341796875,0.380859375
46442,-0.078125,-0.05859375,0.341796875,-0.048828125
46443,-0.126953125,-0.087890625,0.33203125,0.390625
46444,-0.029296875,0.234375,0.380859375,0.400390625
46445,-0.029296875,0.009765625,0.361328125,0.341796875
46446,-0.13671875,-0.0390625,0.341796875,0.37109375
46447,-0.009765625,0.0390625,0.48828125,0.37109375
46448,-0.068359375,-0.09765625,0.33203125,0.390625
46449,-0.1953125,-0.009765625,0.302734375,0.37109375
46450,0.009765625,-0.09765625,0.3515625,0.439453125
46451,0,-0.01953125,0.341796875,0.41015625
46452,0.3515625,-0.01953125,0.25390625,0.37109375
46453,0,-0.0390625,0.302734375,0.380859375
46454,-0.029296875,-0.009765625,0.3515625,0.44921875
46455,0.126953125,-0.1171875,0.302734375,0.380859375
46456,-0.048828125,-0.15625,0.2734375,0.341796875
46457,0.029296875,-0.048828125,0.302734375,0.37109375
46458,-0.09765625,-0.05859375,0.322265625,0.2734375
46459,0.048828125,0,0.41015625,0.37109375
46460,0.009765625,-0.068359375,0.3515625,0.29296875
46461,-0.244140625,-0.068359375,0.380859375,0.3125
46462,0,0.009765625,0.400390625,0.25390625
46463,0.029296875,-0.01953125,0.3515625,0.283203125
46464,-0.107421875,-0.15625,0.283203125,0.361328125
46465,0.009765625,-0.029296875,0.390625,0.380859375
46466,-0.009765625,-0.126953125,0.3515625,0.400390625
46467,0.009765625,-0.0390625,0.302734375,0.3515625
46468,-0.0390625,0,0.3515625,0.390625
46469,-0.087890625,-0.048828125,0.41015625,0.46875
46470,0.009765625,-0.0390625,0.302734375,0.380859375
46471,-0.01953125,-0.05859375,0.25390625,0.37109375
46472,0,-0.078125,0.341796875,0.439453125
46473,0.029296875,-0.029296875,0.2734375,0.4296875
46474,0,-0.09765625,0.41015625,0.41015625
46475,0,-0.009765625,0.3515625,0.3515625
46476,0,-0.01953125,0.3515625,0.380859375
46477,-0.009765625,-0.068359375,0.439453125,0.390625
46478,0.029296875,-0.0390625,0.361328125,0.302734375
46479,-0.01953125,-0.05859375,0.361328125,0.390625
46480,-0.009765625,-0.029296875,0.419921875,0.37109375
46481,0,-0.048828125,0.380859375,0.4296875
46482,0,0.009765625,0.341796875,0.3515625
46483,0.029296875,0.01953125,0.3125,0.361328125
46484,-0.087890625,-0.009765625,0.341796875,0.5078125
46485,-0.126953125,-0.048828125,0.29296875,0.419921875
46486,0.01953125,0,0.341796875,0.37109375
46487,-0.048828125,-0.068359375,0.37109375,0.4296875
46488,-0.048828125,-0.01953125,0.3515625,0.41015625
46489,-0.029296875,-0.01953125,0.3515625,0.3515625
46490,-0.009765625,0.0390625,0.302734375,0.322265625
46491,-0.078125,-0.029296875,0.3515625,0.29296875
46492,0.029296875,-0.01953125,0.361328125,0.400390625
46493,0.009765625,0.126953125,0.33203125,0.3515625
46494,-0.01953125,-0.13671875,0.37109375,0.4296875
46495,0.068359375,-0.068359375,0.33203125,0.380859375
46496,-0.05859375,0.01953125,0.37109375,0.400390625
46497,0.0390625,-0.05859375,0.3515625,0.390625
46498,0.0390625,-0.1171875,0.361328125,0.380859375
46499,0.01953125,-0.419921875,0.5859375,0.302734375
46500,0.107421875,-0.1171875,0.283203125,0.33203125
46501,-0.107421875,-0.126953125,0.3515625,0.400390625
46502,0.087890625,-0.380859375,0.546875,0.41015625
46503,-0.048828125,-0.078125,0.341796875,0.37109375
46504,0.068359375,-0.0390625,0.283203125,0.341796875
46505,-0.048828125,0.322265625,0.46875,0.390625
46506,-0.009765625,-0.0390625,0.341796875,0.546875
46507,-0.234375,0.009765625,0.341796875,0.4296875
46508,-0.009765625,0.234375,0.17578125,0.37109375
46509,-0.048828125,-0.029296875,0.322265625,0.537109375
46510,-0.234375,0.009765625,0.244140625,0.400390625
46511,0.009765625,0.205078125,0.166015625,0.400390625
46512,-0.01953125,-0.029296875,0.341796875,0.517578125
46513,0.263671875,-0.05859375,0.3125,0.322265625
46514,-0.05859375,-0.3125,0.44921875,0.458984375
46515,0.05859375,0,0.390625,0.17578125
46516,0.3515625,-0.05859375,0.341796875,0.380859375
46517,0.029296875,-0.341796875,0.439453125,0.380859375
46518,0.029296875,0,0.380859375,0.21484375
46519,0.3515625,-0.107421875,0.29296875,0.341796875
46520,-0.05859375,0.09765625,0.48828125,0.3515625
46521,-0.009765625,-0.107421875,0.341796875,0.556640625
46522,-0.185546875,-0.078125,0.380859375,0.380859375
46523,-0.05859375,0.15625,0.29296875,0.37109375
46524,0.009765625,-0.05859375,0.3125,0.576171875
46525,-0.21484375,-0.009765625,0.361328125,0.302734375
46526,0.029296875,0.15625,0.17578125,0.380859375
46527,-0.029296875,-0.029296875,0.3125,0.595703125
46528,0.078125,-0.068359375,0.341796875,0.37109375
46529,0,-0.185546875,0.458984375,0.419921875
46530,-0.048828125,-0.0390625,0.37109375,0.302734375
46531,0.078125,-0.068359375,0.341796875,0.3515625
46532,-0.0390625,-0.09765625,0.46875,0.390625
46533,-0.029296875,-0.05859375,0.322265625,0.234375
46534,0.068359375,-0.087890625,0.400390625,0.390625
46535,0.01953125,-0.087890625,0.44921875,0.439453125
46536,-0.009765625,-0.009765625,0.322265625,0.400390625
46537,0,-0.05859375,0.283203125,0.361328125
46538,0.05859375,-0.01953125,0.1953125,0.390625
46539,-0.009765625,0,0.390625,0.361328125
46540,0.029296875,-0.068359375,0.341796875,0.380859375
46541,0.009765625,-0.009765625,0.244140625,0.33203125
46542,0.01953125,-0.068359375,0.322265625,0.400390625
46543,-0.05859375,-0.068359375,0.37109375,0.380859375
46544,0.05859375,-0.048828125,0.419921875,0.41015625
46545,0.009765625,-0.0390625,0.3515625,0.400390625
46546,-0.0390625,-0.01953125,0.3515625,0.37109375
46547,-0.029296875,-0.0390625,0.390625,0.400390625
46548,-0.01953125,-0.01953125,0.322265625,0.390625
46549,-0.05859375,-0.01953125,0.3515625,0.361328125
46550,-0.029296875,-0.05859375,0.390625,0.341796875
46551,-0.0390625,-0.048828125,0.33203125,0.380859375
46552,-0.01953125,-0.05859375,0.29296875,0.3125
46553,-0.087890625,-0.048828125,0.33203125,0.341796875
46554,-0.05859375,-0.068359375,0.390625,0.400390625
46555,-0.009765625,0.01953125,0.419921875,0.4296875
46556,-0.13671875,0,0.322265625,0.341796875
46557,0.01953125,-0.09765625,0.361328125,0.41015625
46558,-0.009765625,-0.09765625,0.341796875,0.52734375
46559,-0.009765625,-0.078125,0.3515625,0.380859375
46560,-0.078125,-0.126953125,0.3515625,0.361328125
46561,0.068359375,-0.078125,0.361328125,0.166015625
46562,-0.126953125,-0.078125,0.3515625,0.3515625
46563,0,-0.1953125,0.439453125,0.341796875
46564,0.068359375,-0.01953125,0.341796875,0.234375
46565,-0.078125,-0.009765625,0.3515625,0.283203125
46566,-0.01953125,-0.17578125,0.46875,0.400390625
46567,-0.05859375,-0.029296875,0.3125,0.185546875
46568,-0.126953125,0,0.322265625,0.380859375
46569,0,0.05859375,0.17578125,0.244140625
46570,-0.029296875,-0.05859375,0.29296875,0.498046875
46571,-0.15625,-0.009765625,0.380859375,0.322265625
46572,-0.029296875,-0.13671875,0.21484375,0.390625
46573,0.009765625,-0.048828125,0.322265625,0.380859375
46574,-0.087890625,-0.087890625,0.390625,0.322265625
46575,0.048828125,-0.17578125,0.224609375,0.361328125
46576,0.029296875,-0.0390625,0.341796875,0.185546875
46577,0.05859375,-0.087890625,0.361328125,0.419921875
46578,-0.048828125,-0.21484375,0.576171875,0.361328125
46579,0.009765625,0.01953125,0.341796875,0.185546875
46580,0.078125,-0.0390625,0.361328125,0.380859375
46581,-0.029296875,-0.15625,0.546875,0.400390625
46582,-0.068359375,-0.048828125,0.390625,0.185546875
46583,-0.068359375,-0.029296875,0.29296875,0.400390625
46584,0.009765625,0.126953125,0.146484375,0.400390625
46585,-0.0390625,-0.078125,0.33203125,0.634765625
46586,-0.087890625,-0.048828125,0.37109375,0.390625
46587,-0.009765625,0.15625,0.107421875,0.37109375
46588,-0.009765625,-0.068359375,0.33203125,0.546875
46589,-0.146484375,-0.029296875,0.341796875,0.3125
46590,0.029296875,-0.205078125,0.146484375,0.380859375
46591,-0.009765625,-0.029296875,0.361328125,0.234375
46592,-0.009765625,-0.05859375,0.3125,0.41015625
46593,-0.01953125,-0.17578125,0.48828125,0.37109375
46594,-0.01953125,-0.0390625,0.341796875,0.25390625
46595,0.048828125,-0.009765625,0.419921875,0.380859375
46596,-0.029296875,-0.13671875,0.5078125,0.390625
46597,-0.009765625,-0.126953125,0.37109375,0.244140625
46598,-0.01953125,-0.05859375,0.302734375,0.439453125
46599,-0.09765625,-0.048828125,0.224609375,0.322265625
46600,0.029296875,-0.068359375,0.244140625,0.46875
46601,0.009765625,0,0.322265625,0.390625
46602,0,-0.01953125,0.2734375,0.458984375
46603,-0.078125,-0.029296875,0.33203125,0.5078125
46604,0.01953125,-0.1171875,0.3515625,0.46875
46605,0.0390625,-0.01953125,0.283203125,0.41015625
46606,-0.029296875,-0.029296875,0.37109375,0.29296875
46607,-0.009765625,-0.048828125,0.302734375,0.44921875
46608,-0.1171875,-0.029296875,0.361328125,0.419921875
46609,-0.029296875,-0.126953125,0.380859375,0.33203125
46610,-0.029296875,-0.01953125,0.3515625,0.4296875
46611,-0.15625,-0.048828125,0.341796875,0.439453125
46612,-0.029296875,-0.068359375,0.322265625,0.3125
46613,0.01953125,-0.068359375,0.29296875,0.361328125
46614,-0.17578125,-0.078125,0.283203125,0.400390625
46615,-0.068359375,-0.0390625,0.3515625,0.380859375
46616,0.009765625,-0.048828125,0.390625,0.419921875
46617,0.185546875,-0.0390625,0.4296875,0.3515625
46618,-0.029296875,0.01953125,0.244140625,0.419921875
46619,0.01953125,-0.009765625,0.302734375,0.341796875
46620,0.13671875,-0.087890625,0.341796875,0.341796875
46621,-0.01953125,-0.009765625,0.25390625,0.33203125
46622,-0.029296875,-0.068359375,0.439453125,0.3515625
46623,-0.21484375,-0.05859375,0.302734375,0.3515625
46624,0.01953125,0.146484375,0.205078125,0.37109375
46625,0.078125,0,0.33203125,-0.0390625
46626,-0.263671875,-0.048828125,0.37109375,0.41015625
46627,-0.0390625,0.17578125,0.263671875,0.3515625
46628,0.009765625,-0.0390625,0.41015625,0.029296875
46629,-0.13671875,-0.009765625,0.224609375,0.4296875
46630,-0.009765625,-0.3515625,0.29296875,0.41015625
46631,-0.01953125,-0.078125,0.322265625,0.498046875
46632,0.107421875,-0.01953125,0.322265625,0.380859375
46633,-0.01953125,-0.419921875,0.37109375,0.37109375
46634,-0.0390625,-0.087890625,0.322265625,0.41015625
46635,0.244140625,-0.146484375,0.3125,0.380859375
46636,0.029296875,-0.21484375,0.341796875,0.3515625
46637,-0.009765625,-0.009765625,0.361328125,0.234375
46638,-0.126953125,-0.13671875,0.361328125,0.41015625
46639,0.009765625,0.068359375,0.25390625,0.302734375
46640,0,-0.0390625,0.3515625,0.400390625
46641,0.01953125,-0.078125,0.390625,0.380859375
46642,-0.009765625,0.087890625,0.46875,0.37109375
46643,-0.009765625,-0.01953125,0.341796875,0.37109375
46644,-0.107421875,-0.107421875,0.25390625,0.341796875
46645,-0.048828125,-0.05859375,0.361328125,0.4296875
46646,-0.05859375,-0.1171875,0.33203125,0.458984375
46647,-0.09765625,-0.0390625,0.302734375,0.361328125
46648,-0.009765625,-0.068359375,0.302734375,0.380859375
46649,0,-0.09765625,0.37109375,0.390625
46650,-0.029296875,-0.029296875,0.390625,0.380859375
46651,0.029296875,-0.09765625,0.3515625,0.341796875
46652,-0.0390625,-0.01953125,0.3125,0.380859375
46653,0.05859375,-0.048828125,0.37109375,0.361328125
46654,0,-0.13671875,0.41015625,0.322265625
46655,0,-0.048828125,0.33203125,0.29296875
46656,0.0390625,0.009765625,0.3515625,0.400390625
46657,-0.087890625,-0.078125,0.322265625,0.361328125
46658,0.029296875,-0.068359375,0.33203125,0.29296875
46659,0.087890625,-0.05859375,0.322265625,0.380859375
46660,0.009765625,-0.009765625,0.41015625,0.37109375
46661,-0.009765625,-0.01953125,0.341796875,0.380859375
46662,-0.0390625,-0.146484375,0.390625,0.390625
46663,0.05859375,-0.0390625,0.263671875,0.3515625
46664,0.009765625,-0.0390625,0.380859375,0.390625
46665,-0.078125,-0.05859375,0.33203125,0.400390625
46666,-0.068359375,-0.048828125,0.341796875,0.419921875
46667,-0.087890625,-0.05859375,0.341796875,0.390625
46668,-0.029296875,-0.029296875,0.341796875,0.322265625
46669,-0.029296875,-0.048828125,0.361328125,0.361328125
46670,0.029296875,-0.009765625,0.3515625,0.3515625
46671,-0.048828125,-0.009765625,0.37109375,0.41015625
46672,-0.146484375,-0.009765625,0.341796875,0.322265625
46673,0.05859375,-0.0390625,0.3515625,0.390625
46674,-0.0390625,-0.05859375,0.390625,0.478515625
46675,-0.029296875,-0.0390625,0.361328125,0.390625
46676,-0.01953125,-0.029296875,0.3515625,0.3515625
46677,0.048828125,-0.0390625,0.33203125,0.60546875
46678,0.224609375,-0.1171875,0.3125,0.361328125
46679,0.009765625,-0.0390625,0.3125,0.2734375
46680,0.048828125,-0.009765625,0.37109375,0.419921875
46681,0.341796875,-0.0390625,0.341796875,0.390625
46682,0,-0.01953125,0.341796875,0.361328125
46683,-0.029296875,-0.05859375,0.380859375,0.5078125
46684,0.029296875,-0.009765625,0.33203125,0.458984375
46685,-0.05859375,0.029296875,0.41015625,0.41015625
46686,0.009765625,-0.078125,0.3515625,0.537109375
46687,-0.224609375,-0.01953125,0.3125,0.419921875
46688,0,0.185546875,0.13671875,0.400390625
46689,-0.009765625,-0.0390625,0.2734375,0.556640625
46690,-0.166015625,-0.078125,0.390625,0.41015625
46691,-0.009765625,0.1171875,0.224609375,0.380859375
46692,0.009765625,-0.048828125,0.341796875,0.517578125
46693,0.25390625,-0.0390625,0.4296875,0.33203125
46694,0.029296875,-0.263671875,0.654296875,0.244140625
46695,0.01953125,-0.048828125,0.46875,0.244140625
46696,0.29296875,0.009765625,0.302734375,0.400390625
46697,-0.01953125,-0.224609375,0.64453125,0.3515625
46698,0.01953125,-0.048828125,0.361328125,0.283203125
46699,0.21484375,-0.0390625,0.29296875,0.4296875
46700,-0.009765625,0.1171875,0.64453125,0.3515625
46701,0,-0.078125,0.341796875,0.56640625
46702,-0.21484375,-0.0390625,0.3515625,0.3515625
46703,-0.087890625,0.146484375,0.21484375,0.361328125
46704,-0.009765625,-0.048828125,0.341796875,0.556640625
46705,-0.15625,-0.01953125,0.33203125,0.4296875
46706,-0.01953125,0.13671875,0.21484375,0.390625
46707,-0.087890625,-0.087890625,0.302734375,0.615234375
46708,0.09765625,-0.0390625,0.380859375,0.4296875
46709,0.009765625,-0.068359375,0.341796875,0.44921875
46710,0.029296875,-0.048828125,0.3125,0.263671875
46711,0.09765625,0.029296875,0.361328125,0.37109375
46712,0.01953125,-0.087890625,0.44921875,0.400390625
46713,0.01953125,-0.068359375,0.322265625,0.1953125
46714,0.1171875,-0.087890625,0.419921875,0.341796875
46715,-0.01953125,-0.087890625,0.458984375,0.380859375
46716,-0.0390625,-0.068359375,0.361328125,0.439453125
46717,0,-0.1171875,0.361328125,0.390625
46718,-0.029296875,-0.048828125,0.33203125,0.37109375
46719,-0.09765625,-0.068359375,0.3515625,0.390625
46720,-0.1171875,-0.068359375,0.3125,0.361328125
46721,0,-0.01953125,0.29296875,0.341796875
46722,0.01953125,-0.029296875,0.341796875,0.46875
46723,0,-0.048828125,0.302734375,0.419921875
46724,-0.009765625,0.009765625,0.361328125,0.3125
46725,-0.029296875,-0.126953125,0.341796875,0.33203125
46726,0,-0.0390625,0.37109375,0.419921875
46727,-0.01953125,-0.009765625,0.361328125,0.390625
46728,-0.009765625,-0.087890625,0.37109375,0.3125
46729,-0.01953125,0.029296875,0.33203125,0.37109375
46730,0.05859375,-0.05859375,0.263671875,0.390625
46731,0,-0.068359375,0.3515625,0.419921875
46732,0.05859375,-0.01953125,0.361328125,0.390625
46733,0.0390625,-0.087890625,0.41015625,0.439453125
46734,-0.087890625,-0.1953125,0.322265625,0.400390625
46735,-0.078125,-0.0390625,0.341796875,0.361328125
46736,0.0390625,-0.09765625,0.33203125,0.322265625
46737,0,-0.166015625,0.29296875,0.361328125
46738,0.068359375,-0.068359375,0.341796875,0.400390625
46739,0.068359375,-0.05859375,0.33203125,0.3515625
46740,0.01953125,0.05859375,0.166015625,0.29296875
46741,0.01953125,-0.01953125,0.390625,0.17578125
46742,-0.087890625,-0.05859375,0.3515625,0.400390625
46743,0.009765625,-0.126953125,0.46875,0.33203125
46744,-0.009765625,-0.09765625,0.3515625,0.390625
46745,-0.13671875,-0.0390625,0.3125,0.400390625
46746,0.009765625,0.029296875,0.52734375,0.390625
46747,-0.05859375,-0.0390625,0.302734375,0.263671875
46748,-0.107421875,0,0.302734375,0.380859375
46749,-0.009765625,-0.029296875,0.09765625,0.41015625
46750,-0.029296875,-0.068359375,0.341796875,0.546875
46751,-0.068359375,0.01953125,0.3125,0.37109375
46752,0.0390625,-0.029296875,0.17578125,0.41015625
46753,0.029296875,-0.048828125,0.3125,0.5078125
46754,-0.029296875,-0.05859375,0.419921875,0.4296875
46755,0.029296875,-0.146484375,0.13671875,0.33203125
46756,0.029296875,-0.048828125,0.33203125,0.15625
46757,0.205078125,-0.05859375,0.37109375,0.322265625
46758,-0.01953125,-0.1171875,0.556640625,0.380859375
46759,-0.029296875,-0.029296875,0.400390625,0.1953125
46760,0.068359375,-0.009765625,0.4296875,0.390625
46761,0.0390625,-0.1953125,0.546875,0.400390625
46762,-0.029296875,-0.01953125,0.33203125,0.146484375
46763,-0.263671875,-0.05859375,0.341796875,0.3125
46764,0,0.05859375,0.2734375,0.439453125
46765,0.068359375,-0.09765625,0.361328125,0.60546875
46766,-0.205078125,-0.029296875,0.322265625,0.390625
46767,0,0.01953125,0.2734375,0.33203125
46768,-0.029296875,-0.126953125,0.3515625,0.556640625
46769,-0.17578125,-0.009765625,0.341796875,0.41015625
46770,0,-0.068359375,0.1953125,0.380859375
46771,0,-0.05859375,0.341796875,0.322265625
46772,0.107421875,-0.009765625,0.3515625,0.37109375
46773,-0.0390625,-0.146484375,0.439453125,0.33203125
46774,-0.009765625,0.009765625,0.3515625,0.263671875
46775,0.087890625,-0.078125,0.3125,0.37109375
46776,-0.0390625,-0.146484375,0.4296875,0.400390625
46777,0,-0.048828125,0.283203125,0.185546875
46778,-0.01953125,-0.068359375,0.390625,0.37109375
46779,-0.0390625,-0.1171875,0.205078125,0.390625
46780,-0.009765625,-0.05859375,0.33203125,0.46875
46781,-0.09765625,-0.05859375,0.33203125,0.37109375
46782,-0.01953125,-0.05859375,0.25390625,0.380859375
46783,-0.048828125,-0.087890625,0.341796875,0.4296875
46784,-0.029296875,-0.01953125,0.33203125,0.380859375
46785,-0.01953125,-0.048828125,0.234375,0.37109375
46786,0,-0.048828125,0.33203125,0.361328125
46787,-0.048828125,-0.05859375,0.341796875,0.33203125
46788,-0.009765625,-0.0390625,0.361328125,0.380859375
46789,0.01953125,0.01953125,0.3515625,0.390625
46790,-0.078125,-0.029296875,0.4296875,0.3515625
46791,-0.029296875,-0.01953125,0.419921875,0.3515625
46792,0.029296875,0.048828125,0.37109375,0.41015625
46793,0.009765625,-0.13671875,0.3125,0.3515625
46794,-0.029296875,-0.068359375,0.244140625,0.400390625
46795,-0.009765625,-0.1953125,0.341796875,0.3515625
46796,0.078125,0.0390625,0.341796875,0.224609375
46797,0.185546875,-0.078125,0.341796875,0.361328125
46798,-0.01953125,-0.1171875,0.439453125,0.41015625
46799,0.048828125,-0.0390625,0.3125,0.2734375
46800,0.15625,-0.107421875,0.25390625,0.46875
46801,0,-0.107421875,0.29296875,0.380859375
46802,-0.029296875,-0.048828125,0.3125,0.3125
46803,-0.37109375,-0.048828125,0.380859375,0.3125
46804,0.01953125,0.263671875,0.283203125,0.4296875
46805,0.01953125,-0.068359375,0.29296875,0.46875
46806,-0.302734375,-0.029296875,0.3125,0.361328125
46807,-0.0390625,0.2734375,0.2734375,0.41015625
46808,0,-0.078125,0.3515625,0.458984375
46809,-0.41015625,-0.01953125,0.37109375,0.400390625
46810,0.009765625,-0.1953125,0.439453125,0.380859375
46811,-0.048828125,-0.009765625,0.302734375,0.4296875
46812,0.29296875,-0.048828125,0.322265625,0.322265625
46813,-0.009765625,-0.107421875,0.21484375,0.361328125
46814,-0.0390625,-0.048828125,0.33203125,0.380859375
46815,0.244140625,-0.0390625,0.2734375,0.37109375
46816,0,-0.17578125,0.3125,0.322265625
46817,0.05859375,-0.068359375,0.341796875,0.400390625
46818,-0.15625,-0.048828125,0.37109375,0.419921875
46819,-0.029296875,0,0.44921875,0.341796875
46820,0.009765625,-0.087890625,0.33203125,0.41015625
46821,-0.205078125,-0.09765625,0.302734375,0.380859375
46822,0.01953125,0.01953125,0.2734375,0.37109375
46823,0.009765625,-0.048828125,0.37109375,0.380859375
46824,-0.13671875,-0.068359375,0.3125,0.341796875
46825,-0.0390625,0.09765625,0.29296875,0.380859375
46826,0.0390625,-0.068359375,0.341796875,0.380859375
46827,0.048828125,-0.048828125,0.341796875,0.439453125
46828,-0.009765625,-0.01953125,0.4296875,0.37109375
46829,-0.05859375,-0.048828125,0.361328125,0.361328125
46830,0.078125,0,0.283203125,0.390625
46831,-0.05859375,-0.01953125,0.3125,0.380859375
46832,-0.0390625,-0.048828125,0.361328125,0.37109375
46833,0.009765625,-0.029296875,0.380859375,0.33203125
46834,-0.009765625,-0.15625,0.419921875,0.322265625
46835,-0.126953125,0.01953125,0.361328125,0.37109375
46836,0.01953125,-0.078125,0.341796875,0.400390625
46837,-0.0390625,-0.09765625,0.380859375,0.37109375
46838,0,-0.078125,0.3125,0.37109375
46839,-0.009765625,-0.09765625,0.3515625,0.41015625
46840,-0.048828125,-0.01953125,0.380859375,0.3515625
46841,-0.0390625,-0.068359375,0.33203125,0.380859375
46842,-0.05859375,-0.09765625,0.37109375,0.3515625
46843,0.048828125,-0.009765625,0.29296875,0.37109375
46844,0,-0.009765625,0.361328125,0.3515625
46845,0,-0.05859375,0.3515625,0.400390625
46846,-0.087890625,-0.0390625,0.37109375,0.390625
46847,0.0390625,-0.087890625,0.3125,0.390625
46848,-0.029296875,-0.0390625,0.302734375,0.3515625
46849,-0.009765625,-0.05859375,0.380859375,0.37109375
46850,0,0.205078125,0.33203125,0.361328125
46851,-0.01953125,-0.048828125,0.380859375,0.3515625
46852,0.0390625,-0.01953125,0.341796875,0.400390625
46853,-0.029296875,0.1953125,0.37109375,0.25390625
46854,-0.009765625,-0.068359375,0.341796875,0.361328125
46855,0.107421875,-0.087890625,0.3125,0.41015625
46856,-0.029296875,0.09765625,0.37109375,0.341796875
46857,0.029296875,-0.068359375,0.3125,0.37109375
46858,-0.029296875,-0.078125,0.390625,0.341796875
46859,-0.009765625,-0.400390625,0.556640625,0.37109375
46860,0.048828125,-0.05859375,0.341796875,0.400390625
46861,-0.01953125,-0.0390625,0.380859375,0.400390625
46862,-0.01953125,-0.322265625,0.56640625,0.4296875
46863,0.009765625,-0.01953125,0.33203125,0.37109375
46864,-0.1171875,-0.029296875,0.283203125,0.400390625
46865,-0.01953125,0.33203125,0.48828125,0.37109375
46866,-0.068359375,-0.078125,0.37109375,0.595703125
46867,-0.068359375,0.009765625,0.283203125,0.419921875
46868,-0.05859375,0.166015625,0.234375,0.390625
46869,-0.048828125,-0.05859375,0.33203125,0.56640625
46870,-0.01953125,-0.0390625,0.33203125,0.380859375
46871,-0.0390625,0.126953125,0.244140625,0.3515625
46872,0,0,0.390625,0.693359375
46873,0.13671875,-0.0390625,0.283203125,0.41015625
46874,0.009765625,-0.244140625,0.46875,0.302734375
46875,-0.009765625,-0.087890625,0.322265625,0.263671875
46876,0.15625,-0.09765625,0.341796875,0.361328125
46877,-0.078125,-0.2734375,0.556640625,0.400390625
46878,0,-0.048828125,0.37109375,0.146484375
46879,0.09765625,-0.048828125,0.3515625,0.37109375
46880,0.029296875,0.1171875,0.52734375,0.380859375
46881,-0.0390625,-0.078125,0.302734375,0.41015625
46882,-0.21484375,-0.087890625,0.341796875,0.341796875
46883,-0.01953125,0.107421875,0.107421875,0.361328125
46884,-0.048828125,-0.087890625,0.37109375,0.5078125
46885,-0.185546875,-0.01953125,0.37109375,0.400390625
46886,-0.048828125,0.17578125,0.166015625,0.3515625
46887,-0.048828125,-0.078125,0.302734375,0.4296875
46888,0.01953125,0.029296875,0.322265625,0.390625
46889,0.009765625,-0.126953125,0.498046875,0.380859375
46890,-0.029296875,-0.0390625,0.361328125,0.3515625
46891,0.087890625,-0.029296875,0.33203125,0.439453125
46892,0.009765625,-0.068359375,0.498046875,0.3515625
46893,-0.0390625,0,0.29296875,0.25390625
46894,0.068359375,-0.048828125,0.380859375,0.4296875
46895,0.009765625,-0.01953125,0.48828125,0.390625
46896,0.029296875,-0.087890625,0.341796875,0.37109375
46897,-0.01953125,-0.01953125,0.33203125,0.380859375
46898,-0.068359375,-0.107421875,0.283203125,0.41015625
46899,-0.048828125,0,0.361328125,0.380859375
46900,-0.01953125,-0.0390625,0.33203125,0.3515625
46901,-0.078125,-0.009765625,0.205078125,0.380859375
46902,-0.009765625,-0.01953125,0.380859375,0.41015625
46903,-0.05859375,-0.068359375,0.361328125,0.419921875
46904,-0.009765625,-0.048828125,0.419921875,0.3515625
46905,-0.01953125,-0.029296875,0.3125,0.361328125
46906,-0.01953125,-0.0390625,0.33203125,0.37109375
46907,-0.009765625,-0.05859375,0.419921875,0.390625
46908,-0.029296875,-0.0390625,0.3515625,0.37109375
46909,-0.068359375,-0.01953125,0.322265625,0.3515625
46910,-0.01953125,-0.087890625,0.439453125,0.400390625
46911,-0.029296875,-0.09765625,0.322265625,0.439453125
46912,0.01953125,-0.068359375,0.3515625,0.322265625
46913,-0.146484375,-0.009765625,0.3125,0.361328125
46914,-0.009765625,-0.224609375,0.263671875,0.419921875
46915,-0.048828125,-0.009765625,0.3515625,0.41015625
46916,-0.234375,-0.087890625,0.3125,0.4296875
46917,-0.048828125,-0.087890625,0.390625,0.439453125
46918,0.01953125,-0.05859375,0.400390625,0.390625
46919,-0.13671875,-0.087890625,0.341796875,0.361328125
46920,-0.009765625,-0.009765625,0.341796875,0.361328125
46921,-0.029296875,-0.048828125,0.341796875,0.126953125
46922,0.068359375,-0.048828125,0.361328125,0.380859375
46923,0,-0.009765625,0.283203125,0.361328125
46924,0.048828125,-0.029296875,0.283203125,0.15625
46925,0.146484375,0.048828125,0.380859375,0.380859375
46926,-0.048828125,-0.068359375,0.3125,0.419921875
46927,-0.01953125,0,0.341796875,-0.078125
46928,-0.01953125,0,0.361328125,0.390625
46929,0,-0.068359375,0.21484375,0.400390625
46930,-0.068359375,-0.01953125,0.25390625,0.595703125
46931,0.0390625,-0.009765625,0.322265625,0.380859375
46932,0,-0.087890625,0.3515625,0.419921875
46933,0.087890625,-0.05859375,0.3125,0.546875
46934,0.078125,-0.087890625,0.341796875,0.361328125
46935,0.05859375,-0.166015625,0.17578125,0.341796875
46936,-0.009765625,-0.029296875,0.33203125,0.185546875
46937,0.009765625,-0.09765625,0.3515625,0.361328125
46938,-0.068359375,-0.087890625,0.439453125,0.4296875
46939,0,-0.048828125,0.322265625,0.205078125
46940,0,-0.029296875,0.234375,0.302734375
46941,0.029296875,-0.107421875,0.5078125,0.37109375
46942,-0.009765625,0.009765625,0.3515625,0.185546875
46943,-0.15625,-0.0390625,0.380859375,0.322265625
46944,0.0390625,0.1171875,0.1953125,0.41015625
46945,0.01953125,-0.029296875,0.33203125,0.478515625
46946,-0.09765625,-0.05859375,0.29296875,0.390625
46947,-0.0390625,0.087890625,0.15625,0.33203125
46948,0.048828125,-0.0390625,0.3515625,0.48828125
46949,-0.068359375,-0.0390625,0.390625,0.390625
46950,0,-0.13671875,0.29296875,0.390625
46951,0.029296875,-0.009765625,0.380859375,0.29296875
46952,0.009765625,-0.068359375,0.361328125,0.3515625
46953,0.009765625,-0.1953125,0.498046875,0.37109375
46954,0.009765625,-0.029296875,0.341796875,0.33203125
46955,0.009765625,-0.029296875,0.37109375,0.322265625
46956,0.009765625,-0.126953125,0.439453125,0.41015625
46957,0,-0.048828125,0.341796875,0.302734375
46958,-0.01953125,-0.05859375,0.302734375,0.4296875
46959,0.009765625,-0.029296875,0.224609375,0.37109375
46960,-0.029296875,-0.048828125,0.3125,0.52734375
46961,-0.029296875,-0.09765625,0.361328125,0.361328125
46962,0.01953125,-0.048828125,0.3125,0.33203125
46963,-0.01953125,-0.087890625,0.341796875,0.390625
46964,-0.009765625,-0.068359375,0.3515625,0.400390625
46965,-0.009765625,-0.048828125,0.322265625,0.341796875
46966,-0.048828125,-0.068359375,0.341796875,0.29296875
46967,-0.009765625,-0.0390625,0.322265625,0.37109375
46968,-0.0390625,0.048828125,0.3515625,0.37109375
46969,-0.05859375,-0.087890625,0.3515625,0.3125
46970,-0.05859375,-0.029296875,0.361328125,0.400390625
46971,0.0390625,-0.01953125,0.33203125,0.390625
46972,0.009765625,-0.05859375,0.341796875,0.3515625
46973,-0.029296875,-0.09765625,0.3515625,0.302734375
46974,0.068359375,-0.078125,0.380859375,0.4296875
46975,0.0390625,-0.01953125,0.3515625,0.419921875
46976,0.048828125,-0.068359375,0.37109375,0.361328125
46977,0.068359375,-0.13671875,0.361328125,0.322265625
46978,0.0390625,-0.087890625,0.29296875,0.4296875
46979,0.029296875,0.029296875,0.263671875,0.419921875
46980,0.009765625,-0.068359375,0.37109375,0.3515625
46981,0.029296875,-0.107421875,0.17578125,0.37109375
46982,-0.068359375,-0.009765625,0.3515625,0.41015625
46983,-0.0390625,-0.029296875,0.390625,0.37109375
46984,0.078125,0.205078125,0.380859375,0.341796875
46985,0,-0.1171875,0.3125,0.068359375
46986,-0.126953125,-0.029296875,0.33203125,0.390625
46987,-0.029296875,0.126953125,0.33203125,0.390625
46988,-0.01953125,-0.029296875,0.302734375,0.224609375
46989,-0.087890625,-0.05859375,0.41015625,0.361328125
46990,-0.009765625,-0.283203125,0.48828125,0.4296875
46991,-0.048828125,-0.05859375,0.322265625,0.458984375
46992,0.15625,-0.0390625,0.37109375,0.41015625
46993,0.009765625,-0.33203125,0.263671875,0.41015625
46994,-0.0390625,-0.0390625,0.3515625,0.458984375
46995,0.1171875,-0.087890625,0.33203125,0.419921875
46996,0.09765625,-0.283203125,0.400390625,0.361328125
46997,0.009765625,-0.068359375,0.3125,0.400390625
46998,-0.107421875,-0.078125,0.390625,0.29296875
46999,0,0.107421875,0.458984375,0.33203125
47000,-0.048828125,-0.05859375,0.341796875,0.361328125
47001,-0.01953125,-0.048828125,0.361328125,0.33203125
47002,0.068359375,0.078125,0.48828125,0.361328125
47003,-0.009765625,-0.0390625,0.3515625,0.439453125
47004,0.009765625,-0.01953125,0.439453125,0.3125
47005,0.009765625,-0.068359375,0.546875,0.41015625
47006,0.009765625,-0.126953125,0.3515625,0.341796875
47007,-0.126953125,-0.009765625,0.341796875,0.361328125
47008,-0.01953125,-0.09765625,0.341796875,0.361328125
47009,0.009765625,-0.05859375,0.380859375,0.400390625
47010,-0.0390625,-0.0390625,0.361328125,0.4296875
47011,-0.01953125,-0.068359375,0.400390625,0.37109375
47012,-0.048828125,-0.0390625,0.263671875,0.400390625
47013,0.068359375,-0.048828125,0.380859375,0.400390625
47014,0.009765625,-0.1171875,0.283203125,0.419921875
47015,-0.068359375,-0.048828125,0.361328125,0.283203125
47016,0.0390625,-0.068359375,0.361328125,0.380859375
47017,0.029296875,-0.048828125,0.234375,0.41015625
47018,0.01953125,-0.087890625,0.361328125,0.41015625
47019,0.01953125,-0.068359375,0.302734375,0.390625
47020,-0.05859375,-0.0390625,0.263671875,0.41015625
47021,-0.05859375,-0.078125,0.341796875,0.390625
47022,-0.05859375,-0.126953125,0.37109375,0.341796875
47023,-0.01953125,-0.009765625,0.33203125,0.380859375
47024,-0.029296875,-0.087890625,0.3515625,0.37109375
47025,-0.126953125,-0.09765625,0.322265625,0.3515625
47026,-0.029296875,-0.1171875,0.439453125,0.361328125
47027,0.0390625,-0.05859375,0.341796875,0.439453125
47028,-0.048828125,-0.05859375,0.3125,0.37109375
47029,-0.009765625,-0.01953125,0.302734375,0.41015625
47030,0.029296875,-0.09765625,0.29296875,0.341796875
47031,-0.05859375,0,0.3515625,0.400390625
47032,0,-0.029296875,0.3515625,0.3515625
47033,0.107421875,-0.0390625,0.361328125,0.41015625
47034,-0.087890625,-0.009765625,0.361328125,0.419921875
47035,-0.048828125,-0.09765625,0.3125,0.41015625
47036,-0.029296875,-0.068359375,0.322265625,0.361328125
47037,0.009765625,-0.048828125,0.361328125,0.419921875
47038,-0.0390625,-0.09765625,0.400390625,0.37109375
47039,-0.01953125,0.107421875,0.302734375,0.37109375
47040,0.0390625,-0.078125,0.33203125,0.29296875
47041,0.087890625,-0.048828125,0.41015625,0.37109375
47042,0,0.01953125,0.33203125,0.341796875
47043,-0.048828125,-0.1171875,0.361328125,0.48828125
47044,-0.029296875,0.009765625,0.41015625,0.37109375
47045,0.068359375,-0.09765625,0.341796875,0.380859375
47046,-0.09765625,-0.048828125,0.3125,0.458984375
47047,-0.302734375,-0.01953125,0.37109375,0.361328125
47048,-0.029296875,-0.17578125,0.33203125,0.37109375
47049,-0.078125,-0.048828125,0.302734375,0.419921875
47050,-0.3515625,-0.0390625,0.341796875,0.44921875
47051,0,-0.0390625,0.341796875,0.29296875
47052,-0.009765625,-0.0390625,0.283203125,0.458984375
47053,0.25390625,-0.05859375,0.361328125,0.41015625
47054,0.009765625,-0.263671875,0.498046875,0.37109375
47055,-0.078125,-0.087890625,0.361328125,0.17578125
47056,0.126953125,-0.048828125,0.322265625,0.37109375
47057,0.009765625,-0.15625,0.48828125,0.341796875
47058,-0.01953125,-0.029296875,0.283203125,0.185546875
47059,0.15625,-0.09765625,0.29296875,0.390625
47060,-0.01953125,0.078125,0.41015625,0.390625
47061,0,-0.0390625,0.37109375,0.537109375
47062,-0.185546875,-0.05859375,0.37109375,0.302734375
47063,-0.029296875,0.107421875,0.166015625,0.341796875
47064,0.0390625,-0.078125,0.3125,0.56640625
47065,-0.17578125,-0.009765625,0.341796875,0.390625
47066,-0.0390625,0.107421875,0.234375,0.390625
47067,-0.0390625,0.009765625,0.341796875,0.595703125
47068,0.05859375,-0.048828125,0.322265625,0.390625
47069,0,-0.09765625,0.380859375,0.41015625
47070,-0.05859375,-0.0390625,0.361328125,0.21484375
47071,0.029296875,-0.029296875,0.390625,0.322265625
47072,0.01953125,-0.09765625,0.439453125,0.439453125
47073,-0.009765625,-0.068359375,0.3515625,0.302734375
47074,0.0390625,-0.0390625,0.361328125,0.361328125
47075,0.029296875,-0.1171875,0.439453125,0.4296875
47076,0.029296875,-0.126953125,0.322265625,0.419921875
47077,-0.029296875,-0.048828125,0.390625,0.400390625
47078,0.029296875,-0.09765625,0.3125,0.3125
47079,-0.009765625,-0.048828125,0.3125,0.498046875
47080,-0.009765625,-0.078125,0.380859375,0.390625
47081,0.029296875,-0.05859375,0.37109375,0.4296875
47082,0.029296875,0.029296875,0.361328125,0.439453125
47083,-0.029296875,-0.17578125,0.302734375,0.400390625
47084,0.01953125,0.029296875,0.341796875,0.41015625
47085,-0.048828125,-0.048828125,0.33203125,0.25390625
47086,-0.068359375,-0.048828125,0.419921875,0.361328125
47087,-0.15625,0.029296875,0.390625,0.361328125
47088,0.009765625,-0.009765625,0.3515625,0.21484375
47089,-0.05859375,-0.029296875,0.29296875,0.4296875
47090,-0.107421875,-0.05859375,0.33203125,0.361328125
47091,-0.01953125,-0.05859375,0.322265625,0.41015625
47092,0,-0.048828125,0.390625,0.400390625
47093,0.2734375,-0.068359375,0.322265625,0.390625
47094,-0.048828125,-0.25390625,0.2734375,0.4296875
47095,0,-0.048828125,0.322265625,0.380859375
47096,0.244140625,0,0.33203125,0.37109375
47097,-0.078125,-0.1953125,0.322265625,0.37109375
47098,0.009765625,-0.05859375,0.341796875,0.361328125
47099,0.185546875,-0.068359375,0.341796875,0.400390625
47100,0.05859375,0,0.302734375,0.3515625
47101,0.009765625,-0.05859375,0.33203125,0.2734375
47102,-0.09765625,-0.05859375,0.341796875,0.322265625
47103,0.05859375,0.05859375,0.419921875,0.3125
47104,0.029296875,-0.087890625,0.33203125,0.13671875
47105,-0.048828125,-0.029296875,0.3515625,0.341796875
47106,0.009765625,0.107421875,0.400390625,0.341796875
47107,0.0390625,-0.01953125,0.41015625,0.166015625
47108,-0.078125,-0.01953125,0.33203125,0.361328125
47109,0.0390625,-0.1171875,0.1953125,0.302734375
47110,-0.01953125,-0.029296875,0.302734375,0.2734375
47111,-0.087890625,-0.166015625,0.3125,0.37109375
47112,0.0390625,-0.166015625,0.166015625,0.361328125
47113,0.029296875,-0.048828125,0.361328125,0.1953125
47114,-0.09765625,-0.068359375,0.390625,0.322265625
47115,0.01953125,-0.068359375,0.17578125,0.37109375
47116,-0.05859375,-0.0390625,0.33203125,0.29296875
47117,0.107421875,-0.078125,0.4296875,0.4296875
47118,0.01953125,-0.05859375,0.302734375,0.41015625
47119,-0.01953125,0,0.341796875,0.390625
47120,0.09765625,-0.05859375,0.29296875,0.400390625
47121,0.009765625,-0.09765625,0.380859375,0.41015625
47122,0.009765625,-0.029296875,0.390625,0.25390625
47123,-0.05859375,-0.048828125,0.341796875,0.3515625
47124,-0.048828125,0.009765625,0.283203125,0.37109375
47125,-0.048828125,-0.087890625,0.341796875,0.458984375
47126,-0.234375,-0.068359375,0.3515625,0.41015625
47127,-0.009765625,0.029296875,0.33203125,0.400390625
47128,-0.0390625,-0.087890625,0.37109375,0.44921875
47129,-0.13671875,-0.01953125,0.322265625,0.37109375
47130,-0.029296875,-0.048828125,0.33203125,0.361328125
47131,0.078125,-0.01953125,0.283203125,0.380859375
47132,0.078125,0.01953125,0.361328125,0.33203125
47133,0.009765625,-0.146484375,0.419921875,0.4296875
47134,0.05859375,0.01953125,0.29296875,0.361328125
47135,0.126953125,-0.048828125,0.380859375,0.33203125
47136,0.009765625,-0.1171875,0.400390625,0.41015625
47137,0,-0.107421875,0.322265625,0.361328125
47138,0.048828125,-0.029296875,0.322265625,0.380859375
47139,-0.09765625,-0.048828125,0.224609375,0.380859375
47140,-0.029296875,-0.048828125,0.419921875,0.41015625
47141,0.0390625,0.01953125,0.341796875,0.390625
47142,-0.009765625,0.029296875,0.244140625,0.380859375
47143,-0.0390625,-0.05859375,0.341796875,0.390625
47144,-0.048828125,-0.05859375,0.3125,0.37109375
47145,0.01953125,-0.0390625,0.322265625,0.361328125
47146,-0.01953125,-0.107421875,0.3515625,0.380859375
47147,-0.029296875,-0.048828125,0.361328125,0.37109375
47148,-0.068359375,-0.0390625,0.4296875,0.3515625
47149,0.01953125,-0.09765625,0.37109375,0.361328125
47150,-0.009765625,-0.009765625,0.3125,0.341796875
47151,-0.009765625,-0.05859375,0.439453125,0.322265625
47152,-0.009765625,-0.029296875,0.361328125,0.361328125
47153,-0.009765625,-0.009765625,0.33203125,0.41015625
47154,-0.009765625,-0.078125,0.302734375,0.2734375
47155,-0.01953125,-0.048828125,0.37109375,0.380859375
47156,0.029296875,-0.029296875,0.341796875,0.46875
47157,0.380859375,-0.029296875,0.33203125,0.380859375
47158,-0.0390625,0,0.29296875,0.361328125
47159,-0.01953125,-0.068359375,0.341796875,0.322265625
47160,0.2734375,-0.0390625,0.3515625,0.419921875
47161,0.05859375,-0.068359375,0.478515625,0.3515625
47162,0.009765625,0.009765625,0.361328125,0.3125
47163,-0.078125,-0.029296875,0.341796875,0.37109375
47164,-0.009765625,0.13671875,0.341796875,0.380859375
47165,0.048828125,-0.0390625,0.380859375,0.595703125
47166,-0.341796875,-0.029296875,0.390625,0.419921875
47167,-0.029296875,0.17578125,0.322265625,0.419921875
47168,0.0390625,-0.05859375,0.390625,0.400390625
47169,-0.01953125,-0.05859375,0.33203125,0.3515625
47170,-0.029296875,-0.1171875,0.380859375,0.361328125
47171,-0.009765625,-0.087890625,0.322265625,0.4296875
47172,0.107421875,-0.0390625,0.3515625,0.380859375
47173,-0.05859375,-0.1171875,0.56640625,0.4296875
47174,0.009765625,-0.087890625,0.341796875,0.419921875
47175,0.2734375,-0.048828125,0.33203125,0.361328125
47176,0.009765625,-0.1171875,0.33203125,0.380859375
47177,0.029296875,0.009765625,0.322265625,0.41015625
47178,-0.146484375,-0.078125,0.3515625,0.400390625
47179,0,-0.029296875,0.341796875,0.390625
47180,0,-0.01953125,0.361328125,0.400390625
47181,-0.13671875,-0.068359375,0.33203125,0.380859375
47182,0.029296875,-0.05859375,0.41015625,0.37109375
47183,-0.068359375,-0.0390625,0.3515625,0.302734375
47184,-0.146484375,-0.048828125,0.3515625,0.3515625
47185,-0.009765625,0.029296875,0.380859375,0.390625
47186,-0.01953125,-0.078125,0.390625,0.3125
47187,0.0390625,-0.078125,0.3515625,0.37109375
47188,-0.05859375,-0.0390625,0.341796875,0.380859375
47189,-0.068359375,-0.01953125,0.361328125,0.283203125
47190,0.029296875,-0.029296875,0.29296875,0.439453125
47191,0,0.048828125,0.33203125,0.400390625
47192,0.068359375,-0.05859375,0.302734375,0.263671875
47193,-0.05859375,0,0.361328125,0.390625
47194,-0.078125,-0.107421875,0.361328125,0.390625
47195,-0.048828125,0.009765625,0.37109375,0.458984375
47196,-0.048828125,-0.0390625,0.341796875,0.37109375
47197,0.029296875,-0.126953125,0.390625,0.37109375
47198,0.009765625,-0.05859375,0.302734375,0.44921875
47199,-0.0390625,-0.068359375,0.361328125,0.458984375
47200,0.009765625,0.05859375,0.361328125,0.341796875
47201,-0.029296875,-0.048828125,0.341796875,0.33203125
47202,-0.0390625,-0.0390625,0.302734375,0.37109375
47203,-0.068359375,0.078125,0.302734375,0.3515625
47204,-0.009765625,-0.0390625,0.361328125,0.33203125
47205,-0.068359375,-0.05859375,0.3515625,0.3515625
47206,0.009765625,0.05859375,0.37109375,0.400390625
47207,0,-0.05859375,0.3125,0.2734375
47208,-0.029296875,-0.048828125,0.2734375,0.4296875
47209,-0.029296875,-0.048828125,0.361328125,0.419921875
47210,0,0.15625,0.4296875,0.263671875
47211,0.009765625,-0.029296875,0.380859375,0.380859375
47212,-0.05859375,-0.0390625,0.361328125,0.302734375
47213,0.009765625,0.17578125,0.3515625,0.380859375
47214,0,-0.087890625,0.400390625,0.380859375
47215,0,-0.126953125,0.283203125,0.361328125
47216,-0.087890625,0.15625,0.322265625,0.361328125
47217,0.009765625,-0.068359375,0.341796875,0.4296875
47218,-0.09765625,-0.029296875,0.361328125,0.380859375
47219,-0.029296875,-0.244140625,0.654296875,0.41015625
47220,0.01953125,-0.009765625,0.283203125,0.3515625
47221,-0.244140625,-0.126953125,0.341796875,0.400390625
47222,-0.029296875,-0.37109375,0.556640625,0.400390625
47223,-0.01953125,0.048828125,0.37109375,0.341796875
47224,-0.126953125,-0.009765625,0.361328125,0.419921875
47225,-0.068359375,0.01953125,0.5078125,0.341796875
47226,-0.05859375,-0.029296875,0.361328125,0.56640625
47227,0.009765625,-0.01953125,0.3515625,0.361328125
47228,-0.048828125,0.1953125,0.21484375,0.41015625
47229,-0.087890625,-0.05859375,0.390625,0.732421875
47230,-0.0390625,-0.01953125,0.322265625,0.390625
47231,0,0.146484375,0.15625,0.3515625
47232,0.009765625,-0.048828125,0.37109375,0.625
47233,0.01953125,-0.05859375,0.29296875,0.361328125
47234,-0.048828125,-0.185546875,0.498046875,0.3515625
47235,0.009765625,-0.048828125,0.361328125,0.3515625
47236,0.078125,-0.078125,0.380859375,0.390625
47237,0.048828125,-0.146484375,0.537109375,0.37109375
47238,0,-0.078125,0.400390625,0.361328125
47239,0.1171875,-0.029296875,0.390625,0.390625
47240,-0.087890625,0.01953125,0.625,0.390625
47241,0,-0.068359375,0.361328125,0.29296875
47242,-0.166015625,-0.048828125,0.3515625,0.33203125
47243,0.029296875,-0.029296875,0.234375,0.41015625
47244,0,-0.01953125,0.341796875,0.400390625
47245,-0.09765625,0,0.400390625,0.4296875
47246,-0.01953125,0.029296875,0.244140625,0.341796875
47247,-0.009765625,-0.029296875,0.29296875,0.341796875
47248,0.09765625,-0.029296875,0.37109375,0.302734375
47249,0,-0.05859375,0.439453125,0.361328125
47250,-0.078125,-0.048828125,0.341796875,0.3515625
47251,0.05859375,-0.05859375,0.33203125,0.37109375
47252,-0.05859375,-0.078125,0.44921875,0.390625
47253,-0.01953125,-0.068359375,0.341796875,0.3515625
47254,0.068359375,-0.009765625,0.46875,0.33203125
47255,0.009765625,-0.068359375,0.556640625,0.400390625
47256,-0.009765625,-0.0390625,0.322265625,0.390625
47257,0.01953125,-0.048828125,0.3515625,0.380859375
47258,-0.068359375,-0.05859375,0.244140625,0.390625
47259,-0.05859375,-0.0390625,0.400390625,0.380859375
47260,0,0.0390625,0.3125,0.3125
47261,0.009765625,-0.048828125,0.205078125,0.380859375
47262,0.0390625,-0.01953125,0.341796875,0.380859375
47263,-0.107421875,-0.048828125,0.3515625,0.400390625
47264,-0.009765625,0.009765625,0.439453125,0.3515625
47265,0,0.048828125,0.4296875,0.322265625
47266,-0.078125,-0.05859375,0.341796875,0.361328125
47267,0.01953125,-0.05859375,0.419921875,0.390625
47268,-0.029296875,0.068359375,0.400390625,0.361328125
47269,-0.107421875,-0.01953125,0.29296875,0.361328125
47270,0,-0.01953125,0.46875,0.361328125
47271,-0.009765625,0.048828125,0.380859375,0.419921875
47272,0.01953125,-0.01953125,0.3515625,0.380859375
47273,-0.13671875,-0.048828125,0.3125,0.380859375
47274,0.01953125,-0.1953125,0.361328125,0.41015625
47275,0.01953125,-0.05859375,0.3515625,0.302734375
47276,-0.234375,-0.068359375,0.263671875,0.37109375
47277,-0.0390625,-0.166015625,0.322265625,0.37109375
47278,0.0390625,-0.05859375,0.33203125,0.283203125
47279,-0.126953125,-0.009765625,0.341796875,0.361328125
47280,0.068359375,-0.078125,0.283203125,0.302734375
47281,-0.0390625,-0.068359375,0.3125,0.068359375
47282,0.029296875,-0.0390625,0.2734375,0.37109375
47283,-0.01953125,0.048828125,0.341796875,0.380859375
47284,-0.048828125,0.009765625,0.41015625,0.05859375
47285,0.068359375,-0.05859375,0.341796875,0.419921875
47286,-0.009765625,-0.1171875,0.302734375,0.361328125
47287,-0.068359375,-0.05859375,0.341796875,-0.087890625
47288,0.1171875,-0.029296875,0.302734375,0.37109375
47289,-0.009765625,0.126953125,0.185546875,0.380859375
47290,-0.01953125,-0.068359375,0.380859375,0.556640625
47291,0.107421875,-0.029296875,0.37109375,0.380859375
47292,-0.0390625,0.05859375,0.126953125,0.41015625
47293,0.009765625,0.01953125,0.380859375,0.595703125
47294,0.13671875,-0.087890625,0.322265625,0.439453125
47295,-0.01953125,-0.21484375,0.1953125,0.3515625
47296,-0.0390625,-0.078125,0.341796875,0.302734375
47297,0.068359375,-0.09765625,0.361328125,0.37109375
47298,0,-0.078125,0.224609375,0.41015625
47299,0,-0.01953125,0.33203125,0.29296875
47300,0.029296875,-0.009765625,0.3515625,0.37109375
47301,-0.029296875,-0.068359375,0.3515625,0.37109375
47302,0.009765625,-0.009765625,0.341796875,0.25390625
47303,-0.126953125,0,0.341796875,0.4296875
47304,0,0.09765625,0.341796875,0.37109375
47305,0.009765625,-0.068359375,0.458984375,0.390625
47306,-0.009765625,-0.048828125,0.37109375,0.400390625
47307,0.029296875,0.126953125,0.390625,0.400390625
47308,-0.0390625,-0.048828125,0.3515625,0.390625
47309,-0.0390625,-0.048828125,0.3125,0.390625
47310,0.0390625,-0.09765625,0.3515625,0.390625
47311,-0.01953125,-0.09765625,0.361328125,0.400390625
47312,-0.009765625,-0.029296875,0.37109375,0.380859375
47313,0.01953125,-0.25390625,0.3125,0.37109375
47314,-0.05859375,-0.029296875,0.3515625,0.439453125
47315,0.0390625,-0.078125,0.41015625,0.458984375
47316,-0.05859375,-0.087890625,0.41015625,0.380859375
47317,-0.01953125,-0.068359375,0.41015625,0.390625
47318,-0.009765625,-0.078125,0.33203125,0.3515625
47319,0.05859375,-0.029296875,0.33203125,0.44921875
47320,-0.0390625,-0.029296875,0.37109375,0.41015625
47321,0.01953125,-0.078125,0.3125,0.380859375
47322,-0.009765625,-0.01953125,0.37109375,0.341796875
47323,-0.009765625,-0.0390625,0.3515625,0.322265625
47324,-0.029296875,-0.048828125,0.361328125,0.37109375
47325,-0.009765625,-0.068359375,0.244140625,0.419921875
47326,0.029296875,-0.05859375,0.390625,0.302734375
47327,-0.087890625,-0.009765625,0.380859375,0.390625
47328,0.078125,0,0.37109375,0.400390625
47329,-0.009765625,-0.05859375,0.33203125,0.322265625
47330,-0.048828125,-0.0390625,0.3125,0.341796875
47331,0.048828125,-0.009765625,0.224609375,0.380859375
47332,0.029296875,-0.078125,0.380859375,0.390625
47333,0.01953125,0.009765625,0.33203125,0.3515625
47334,-0.0390625,-0.068359375,0.439453125,0.37109375
47335,0,-0.146484375,0.322265625,0.4296875
47336,-0.048828125,-0.048828125,0.341796875,0.400390625
47337,-0.107421875,-0.107421875,0.3125,0.302734375
47338,0.01953125,0.0390625,0.41015625,0.478515625
47339,-0.068359375,-0.078125,0.3125,0.29296875
47340,-0.01953125,-0.087890625,0.3515625,0.37109375
47341,-0.078125,0.13671875,0.21484375,0.33203125
47342,-0.048828125,-0.0390625,0.361328125,0.29296875
47343,-0.0390625,-0.0390625,0.37109375,0.390625
47344,0.009765625,0.1171875,0.44921875,0.33203125
47345,-0.029296875,-0.068359375,0.3125,0.390625
47346,0.05859375,-0.048828125,0.322265625,0.41015625
47347,-0.05859375,-0.048828125,0.419921875,0.3515625
47348,-0.01953125,-0.029296875,0.37109375,0.341796875
47349,0.029296875,-0.0390625,0.341796875,0.37109375
47350,0.009765625,-0.15625,0.458984375,0.400390625
47351,-0.009765625,-0.068359375,0.3515625,0.41015625
47352,0.029296875,-0.05859375,0.400390625,0.4296875
47353,-0.048828125,-0.166015625,0.087890625,0.390625
47354,-0.029296875,-0.029296875,0.361328125,0.517578125
47355,0,-0.087890625,0.361328125,0.400390625
47356,-0.048828125,-0.1171875,0.4296875,0.37109375
47357,0,-0.01953125,0.3515625,0.546875
47358,0.009765625,-0.166015625,0.3125,0.341796875
47359,-0.0390625,0.009765625,0.48828125,0.361328125
47360,0.078125,-0.048828125,0.37109375,0.341796875
47361,0.05859375,-0.1171875,0.322265625,0.41015625
47362,0.01953125,0.01953125,0.1953125,0.478515625
47363,0.01953125,-0.0390625,0.322265625,0.361328125
47364,0,-0.05859375,0.3125,0.3515625
47365,0.029296875,-0.13671875,0.21484375,0.37109375
47366,-0.01953125,-0.009765625,0.341796875,0.419921875
47367,-0.107421875,-0.01953125,0.400390625,0.390625
47368,-0.009765625,-0.05859375,0.458984375,0.44921875
47369,-0.009765625,-0.087890625,0.322265625,0.361328125
47370,-0.09765625,-0.029296875,0.44921875,0.37109375
47371,-0.01953125,-0.068359375,0.41015625,0.390625
47372,-0.01953125,-0.01953125,0.302734375,0.390625
47373,0.09765625,-0.05859375,0.341796875,0.380859375
47374,-0.048828125,-0.068359375,0.244140625,0.361328125
47375,-0.009765625,-0.068359375,0.33203125,0.37109375
47376,0.15625,-0.048828125,0.3515625,0.341796875
47377,0.029296875,0.05859375,0.2734375,0.3515625
47378,0.01953125,-0.0390625,0.3125,0.439453125
47379,0.068359375,-0.01953125,0.29296875,0.419921875
47380,-0.009765625,0.029296875,0.29296875,0.380859375
47381,-0.01953125,-0.029296875,0.3515625,0.41015625
47382,-0.087890625,-0.126953125,0.361328125,0.400390625
47383,0,-0.05859375,0.419921875,0.380859375
47384,0.009765625,-0.09765625,0.33203125,0.419921875
47385,-0.068359375,-0.05859375,0.3515625,0.361328125
47386,-0.029296875,-0.029296875,0.400390625,0.3515625
47387,-0.01953125,-0.09765625,0.283203125,0.37109375
47388,0.029296875,-0.048828125,0.322265625,0.400390625
47389,-0.009765625,-0.029296875,0.341796875,0.419921875
47390,0.009765625,-0.126953125,0.37109375,0.37109375
47391,-0.029296875,-0.048828125,0.37109375,0.361328125
47392,-0.01953125,-0.048828125,0.37109375,0.3515625
47393,0.0390625,-0.205078125,0.322265625,0.41015625
47394,-0.029296875,0,0.29296875,0.3515625
47395,-0.009765625,-0.09765625,0.400390625,0.322265625
47396,0.0390625,-0.205078125,0.33203125,0.361328125
47397,-0.009765625,-0.01953125,0.41015625,0.33203125
47398,0.224609375,-0.087890625,0.302734375,0.302734375
47399,-0.01953125,0.146484375,0.3515625,0.361328125
47400,-0.029296875,-0.048828125,0.244140625,0.185546875
47401,0.15625,-0.078125,0.29296875,0.400390625
47402,0,0.15625,0.3515625,0.361328125
47403,-0.048828125,-0.087890625,0.33203125,0.37109375
47404,0.078125,-0.068359375,0.419921875,0.390625
47405,0.009765625,-0.283203125,0.341796875,0.380859375
47406,0.0390625,-0.09765625,0.361328125,0.341796875
47407,-0.107421875,-0.01953125,0.3125,0.41015625
47408,-0.048828125,-0.234375,0.5078125,0.3515625
47409,-0.009765625,-0.048828125,0.37109375,0.361328125
47410,-0.1953125,-0.0390625,0.400390625,0.361328125
47411,-0.078125,-0.2734375,0.52734375,0.361328125
47412,0.01953125,-0.01953125,0.341796875,0.46875
47413,0.05859375,-0.068359375,0.37109375,0.341796875
47414,0.0390625,-0.078125,0.15625,0.380859375
47415,-0.078125,-0.05859375,0.390625,0.13671875
47416,0.029296875,-0.048828125,0.37109375,0.37109375
47417,0,-0.068359375,0.2734375,0.37109375
47418,0.068359375,-0.05859375,0.3125,0.2734375
47419,0.068359375,-0.068359375,0.380859375,0.4296875
47420,0.009765625,0.05859375,0.283203125,0.400390625
47421,0.009765625,-0.029296875,0.322265625,0.478515625
47422,0,-0.009765625,0.33203125,0.361328125
47423,-0.01953125,0.01953125,0.380859375,0.380859375
47424,0.01953125,-0.126953125,0.380859375,0.400390625
47425,-0.009765625,0.009765625,0.3125,0.380859375
47426,-0.009765625,0.05859375,0.390625,0.3125
47427,0.0390625,-0.0390625,0.341796875,0.498046875
47428,-0.01953125,-0.068359375,0.3515625,0.400390625
47429,0.009765625,-0.048828125,0.29296875,0.361328125
47430,0.078125,-0.05859375,0.361328125,0.263671875
47431,0.01953125,-0.01953125,0.37109375,0.37109375
47432,-0.01953125,-0.087890625,0.2734375,0.380859375
47433,-0.0390625,-0.029296875,0.37109375,0.3515625
47434,0.01953125,-0.029296875,0.322265625,0.3125
47435,-0.01953125,-0.05859375,0.29296875,0.380859375
47436,-0.009765625,-0.05859375,0.322265625,0.478515625
47437,0.048828125,-0.078125,0.380859375,0.37109375
47438,-0.01953125,-0.13671875,0.341796875,0.419921875
47439,-0.0390625,-0.048828125,0.400390625,0.4296875
47440,-0.029296875,-0.1171875,0.234375,0.380859375
47441,-0.009765625,-0.05859375,0.390625,0.302734375
47442,0.048828125,-0.05859375,0.341796875,0.52734375
47443,-0.05859375,0,0.3515625,0.33203125
47444,-0.048828125,0.009765625,0.302734375,0.302734375
47445,-0.01953125,0,0.302734375,0.33203125
47446,0.01953125,-0.048828125,0.361328125,0.361328125
47447,-0.048828125,0.01953125,0.302734375,0.361328125
47448,-0.01953125,-0.09765625,0.37109375,0.302734375
47449,-0.01953125,-0.029296875,0.380859375,0.41015625
47450,0.029296875,-0.078125,0.29296875,0.37109375
47451,0.01953125,0.009765625,0.341796875,0.419921875
47452,0.01953125,0.01953125,0.361328125,0.33203125
47453,-0.048828125,-0.048828125,0.341796875,0.3515625
47454,0.01953125,0.126953125,0.21484375,0.4296875
47455,0.0390625,-0.009765625,0.3515625,0.4296875
47456,0.05859375,-0.05859375,0.3515625,0.380859375
47457,0.009765625,0.01953125,0.283203125,0.439453125
47458,0.0390625,-0.068359375,0.29296875,0.380859375
47459,0.048828125,-0.087890625,0.380859375,0.322265625
47460,-0.01953125,0.078125,0.283203125,0.25390625
47461,0,-0.078125,0.302734375,0.29296875
47462,-0.15625,-0.068359375,0.341796875,0.361328125
47463,0,-0.048828125,0.439453125,0.390625
47464,0.048828125,-0.068359375,0.400390625,0.29296875
47465,-0.21484375,0,0.341796875,0.37109375
47466,0.029296875,-0.0390625,0.4296875,0.33203125
47467,0.009765625,-0.068359375,0.341796875,0.283203125
47468,-0.078125,-0.0390625,0.3125,0.361328125
47469,-0.009765625,-0.029296875,0.107421875,0.37109375
47470,-0.05859375,-0.0390625,0.341796875,0.17578125
47471,-0.048828125,-0.01953125,0.33203125,0.390625
47472,0.009765625,-0.029296875,0.166015625,0.361328125
47473,-0.0390625,-0.05859375,0.41015625,0.166015625
47474,-0.078125,-0.068359375,0.3515625,0.37109375
47475,0.0390625,-0.078125,0.263671875,0.400390625
47476,0.009765625,-0.0390625,0.3515625,0.44921875
47477,0.01953125,-0.0390625,0.3515625,0.361328125
47478,-0.009765625,-0.068359375,0.44921875,0.419921875
47479,-0.009765625,-0.0390625,0.33203125,0.37109375
47480,0.078125,-0.048828125,0.3125,0.400390625
47481,0.048828125,-0.048828125,0.44921875,0.37109375
47482,0.029296875,-0.01953125,0.400390625,0.419921875
47483,-0.205078125,-0.05859375,0.390625,0.439453125
47484,0.009765625,-0.09765625,0.283203125,0.341796875
47485,-0.0390625,-0.01953125,0.33203125,0.419921875
47486,-0.15625,-0.078125,0.3515625,0.3515625
47487,0.009765625,-0.029296875,0.283203125,0.400390625
47488,0,-0.029296875,0.302734375,0.3515625
47489,-0.13671875,-0.068359375,0.283203125,0.390625
47490,-0.01953125,-0.068359375,0.33203125,0.302734375
47491,0.05859375,-0.009765625,0.37109375,0.361328125
47492,0.05859375,-0.009765625,0.3515625,0.380859375
47493,-0.0390625,-0.068359375,0.2734375,0.37109375
47494,-0.048828125,-0.0390625,0.3125,0.341796875
47495,0.0390625,-0.068359375,0.3125,0.341796875
47496,-0.05859375,-0.09765625,0.3125,0.390625
47497,-0.029296875,-0.0390625,0.33203125,0.419921875
47498,0.009765625,-0.0390625,0.29296875,0.400390625
47499,0.01953125,-0.009765625,0.380859375,0.37109375
47500,-0.009765625,0,0.390625,0.41015625
47501,-0.068359375,-0.087890625,0.3125,0.341796875
47502,0,-0.048828125,0.41015625,0.400390625
47503,-0.029296875,-0.0390625,0.419921875,0.341796875
47504,-0.009765625,0,0.400390625,0.419921875
47505,0.009765625,-0.048828125,0.33203125,0.361328125
47506,0.029296875,-0.05859375,0.341796875,0.37109375
47507,0,-0.048828125,0.302734375,0.37109375
47508,0,-0.0390625,0.341796875,0.400390625
47509,0.01953125,-0.048828125,0.302734375,0.37109375
47510,-0.01953125,-0.05859375,0.341796875,0.400390625
47511,-0.009765625,0,0.341796875,0.341796875
47512,-0.05859375,-0.078125,0.33203125,0.380859375
47513,0.0390625,-0.048828125,0.3125,0.41015625
47514,-0.01953125,-0.05859375,0.341796875,0.33203125
47515,0.048828125,0.068359375,0.361328125,0.3515625
47516,0.09765625,-0.048828125,0.3125,0.732421875
47517,-0.146484375,-0.068359375,0.3125,0.390625
47518,-0.01953125,-0.01953125,0.361328125,0.400390625
47519,-0.01953125,-0.029296875,0.2734375,0.5859375
47520,-0.048828125,-0.068359375,0.322265625,0.33203125
47521,0,0.068359375,0.322265625,0.380859375
47522,0,-0.068359375,0.3515625,0.595703125
47523,-0.068359375,-0.068359375,0.37109375,0.341796875
47524,-0.048828125,0.048828125,0.390625,0.3515625
47525,-0.05859375,-0.05859375,0.341796875,0.322265625
47526,-0.185546875,-0.05859375,0.361328125,0.361328125
47527,0.009765625,0.009765625,0.3515625,0.3515625
47528,-0.078125,-0.01953125,0.361328125,0.341796875
47529,-0.09765625,-0.048828125,0.3515625,0.361328125
47530,0.0390625,0.01953125,0.33203125,0.3515625
47531,-0.029296875,-0.029296875,0.302734375,0.400390625
47532,0.05859375,-0.078125,0.33203125,0.3515625
47533,-0.009765625,-0.01953125,0.439453125,0.400390625
47534,-0.048828125,-0.01953125,0.29296875,0.517578125
47535,0.068359375,-0.05859375,0.390625,0.380859375
47536,0.029296875,-0.0390625,0.224609375,0.419921875
47537,-0.009765625,-0.0390625,0.390625,0.390625
47538,-0.078125,-0.126953125,0.33203125,0.37109375
47539,0.009765625,-0.1171875,0.322265625,0.380859375
47540,0.009765625,-0.0390625,0.29296875,0.380859375
47541,-0.09765625,0,0.302734375,0.33203125
47542,0.048828125,-0.15625,0.52734375,0.400390625
47543,-0.01953125,-0.087890625,0.3515625,0.419921875
47544,-0.05859375,0.01953125,0.33203125,0.41015625
47545,0.029296875,-0.009765625,0.52734375,0.361328125
47546,-0.078125,-0.068359375,0.3515625,0.3125
47547,0.009765625,-0.05859375,0.341796875,0.37109375
47548,-0.009765625,0.068359375,0.341796875,0.390625
47549,0.068359375,-0.01953125,0.361328125,0.302734375
47550,-0.009765625,-0.048828125,0.37109375,0.380859375
47551,0,0.0390625,0.400390625,0.380859375
47552,-0.068359375,-0.0390625,0.302734375,0.33203125
47553,-0.009765625,-0.05859375,0.322265625,0.37109375
47554,-0.009765625,-0.13671875,0.41015625,0.322265625
47555,0,0,0.37109375,0.46875
47556,-0.01953125,-0.048828125,0.302734375,0.3515625
47557,-0.029296875,-0.185546875,0.302734375,0.41015625
47558,-0.0390625,-0.0390625,0.3125,0.517578125
47559,0.068359375,-0.107421875,0.3125,0.37109375
47560,-0.029296875,0.009765625,0.283203125,0.41015625
47561,-0.009765625,-0.048828125,0.341796875,0.3125
47562,-0.05859375,-0.078125,0.341796875,0.361328125
47563,0.01953125,-0.048828125,0.33203125,0.341796875
47564,-0.029296875,0.068359375,0.361328125,0.21484375
47565,-0.009765625,-0.05859375,0.29296875,0.4296875
47566,-0.029296875,-0.01953125,0.341796875,0.41015625
47567,-0.048828125,-0.078125,0.390625,0.33203125
47568,0.009765625,-0.048828125,0.380859375,0.361328125
47569,-0.15625,-0.05859375,0.302734375,0.419921875
47570,0.009765625,-0.009765625,0.283203125,0.390625
47571,0,0.009765625,0.3125,0.400390625
47572,0.244140625,-0.078125,0.3515625,0.380859375
47573,0.009765625,-0.048828125,0.37109375,0.4296875
47574,0.048828125,-0.029296875,0.478515625,0.419921875
47575,0.166015625,-0.009765625,0.29296875,0.390625
47576,-0.0390625,0.0390625,0.400390625,0.37109375
47577,-0.029296875,-0.029296875,0.322265625,0.322265625
47578,-0.17578125,-0.0390625,0.283203125,0.341796875
47579,-0.029296875,-0.029296875,0.41015625,0.3515625
47580,0,-0.01953125,0.361328125,0.341796875
47581,-0.1953125,-0.05859375,0.361328125,0.33203125
47582,-0.01953125,-0.234375,0.576171875,0.400390625
47583,-0.0390625,-0.078125,0.341796875,0.37109375
47584,-0.13671875,-0.0390625,0.380859375,0.37109375
47585,-0.107421875,0.09765625,0.625,0.380859375
47586,0.068359375,0,0.3125,0.41015625
47587,0.126953125,-0.0390625,0.3125,0.33203125
47588,-0.01953125,0.107421875,0.205078125,0.3515625
47589,-0.0390625,-0.029296875,0.390625,0.4296875
47590,0.1171875,0.01953125,0.3515625,0.41015625
47591,-0.0390625,-0.048828125,0.15625,0.41015625
47592,-0.029296875,-0.048828125,0.390625,0.4296875
47593,-0.068359375,-0.0390625,0.3515625,0.3515625
47594,0.01953125,0,0.400390625,0.380859375
47595,-0.048828125,-0.0390625,0.361328125,0.380859375
47596,0.1171875,0.029296875,0.283203125,0.341796875
47597,0,-0.068359375,0.419921875,0.322265625
47598,-0.048828125,0.009765625,0.341796875,0.3515625
47599,0.15625,-0.087890625,0.263671875,0.41015625
47600,0,-0.048828125,0.380859375,0.41015625
47601,-0.009765625,-0.0390625,0.361328125,0.263671875
47602,-0.029296875,-0.107421875,0.361328125,0.361328125
47603,0.029296875,-0.05859375,0.41015625,0.302734375
47604,0.029296875,-0.029296875,0.37109375,0.234375
47605,-0.078125,0.029296875,0.3515625,0.37109375
47606,0.01953125,-0.029296875,0.380859375,0.341796875
47607,-0.009765625,-0.078125,0.33203125,0.244140625
47608,0.029296875,-0.05859375,0.341796875,0.341796875
47609,-0.009765625,-0.068359375,0.3515625,0.361328125
47610,0.068359375,-0.01953125,0.341796875,0.4296875
47611,0.009765625,-0.068359375,0.3515625,0.3515625
47612,0,-0.1171875,0.361328125,0.3125
47613,0,-0.0390625,0.341796875,0.46875
47614,0.009765625,-0.029296875,0.400390625,0.3515625
47615,-0.05859375,-0.09765625,0.3515625,0.341796875
47616,0.01953125,-0.078125,0.322265625,0.263671875
47617,0.068359375,-0.048828125,0.3125,0.302734375
47618,-0.087890625,-0.05859375,0.341796875,0.41015625
47619,0,-0.029296875,0.361328125,0.33203125
47620,0.0390625,0.01953125,0.400390625,0.4296875
47621,-0.01953125,-0.009765625,0.25390625,0.419921875
47622,-0.029296875,-0.029296875,0.2734375,0.322265625
47623,-0.01953125,-0.029296875,0.33203125,0.37109375
47624,-0.009765625,-0.048828125,0.41015625,0.390625
47625,-0.078125,0.048828125,0.341796875,0.390625
47626,-0.09765625,-0.05859375,0.361328125,0.37109375
47627,0,-0.048828125,0.33203125,0.380859375
47628,-0.05859375,0,0.33203125,0.380859375
47629,-0.029296875,-0.009765625,0.3515625,0.380859375
47630,0,-0.0390625,0.44921875,0.390625
47631,0.029296875,-0.068359375,0.3125,0.41015625
47632,-0.01953125,-0.068359375,0.283203125,0.33203125
47633,0.146484375,-0.068359375,0.25390625,0.341796875
47634,0.01953125,-0.009765625,0.37109375,0.322265625
47635,0.029296875,-0.009765625,0.302734375,0.44921875
47636,0.1171875,-0.087890625,0.322265625,0.361328125
47637,-0.029296875,-0.05859375,0.29296875,0.4296875
47638,0,-0.048828125,0.322265625,0.244140625
47639,0.1171875,-0.0390625,0.419921875,0.400390625
47640,0,-0.205078125,0.439453125,0.3515625
47641,0.009765625,-0.009765625,0.33203125,0.263671875
47642,0.13671875,-0.048828125,0.33203125,0.380859375
47643,-0.01953125,-0.146484375,0.3515625,0.33203125
47644,0,0,0.380859375,0.283203125
47645,0.01953125,-0.029296875,0.390625,0.3515625
47646,-0.029296875,-0.234375,0.2734375,0.361328125
47647,-0.0390625,-0.0390625,0.400390625,0.107421875
47648,-0.009765625,-0.05859375,0.37109375,0.322265625
47649,0.048828125,0.09765625,0.341796875,0.361328125
47650,-0.068359375,-0.048828125,0.302734375,0.595703125
47651,-0.01953125,-0.048828125,0.400390625,0.361328125
47652,0.029296875,0.17578125,0.4296875,0.37109375
47653,-0.009765625,-0.0390625,0.33203125,0.615234375
47654,-0.068359375,-0.029296875,0.302734375,0.33203125
47655,0.05859375,-0.146484375,0.4296875,0.380859375
47656,0.0390625,-0.009765625,0.3515625,0.283203125
47657,0.009765625,-0.048828125,0.390625,0.3125
47658,-0.029296875,-0.205078125,0.400390625,0.41015625
47659,0.029296875,-0.09765625,0.341796875,0.322265625
47660,0.009765625,-0.0390625,0.322265625,0.390625
47661,-0.048828125,-0.1171875,0.361328125,0.341796875
47662,-0.029296875,-0.01953125,0.3125,0.224609375
47663,-0.166015625,-0.05859375,0.302734375,0.361328125
47664,-0.09765625,0.0390625,0.41015625,0.41015625
47665,0.0390625,0.0390625,0.361328125,0.25390625
47666,-0.029296875,-0.029296875,0.29296875,0.33203125
47667,-0.01953125,0.078125,0.322265625,0.3515625
47668,-0.01953125,-0.029296875,0.2734375,0.234375
47669,-0.01953125,-0.09765625,0.3515625,0.3515625
47670,-0.009765625,-0.185546875,0.341796875,0.400390625
47671,-0.0390625,-0.068359375,0.3515625,0.44921875
47672,0,-0.0390625,0.390625,0.3515625
47673,-0.0390625,-0.205078125,0.283203125,0.37109375
47674,0.029296875,-0.048828125,0.33203125,0.46875
47675,0.009765625,-0.01953125,0.380859375,0.33203125
47676,0.01953125,-0.107421875,0.33203125,0.322265625
47677,-0.0390625,-0.0390625,0.3515625,0.48828125
47678,0.048828125,-0.029296875,0.205078125,0.37109375
47679,0.01953125,0.01953125,0.390625,0.361328125
47680,-0.029296875,-0.029296875,0.37109375,0.380859375
47681,0,-0.1171875,0.3125,0.37109375
47682,-0.029296875,-0.01953125,0.361328125,0.380859375
47683,-0.009765625,-0.009765625,0.390625,0.29296875
47684,-0.009765625,-0.087890625,0.3515625,0.419921875
47685,-0.009765625,-0.048828125,0.33203125,0.380859375
47686,0.029296875,-0.068359375,0.3125,0.390625
47687,-0.029296875,0,0.37109375,0.400390625
47688,0,-0.0390625,0.283203125,0.41015625
47689,-0.01953125,0.009765625,0.400390625,0.33203125
47690,-0.029296875,-0.048828125,0.498046875,0.41015625
47691,-0.01953125,-0.029296875,0.29296875,0.380859375
47692,-0.009765625,-0.0390625,0.3515625,0.341796875
47693,-0.009765625,-0.05859375,0.3125,0.400390625
47694,0.029296875,0,0.33203125,0.400390625
47695,-0.0390625,-0.048828125,0.361328125,0.400390625
47696,0,-0.0390625,0.361328125,0.302734375
47697,-0.068359375,-0.029296875,0.322265625,0.419921875
47698,-0.009765625,0.048828125,0.380859375,0.3125
47699,0,0.029296875,0.341796875,0.3515625
47700,-0.126953125,-0.087890625,0.322265625,0.390625
47701,0.01953125,-0.0390625,0.390625,0.3515625
47702,-0.009765625,-0.0390625,0.33203125,0.3515625
47703,0.341796875,-0.107421875,0.419921875,0.3515625
47704,-0.05859375,-0.13671875,0.44921875,0.361328125
47705,-0.01953125,-0.009765625,0.341796875,0.390625
47706,0.283203125,-0.1171875,0.341796875,0.41015625
47707,0.01953125,-0.1171875,0.46875,0.380859375
47708,-0.05859375,-0.05859375,0.390625,0.52734375
47709,0.234375,-0.01953125,0.283203125,0.3515625
47710,-0.029296875,0.0390625,0.458984375,0.361328125
47711,0,-0.009765625,0.400390625,0.458984375
47712,-0.146484375,0,0.29296875,0.322265625
47713,-0.05859375,-0.01953125,0.390625,0.341796875
47714,-0.009765625,-0.01953125,0.322265625,0.458984375
47715,-0.224609375,-0.078125,0.361328125,0.37109375
47716,-0.01953125,-0.0390625,0.458984375,0.41015625
47717,0.01953125,-0.048828125,0.390625,0.80078125
47718,0.0390625,-0.029296875,0.400390625,0.400390625
47719,0.146484375,-0.048828125,0.380859375,0.3515625
47720,-0.029296875,0,0.361328125,0.29296875
47721,0.029296875,-0.05859375,0.3515625,0.361328125
47722,-0.068359375,-0.009765625,0.341796875,0.400390625
47723,0.009765625,0.029296875,0.3125,0.234375
47724,0.166015625,0.048828125,0.380859375,0.419921875
47725,0.009765625,0.0390625,0.263671875,0.33203125
47726,-0.078125,-0.107421875,0.390625,0.380859375
47727,-0.09765625,-0.01953125,0.380859375,0.390625
47728,-0.0390625,0,0.322265625,0.361328125
47729,-0.01953125,-0.0390625,0.361328125,0.41015625
47730,-0.166015625,-0.01953125,0.37109375,0.390625
47731,-0.009765625,-0.0390625,0.4296875,0.341796875
47732,-0.01953125,-0.048828125,0.361328125,0.458984375
47733,0.078125,-0.068359375,0.3125,0.361328125
47734,-0.048828125,-0.0390625,0.21484375,0.400390625
47735,-0.029296875,-0.078125,0.419921875,0.380859375
47736,0.15625,-0.009765625,0.322265625,0.419921875
47737,-0.13671875,-0.068359375,0.244140625,0.361328125
47738,-0.009765625,-0.05859375,0.2734375,0.302734375
47739,0.087890625,0.009765625,0.283203125,0.419921875
47740,-0.0390625,-0.0390625,0.25390625,0.4296875
47741,-0.029296875,-0.029296875,0.322265625,0.380859375
47742,-0.068359375,-0.048828125,0.400390625,0.3515625
47743,0,-0.01953125,0.4296875,0.419921875
47744,-0.01953125,0.0390625,0.3125,0.33203125
47745,-0.1171875,-0.078125,0.361328125,0.380859375
47746,0.01953125,-0.05859375,0.400390625,0.361328125
47747,-0.009765625,0.029296875,0.33203125,0.400390625
47748,0.01953125,-0.048828125,0.37109375,0.361328125
47749,-0.0390625,-0.0390625,0.361328125,0.341796875
47750,-0.048828125,-0.185546875,0.3125,0.380859375
47751,0.009765625,0,0.390625,0.380859375
47752,0.0390625,-0.0390625,0.33203125,0.37109375
47753,-0.087890625,-0.15625,0.341796875,0.322265625
47754,-0.01953125,-0.048828125,0.302734375,0.41015625
47755,-0.029296875,0.0390625,0.380859375,0.361328125
47756,-0.0390625,-0.185546875,0.322265625,0.41015625
47757,0.01953125,0,0.380859375,0.361328125
47758,-0.0390625,-0.01953125,0.29296875,0.3125
47759,0.01953125,0.1171875,0.322265625,0.439453125
47760,0,-0.01953125,0.322265625,0.263671875
47761,-0.185546875,-0.087890625,0.322265625,0.390625
47762,-0.0390625,0.1953125,0.361328125,0.37109375
47763,-0.01953125,0.009765625,0.3515625,0.15625
47764,0.05859375,-0.05859375,0.3515625,0.3125
47765,-0.078125,-0.21484375,0.302734375,0.33203125
47766,-0.048828125,-0.05859375,0.37109375,0.390625
47767,0.01953125,-0.048828125,0.3515625,0.419921875
47768,-0.029296875,-0.224609375,0.498046875,0.380859375
47769,0.01953125,-0.048828125,0.322265625,0.400390625
47770,-0.01953125,0,0.41015625,0.33203125
47771,-0.029296875,-0.37109375,0.48828125,0.380859375
47772,0.009765625,-0.01953125,0.33203125,0.48828125
47773,0.0390625,-0.029296875,0.322265625,0.341796875
47774,-0.009765625,0,0.1171875,0.419921875
47775,-0.0390625,-0.0390625,0.322265625,0.341796875
47776,-0.0390625,-0.0390625,0.29296875,0.390625
47777,-0.01953125,-0.029296875,0.1171875,0.322265625
47778,0,-0.048828125,0.33203125,0.380859375
47779,-0.009765625,0.087890625,0.390625,0.322265625
47780,0.0390625,-0.078125,0.0390625,0.3515625
47781,0.078125,-0.078125,0.3515625,0.33203125
47782,-0.048828125,-0.009765625,0.322265625,0.380859375
47783,-0.05859375,-0.029296875,0.64453125,0.400390625
47784,-0.009765625,-0.01953125,0.322265625,0.390625
47785,-0.05859375,-0.09765625,0.33203125,0.25390625
47786,-0.05859375,0.029296875,0.439453125,0.361328125
47787,-0.029296875,-0.087890625,0.3515625,0.3125
47788,-0.009765625,-0.0390625,0.380859375,0.37109375
47789,0.029296875,-0.087890625,0.224609375,0.390625
47790,0.01953125,-0.01953125,0.390625,0.380859375
47791,-0.068359375,-0.068359375,0.390625,0.390625
47792,0,-0.048828125,0.1953125,0.3515625
47793,0.01953125,-0.126953125,0.341796875,0.439453125
47794,-0.01953125,-0.0390625,0.302734375,0.3515625
47795,0,-0.048828125,0.244140625,0.37109375
47796,0.0390625,-0.068359375,0.322265625,0.390625
47797,0.029296875,-0.05859375,0.302734375,0.41015625
47798,-0.068359375,-0.068359375,0.400390625,0.390625
47799,0.01953125,-0.078125,0.3515625,0.400390625
47800,-0.048828125,-0.048828125,0.439453125,0.3515625
47801,-0.048828125,-0.087890625,0.390625,0.41015625
47802,-0.048828125,0.01953125,0.322265625,0.400390625
47803,0.029296875,0,0.341796875,0.419921875
47804,-0.029296875,0.01953125,0.341796875,0.41015625
47805,-0.029296875,-0.087890625,0.341796875,0.33203125
47806,-0.048828125,-0.05859375,0.341796875,0.380859375
47807,0.087890625,-0.05859375,0.322265625,0.361328125
47808,-0.09765625,-0.078125,0.341796875,0.37109375
47809,0.068359375,-0.048828125,0.341796875,0.361328125
47810,0.15625,-0.068359375,0.37109375,0.400390625
47811,-0.009765625,-0.048828125,0.361328125,0.419921875
47812,-0.05859375,-0.029296875,0.33203125,0.390625
47813,0.05859375,-0.048828125,0.3515625,0.380859375
47814,0,-0.029296875,0.361328125,0.498046875
47815,-0.029296875,0,0.3515625,0.380859375
47816,0.0390625,-0.078125,0.380859375,0.37109375
47817,-0.0390625,0.01953125,0.1953125,0.283203125
47818,0.01953125,-0.05859375,0.322265625,0.37109375
47819,-0.029296875,-0.029296875,0.322265625,0.33203125
47820,0.009765625,-0.087890625,0.21484375,0.380859375
47821,-0.01953125,-0.0390625,0.322265625,0.439453125
47822,-0.01953125,-0.009765625,0.361328125,0.390625
47823,-0.01953125,-0.048828125,0.4296875,0.380859375
47824,-0.01953125,0.01953125,0.380859375,0.41015625
47825,-0.05859375,-0.078125,0.380859375,0.439453125
47826,0.05859375,-0.13671875,0.390625,0.390625
47827,-0.048828125,-0.068359375,0.380859375,0.4296875
47828,-0.13671875,-0.087890625,0.3515625,0.3515625
47829,-0.029296875,0.048828125,0.283203125,0.322265625
47830,0,-0.05859375,0.380859375,0.302734375
47831,-0.21484375,-0.009765625,0.341796875,0.390625
47832,-0.01953125,0.01953125,0.205078125,0.361328125
47833,-0.0390625,-0.048828125,0.322265625,0.205078125
47834,-0.17578125,-0.048828125,0.302734375,0.341796875
47835,-0.01953125,-0.05859375,0.224609375,0.41015625
47836,0,-0.078125,0.439453125,0.52734375
47837,0.05859375,-0.01953125,0.33203125,0.361328125
47838,0,-0.09765625,0.361328125,0.380859375
47839,0.01953125,-0.0390625,0.341796875,0.4296875
47840,0.1171875,-0.009765625,0.302734375,0.4296875
47841,-0.029296875,-0.087890625,0.41015625,0.380859375
47842,-0.009765625,-0.078125,0.400390625,0.46875
47843,-0.1953125,-0.05859375,0.3515625,0.400390625
47844,0.009765625,-0.05859375,0.44921875,0.400390625
47845,0.009765625,-0.05859375,0.361328125,0.419921875
47846,-0.126953125,-0.087890625,0.390625,0.390625
47847,-0.029296875,-0.009765625,0.419921875,0.361328125
47848,-0.01953125,-0.068359375,0.3125,0.361328125
47849,-0.1953125,-0.01953125,0.400390625,0.419921875
47850,0.009765625,-0.048828125,0.4296875,0.341796875
47851,-0.048828125,-0.0390625,0.361328125,0.5078125
47852,0.029296875,0,0.33203125,0.37109375
47853,-0.01953125,0.05859375,0.21484375,0.3515625
47854,0,-0.078125,0.3515625,0.419921875
47855,0.05859375,-0.05859375,0.341796875,0.4296875
47856,-0.009765625,-0.029296875,0.234375,0.380859375
47857,-0.029296875,-0.009765625,0.302734375,0.4296875
47858,-0.029296875,-0.009765625,0.33203125,0.439453125
47859,0.01953125,-0.009765625,0.4296875,0.44921875
47860,-0.01953125,-0.009765625,0.302734375,0.33203125
47861,-0.029296875,-0.078125,0.322265625,0.322265625
47862,-0.05859375,-0.0390625,0.400390625,0.37109375
47863,0,-0.048828125,0.341796875,0.322265625
47864,-0.078125,-0.078125,0.3515625,0.37109375
47865,0,-0.01953125,0.380859375,0.37109375
47866,-0.01953125,-0.029296875,0.37109375,0.380859375
47867,-0.029296875,-0.05859375,0.361328125,0.458984375
47868,0.01953125,-0.029296875,0.3125,0.3515625
47869,-0.029296875,-0.0390625,0.3515625,0.37109375
47870,0,-0.048828125,0.29296875,0.3515625
47871,-0.029296875,-0.05859375,0.29296875,0.361328125
47872,-0.0390625,-0.185546875,0.380859375,0.322265625
47873,-0.01953125,-0.048828125,0.322265625,0.341796875
47874,0,-0.029296875,0.341796875,0.380859375
47875,-0.068359375,0.078125,0.390625,0.419921875
47876,0.048828125,-0.048828125,0.380859375,0.712890625
47877,-0.126953125,-0.078125,0.322265625,0.3515625
47878,0.029296875,0.146484375,0.2734375,0.4296875
47879,-0.048828125,-0.126953125,0.341796875,0.5078125
47880,-0.01953125,-0.078125,0.361328125,0.37109375
47881,-0.048828125,0.15625,0.341796875,0.3515625
47882,0.01953125,-0.048828125,0.390625,0.478515625
47883,-0.0390625,-0.009765625,0.3515625,0.3515625
47884,-0.078125,-0.107421875,0.64453125,0.341796875
47885,0.009765625,-0.126953125,0.380859375,0.33203125
47886,-0.029296875,-0.068359375,0.419921875,0.390625
47887,0.01953125,-0.078125,0.517578125,0.302734375
47888,-0.0390625,-0.01953125,0.33203125,0.205078125
47889,0.01953125,-0.048828125,0.3515625,0.37109375
47890,0.009765625,0.029296875,0.634765625,0.380859375
47891,0,0,0.33203125,0.3125
47892,-0.107421875,-0.029296875,0.33203125,0.37109375
47893,-0.029296875,0.01953125,0.283203125,0.400390625
47894,-0.029296875,-0.009765625,0.37109375,0.400390625
47895,-0.068359375,-0.0390625,0.380859375,0.380859375
47896,-0.009765625,0.029296875,0.1953125,0.3125
47897,-0.01953125,0,0.341796875,0.3515625
47898,0.0390625,-0.146484375,0.3125,0.380859375
47899,-0.078125,-0.185546875,0.4296875,0.400390625
47900,0.078125,-0.05859375,0.400390625,0.380859375
47901,0.087890625,-0.0390625,0.3515625,0.361328125
47902,-0.0390625,-0.17578125,0.478515625,0.390625
47903,0.009765625,-0.029296875,0.3515625,0.3125
47904,0.107421875,-0.05859375,0.419921875,0.3515625
47905,-0.01953125,0.09765625,0.41015625,0.3515625
47906,0.009765625,-0.087890625,0.341796875,0.41015625
47907,-0.078125,-0.048828125,0.302734375,0.400390625
47908,-0.009765625,0.087890625,0.185546875,0.341796875
47909,-0.009765625,-0.068359375,0.3515625,0.390625
47910,-0.078125,-0.05859375,0.4296875,0.41015625
47911,-0.029296875,0.087890625,0.234375,0.390625
47912,-0.05859375,-0.01953125,0.400390625,0.29296875
47913,-0.029296875,-0.048828125,0.361328125,0.390625
47914,-0.0390625,-0.09765625,0.29296875,0.41015625
47915,-0.029296875,-0.0390625,0.361328125,0.478515625
47916,0.05859375,-0.048828125,0.302734375,0.361328125
47917,-0.01953125,-0.107421875,0.244140625,0.41015625
47918,-0.0390625,-0.048828125,0.341796875,0.400390625
47919,-0.01953125,0.029296875,0.29296875,0.380859375
47920,-0.0390625,-0.029296875,0.37109375,0.341796875
47921,0.009765625,0,0.380859375,0.2734375
47922,-0.048828125,-0.01953125,0.3125,0.419921875
47923,-0.13671875,0.01953125,0.361328125,0.361328125
47924,-0.01953125,0.009765625,0.361328125,0.283203125
47925,0.0390625,-0.01953125,0.361328125,0.41015625
47926,-0.17578125,0.048828125,0.341796875,0.380859375
47927,-0.029296875,-0.068359375,0.302734375,0.29296875
47928,-0.009765625,-0.029296875,0.37109375,0.400390625
47929,-0.107421875,-0.01953125,0.29296875,0.361328125
47930,-0.01953125,-0.029296875,0.283203125,0.400390625
47931,-0.048828125,-0.048828125,0.46875,0.361328125
47932,0,-0.05859375,0.341796875,0.380859375
47933,-0.01953125,0.009765625,0.400390625,0.3515625
47934,-0.009765625,-0.0390625,0.37109375,0.41015625
47935,0.078125,-0.009765625,0.322265625,0.390625
47936,0.009765625,-0.009765625,0.3515625,0.380859375
47937,-0.0390625,-0.068359375,0.3125,0.341796875
47938,-0.205078125,0.029296875,0.33203125,0.380859375
47939,-0.048828125,0.05859375,0.380859375,0.41015625
47940,-0.05859375,-0.048828125,0.3125,0.341796875
47941,-0.146484375,-0.087890625,0.302734375,0.3125
47942,-0.068359375,0.0390625,0.390625,0.390625
47943,-0.048828125,-0.009765625,0.33203125,0.37109375
47944,-0.21484375,-0.068359375,0.400390625,0.37109375
47945,-0.009765625,-0.01953125,0.48828125,0.361328125
47946,0.01953125,-0.029296875,0.322265625,0.185546875
47947,-0.05859375,-0.0390625,0.341796875,0.3515625
47948,0.009765625,0.107421875,0.21484375,0.341796875
47949,0.01953125,0,0.390625,0.13671875
47950,-0.05859375,-0.078125,0.3515625,0.3125
47951,-0.0390625,-0.009765625,0.205078125,0.380859375
47952,-0.068359375,-0.0390625,0.380859375,0.25390625
47953,-0.078125,-0.078125,0.361328125,0.37109375
47954,-0.029296875,-0.087890625,0.3125,0.37109375
47955,-0.048828125,-0.068359375,0.380859375,0.546875
47956,0.05859375,0.068359375,0.361328125,0.37109375
47957,0.009765625,-0.078125,0.37109375,0.44921875
47958,0,-0.0390625,0.390625,0.5859375
47959,0.087890625,-0.068359375,0.341796875,0.400390625
47960,-0.05859375,-0.01953125,0.25390625,0.3125
47961,-0.048828125,-0.029296875,0.380859375,0.205078125
47962,0.05859375,-0.078125,0.400390625,0.439453125
47963,-0.029296875,-0.01953125,0.4296875,0.37109375
47964,0.0390625,-0.068359375,0.361328125,0.166015625
47965,-0.09765625,-0.009765625,0.322265625,0.390625
47966,-0.009765625,-0.029296875,0.400390625,0.37109375
47967,-0.0390625,-0.029296875,0.341796875,0.126953125
47968,-0.009765625,-0.009765625,0.3125,0.390625
47969,-0.068359375,0.01953125,0.263671875,0.33203125
47970,-0.01953125,0.009765625,0.361328125,0.517578125
47971,-0.048828125,-0.009765625,0.390625,0.380859375
47972,-0.029296875,-0.01953125,0.302734375,0.3515625
47973,-0.01953125,-0.009765625,0.33203125,0.5859375
47974,-0.009765625,-0.029296875,0.283203125,0.37109375
47975,0.01953125,-0.05859375,0.302734375,0.390625
47976,0.029296875,-0.029296875,0.361328125,0.322265625
47977,0.048828125,-0.068359375,0.37109375,0.37109375
47978,0.009765625,-0.0390625,0.341796875,0.46875
47979,-0.0390625,-0.05859375,0.341796875,0.283203125
47980,0.0390625,-0.0390625,0.400390625,0.3515625
47981,0.009765625,-0.029296875,0.29296875,0.341796875
47982,0,-0.068359375,0.341796875,0.29296875
47983,-0.048828125,-0.0390625,0.390625,0.3515625
47984,-0.107421875,-0.068359375,0.33203125,0.380859375
47985,0,-0.078125,0.302734375,0.4296875
47986,-0.05859375,-0.048828125,0.361328125,0.341796875
47987,0.029296875,0.009765625,0.3125,0.400390625
47988,0.01953125,-0.15625,0.33203125,0.380859375
47989,-0.009765625,-0.009765625,0.29296875,0.41015625
47990,-0.009765625,-0.01953125,0.3515625,0.341796875
47991,-0.0390625,-0.029296875,0.361328125,0.458984375
47992,0.009765625,-0.0390625,0.3515625,0.380859375
47993,-0.2734375,-0.01953125,0.224609375,0.361328125
47994,0.01953125,0,0.341796875,0.361328125
47995,-0.029296875,0.009765625,0.419921875,0.546875
47996,-0.29296875,0.107421875,0.29296875,0.41015625
47997,0.009765625,0.0390625,0.322265625,0.390625
47998,0.05859375,-0.01953125,0.390625,0.439453125
47999,-0.126953125,-0.068359375,0.3515625,0.400390625
48000,0,-0.078125,0.390625,0.390625
